7.63 52.14 20110409 055952 20110509 055952
30.88 57.76 20110509 064226 20110608 064226
12.1 65.66 20110118 113454 20110217 113454
35.78 69.84 20110210 051448 20110312 051448
5.31 56.71 20110420 091919 20110520 091919
23.99 69.92 20110330 112853 20110429 112853
17.95 69.95 20110526 084933 20110625 084933
29.38 54.77 20110103 140531 20110202 140531
34.18 57.58 20110114 184059 20110213 184059
36.35 65.87 20110310 041122 20110409 041122
15.77 64.55 20110104 150234 20110203 150234
33.7 68.79 20110519 185557 20110618 185557
34.01 55.04 20110125 013953 20110224 013953
7.87 58.69 20110531 220632 20110630 220632
16.11 59.07 20110310 165458 20110409 165458
26.05 59.44 20110325 142809 20110424 142809
27.17 52.66 20110426 215037 20110526 215037
3.95 51.52 20110223 203313 20110325 203313
23.82 64.43 20110226 003427 20110328 003427
21.71 55.84 20110107 025112 20110206 025112
11.41 65.52 20110327 212053 20110426 212053
21.68 61.83 20110119 222913 20110218 222913
27.93 55.36 20110110 164349 20110209 164349
31.08 66.14 20110108 095545 20110207 095545
2.1 68.4 20110126 114426 20110225 114426
18.03 57.05 20110120 060252 20110219 060252
5.28 65.86 20110215 121334 20110317 121334
30.56 60.77 20110219 055841 20110321 055841
21.09 61.98 20110306 063913 20110405 063913
5.59 68.79 20110320 030506 20110419 030506
15.13 61.67 20110202 220844 20110304 220844
19.57 56.14 20110421 030730 20110521 030730
3.21 60.78 20110412 090832 20110512 090832
19.63 58.34 20110303 232758 20110402 232758
24.94 58.54 20110402 095447 20110502 095447
23.29 52.3 20110107 162233 20110206 162233
36.02 63.7 20110421 000700 20110521 000700
21.75 57.1 20110127 150407 20110226 150407
6.71 63.17 20110121 171614 20110220 171614
21.89 64.32 20110524 013628 20110623 013628
35.06 68.26 20110516 094402 20110615 094402
2.71 51.18 20110124 065032 20110223 065032
35.22 54.41 20110310 001344 20110409 001344
35.78 60.48 20110128 014528 20110227 014528
15.06 53.85 20110113 075252 20110212 075252
22.48 51.01 20110326 143229 20110425 143229
5.97 52.7 20110513 054220 20110612 054220
15.47 66.16 20110204 063158 20110306 063158
22.03 53.71 20110408 105107 20110508 105107
21.42 56.03 20110508 074326 20110607 074326
12.28 68.05 20110323 131242 20110422 131242
19.15 54.7 20110105 140022 20110204 140022
2.49 58.56 20110312 203853 20110411 203853
31.34 51.86 20110217 030511 20110319 030511
18.07 57.5 20110531 173114 20110630 173114
9.33 63.34 20110506 112138 20110605 112138
27.39 60.26 20110306 034724 20110405 034724
24.07 61.11 20110326 181023 20110425 181023
10.55 66.84 20110203 194025 20110305 194025
3.95 68.84 20110318 155745 20110417 155745
18.61 63.32 20110430 103113 20110530 103113
27.69 52.91 20110120 041819 20110219 041819
4.42 63.57 20110506 065841 20110605 065841
30.84 59.2 20110109 033327 20110208 033327
21.59 66.82 20110510 221042 20110609 221042
2.5 68.64 20110426 060033 20110526 060033
22.55 57.31 20110514 223606 20110613 223606
21.78 60.24 20110207 212832 20110309 212832
34.1 66.17 20110502 221341 20110601 221341
2.31 56.78 20110519 232437 20110618 232437
32.33 61.48 20110129 182101 20110228 182101
33.39 61.72 20110420 050815 20110520 050815
33.1 54.68 20110122 200801 20110221 200801
10.35 66.24 20110509 204702 20110608 204702
20.43 57.23 20110129 223746 20110228 223746
32.64 68.74 20110405 032258 20110505 032258
20.26 61.71 20110514 143034 20110613 143034
22.82 52.05 20110301 221718 20110331 221718
20.94 52.7 20110516 090954 20110615 090954
33.46 56.64 20110506 175639 20110605 175639
26.84 68 20110515 024527 20110614 024527
33.88 61.78 20110112 024119 20110211 024119
27.31 65.83 20110302 034606 20110401 034606
22.98 57.34 20110522 075225 20110621 075225
22.31 60.77 20110425 053745 20110525 053745
6.9 68.45 20110528 160846 20110627 160846
2.73 58.1 20110504 163005 20110603 163005
4.7 61.2 20110201 145817 20110303 145817
31.96 57.04 20110501 061226 20110531 061226
17.29 52.86 20110416 225933 20110516 225933
27.37 67.12 20110128 194457 20110227 194457
9.21 69.55 20110204 201454 20110306 201454
9.75 58.44 20110103 101106 20110202 101106
17.39 54.21 20110530 033436 20110629 033436
29.39 67.61 20110208 104852 20110310 104852
36.04 67.54 20110527 000443 20110626 000443
22.63 59.08 20110205 232113 20110307 232113
10.03 61.56 20110422 073747 20110522 073747
5.05 51.22 20110519 032204 20110618 032204
28.32 53.81 20110104 123428 20110203 123428
32.2 56.41 20110504 024112 20110603 024112
16.84 59.15 20110120 211842 20110219 211842
22.91 51.63 20110306 234556 20110405 234556
18.14 63.23 20110427 171651 20110527 171651
12.45 64.93 20110215 191959 20110317 191959
24.88 58.96 20110413 182446 20110513 182446
7.91 52.75 20110502 051047 20110601 051047
16.6 61.91 20110526 162933 20110625 162933
6.78 61.92 20110517 105508 20110616 105508
18.84 68.78 20110529 033444 20110628 033444
2.31 64.81 20110223 143800 20110325 143800
27.58 59.72 20110124 102815 20110223 102815
18.52 62.45 20110424 073617 20110524 073617
8.19 59.96 20110506 235411 20110605 235411
29.43 52.34 20110319 131056 20110418 131056
6.35 59.53 20110428 023849 20110528 023849
4.78 55.11 20110406 075250 20110506 075250
16.29 58.65 20110416 162254 20110516 162254
32.78 69.73 20110121 223343 20110220 223343
10.35 64.41 20110328 043413 20110427 043413
19.06 69.19 20110316 101324 20110415 101324
3.27 56.2 20110311 095846 20110410 095846
24.25 59.63 20110326 140317 20110425 140317
6.6 57.87 20110115 072334 20110214 072334
25.72 61.24 20110110 132742 20110209 132742
5.22 64.01 20110303 051339 20110402 051339
20.88 64.06 20110124 222912 20110223 222912
9.89 57.69 20110108 131100 20110207 131100
6.31 68.3 20110203 033528 20110305 033528
22.56 59.33 20110125 035433 20110224 035433
7.64 59.94 20110304 063230 20110403 063230
5.12 68.9 20110408 164557 20110508 164557
22.68 53.67 20110415 210040 20110515 210040
35.66 65.36 20110305 195812 20110404 195812
15.37 53.6 20110402 042000 20110502 042000
3.73 69.67 20110524 120828 20110623 120828
29.84 53.5 20110329 212416 20110428 212416
13.13 66.08 20110422 045718 20110522 045718
25.59 57.24 20110309 052227 20110408 052227
31.17 67.44 20110222 222616 20110324 222616
15.62 53.54 20110414 114127 20110514 114127
11.39 51.36 20110206 204319 20110308 204319
20.38 60.59 20110123 004052 20110222 004052
36.97 66.15 20110308 005500 20110407 005500
8.44 51.03 20110327 062817 20110426 062817
24.53 67.83 20110201 170900 20110303 170900
13.66 66.54 20110226 141522 20110328 141522
12.14 56.38 20110125 131311 20110224 131311
6.81 59.49 20110523 043906 20110622 043906
30.62 69.27 20110513 215045 20110612 215045
19.3 68.36 20110404 150158 20110504 150158
25.28 64.43 20110330 024716 20110429 024716
10.53 68.88 20110403 122116 20110503 122116
25.61 59.82 20110407 211810 20110507 211810
20.5 53.28 20110224 003801 20110326 003801
8.66 51.49 20110413 123016 20110513 123016
5.24 58.01 20110303 201743 20110402 201743
33.91 62.62 20110530 022451 20110629 022451
35.91 59.98 20110511 214750 20110610 214750
22.31 60.41 20110409 074000 20110509 074000
18.5 68.95 20110412 210203 20110512 210203
6.84 58.1 20110322 003959 20110421 003959
25.49 60.98 20110419 123751 20110519 123751
5.72 51.92 20110124 144401 20110223 144401
23.34 62.44 20110318 090649 20110417 090649
15.45 65.54 20110514 211744 20110613 211744
11.74 62.04 20110314 210934 20110413 210934
29.1 66.6 20110318 080358 20110417 080358
10.47 62.15 20110331 080913 20110430 080913
8.26 62.49 20110205 094001 20110307 094001
26.9 68.39 20110517 051637 20110616 051637
36.68 67.48 20110218 204328 20110320 204328
25.88 65.96 20110304 013807 20110403 013807
36.35 59.34 20110129 224200 20110228 224200
30.95 66.28 20110523 143830 20110622 143830
25.72 62.38 20110126 042321 20110225 042321
20.49 66.72 20110214 015841 20110316 015841
15.43 58.02 20110518 191536 20110617 191536
22.41 55.01 20110105 111250 20110204 111250
11.29 55.3 20110413 085631 20110513 085631
20.01 53.66 20110328 211421 20110427 211421
14.47 53.05 20110227 030729 20110329 030729
4.73 55.27 20110201 001222 20110303 001222
36.1 54.25 20110524 071313 20110623 071313
32.54 52.72 20110413 064629 20110513 064629
10.66 58.48 20110115 163525 20110214 163525
2.54 52.6 20110326 034333 20110425 034333
4.62 65.71 20110127 023839 20110226 023839
34.92 69.38 20110203 194600 20110305 194600
23.24 59.37 20110302 212910 20110401 212910
19.73 57.67 20110409 132636 20110509 132636
31.97 58.93 20110130 133908 20110301 133908
20.74 64.98 20110217 222056 20110319 222056
26.35 58.68 20110129 034406 20110228 034406
12.89 64 20110216 221141 20110318 221141
20.74 62.68 20110205 132750 20110307 132750
2.14 63.43 20110413 224537 20110513 224537
35.6 61.18 20110525 060822 20110624 060822
8.56 63.66 20110226 002718 20110328 002718
35.44 61.71 20110512 093751 20110611 093751
20.62 52.1 20110408 204246 20110508 204246
17.69 65.9 20110301 043919 20110331 043919
12.86 63.85 20110520 192843 20110619 192843
28.26 54.57 20110407 220158 20110507 220158
13.32 66.54 20110321 224530 20110420 224530
14.77 67.75 20110212 190827 20110314 190827
13.42 57.2 20110111 220749 20110210 220749
24.38 52.75 20110521 024043 20110620 024043
33.39 63.86 20110305 051318 20110404 051318
8.51 67.86 20110330 104815 20110429 104815
8.06 52.28 20110321 052828 20110420 052828
5.18 61.88 20110201 091035 20110303 091035
31.65 62.86 20110209 102436 20110311 102436
20.21 65.44 20110219 120038 20110321 120038
6.3 58.77 20110115 135956 20110214 135956
11.13 62.08 20110512 194714 20110611 194714
20.68 64.37 20110127 125411 20110226 125411
35.08 52.69 20110330 215541 20110429 215541
29.41 65.36 20110204 051123 20110306 051123
3.55 61.71 20110203 204430 20110305 204430
33.33 68.59 20110301 132732 20110331 132732
33.8 64.29 20110511 031853 20110610 031853
16.46 66.31 20110227 151313 20110329 151313
22.45 55.92 20110403 182429 20110503 182429
8.69 67.27 20110105 134021 20110204 134021
32.39 69.89 20110203 103905 20110305 103905
36.81 52.33 20110428 114922 20110528 114922
17.4 55.06 20110405 105155 20110505 105155
12.28 63.64 20110503 004012 20110602 004012
22.52 65.26 20110307 052400 20110406 052400
21.21 59.75 20110321 182201 20110420 182201
28.73 63.87 20110417 052950 20110517 052950
10.49 58.33 20110105 224908 20110204 224908
6.71 63.97 20110316 203803 20110415 203803
5.61 58.15 20110414 221628 20110514 221628
23.91 69.42 20110510 045051 20110609 045051
12.87 58.98 20110502 180745 20110601 180745
6.35 51.36 20110310 021340 20110409 021340
14.01 67.77 20110124 064838 20110223 064838
22.17 62.84 20110407 121534 20110507 121534
14.93 64.72 20110515 062921 20110614 062921
2.67 68.36 20110106 001423 20110205 001423
26.43 59.51 20110502 025940 20110601 025940
4.03 57.6 20110131 034934 20110302 034934
10.92 67.59 20110206 082257 20110308 082257
33.47 57.21 20110426 171423 20110526 171423
18.06 66.96 20110127 082227 20110226 082227
26.65 61.91 20110119 180906 20110218 180906
9.33 52.31 20110429 043741 20110529 043741
7.21 56.72 20110331 085538 20110430 085538
17.92 51.66 20110330 031810 20110429 031810
14.77 68.66 20110324 050743 20110423 050743
6.6 63.14 20110507 142252 20110606 142252
26.46 61.59 20110423 065708 20110523 065708
10.63 67.57 20110417 162621 20110517 162621
31.92 51.53 20110112 020813 20110211 020813
28.97 62.26 20110507 170943 20110606 170943
20.89 58.15 20110323 001331 20110422 001331
36.95 67.45 20110327 180356 20110426 180356
18.16 64.88 20110405 070318 20110505 070318
36.3 54.8 20110316 215453 20110415 215453
11.66 66.78 20110501 171825 20110531 171825
30.2 61.65 20110212 032919 20110314 032919
34.03 65.17 20110111 171158 20110210 171158
18.41 66.42 20110317 184710 20110416 184710
14.71 52.7 20110429 062207 20110529 062207
14.09 53.26 20110513 011936 20110612 011936
5.87 55.13 20110324 170759 20110423 170759
8.77 57.4 20110112 050540 20110211 050540
14.63 58.02 20110308 192452 20110407 192452
3.83 56.3 20110201 184815 20110303 184815
35.84 53.06 20110522 060709 20110621 060709
32.21 63.57 20110506 224729 20110605 224729
3.67 68.91 20110522 195626 20110621 195626
36.67 53.98 20110111 060543 20110210 060543
11.22 65.86 20110423 024823 20110523 024823
36.03 67.12 20110523 234425 20110622 234425
3.8 63.89 20110205 214938 20110307 214938
29.38 52.27 20110415 022709 20110515 022709
25.86 52.02 20110324 231503 20110423 231503
17.12 55.91 20110517 164624 20110616 164624
20.6 65.04 20110329 212051 20110428 212051
23.2 68.24 20110405 234254 20110505 234254
24.65 55.51 20110201 210442 20110303 210442
36.13 54.14 20110406 092414 20110506 092414
5.94 58.88 20110325 181231 20110424 181231
23.24 57.8 20110118 122140 20110217 122140
16.72 66.36 20110127 155317 20110226 155317
21.13 57.81 20110216 031346 20110318 031346
34.01 56.67 20110506 230942 20110605 230942
4.75 67.72 20110406 045409 20110506 045409
27.65 59.33 20110207 171336 20110309 171336
31.23 66.73 20110319 184309 20110418 184309
32.2 59.32 20110222 101704 20110324 101704
32.1 64.97 20110524 102548 20110623 102548
13.89 51.98 20110404 210509 20110504 210509
14.99 55.94 20110526 021817 20110625 021817
5.16 55.12 20110412 010918 20110512 010918
28.89 58.71 20110514 125609 20110613 125609
30.95 68.6 20110218 145349 20110320 145349
27.91 51.71 20110417 043204 20110517 043204
23.54 55.92 20110228 042835 20110330 042835
17.34 62.84 20110302 223407 20110401 223407
36.12 56.59 20110211 055145 20110313 055145
29.99 52.69 20110128 095747 20110227 095747
13.94 58.16 20110311 010102 20110410 010102
16.81 54.09 20110512 055745 20110611 055745
31.29 69.56 20110307 132329 20110406 132329
20.42 68.72 20110529 162057 20110628 162057
14.35 65.39 20110507 023011 20110606 023011
20.72 57.33 20110516 142620 20110615 142620
32.38 69.41 20110524 180202 20110623 180202
29.54 60.93 20110427 094829 20110527 094829
26.64 52.33 20110527 165000 20110626 165000
24.94 66.02 20110427 103856 20110527 103856
13.54 52.29 20110115 221054 20110214 221054
32.32 67.09 20110224 181210 20110326 181210
35.59 60.63 20110301 120800 20110331 120800
29.26 62.82 20110120 121548 20110219 121548
15.79 68.98 20110106 135803 20110205 135803
11.53 58.9 20110505 190354 20110604 190354
6.63 56.9 20110207 195213 20110309 195213
5.63 57.47 20110530 135936 20110629 135936
30.6 56.58 20110131 100936 20110302 100936
17.1 51.05 20110518 155217 20110617 155217
27.95 59.45 20110319 235016 20110418 235016
11 67.07 20110301 024217 20110331 024217
31.31 65.95 20110529 113626 20110628 113626
25.51 67.98 20110115 061959 20110214 061959
35.85 56.27 20110211 165814 20110313 165814
27.75 54.18 20110329 161833 20110428 161833
35.24 54.92 20110223 215322 20110325 215322
11.32 63.15 20110411 091646 20110511 091646
34.29 62.58 20110319 220645 20110418 220645
34.34 56.69 20110524 063240 20110623 063240
26.27 65.71 20110426 051637 20110526 051637
14.69 67.6 20110331 065904 20110430 065904
33.52 63.67 20110322 130723 20110421 130723
10.28 53.85 20110305 120222 20110404 120222
18.58 56.85 20110406 192122 20110506 192122
33.4 62.64 20110423 200253 20110523 200253
16.21 65.97 20110209 005928 20110311 005928
27.45 53.4 20110326 051703 20110425 051703
24.68 52.38 20110324 054804 20110423 054804
9.51 65.12 20110421 142810 20110521 142810
2.12 55.17 20110407 043325 20110507 043325
36.7 53.22 20110502 093240 20110601 093240
4.67 61.59 20110112 034242 20110211 034242
32.15 59.64 20110420 232146 20110520 232146
9.64 54.86 20110223 153448 20110325 153448
6.34 68.93 20110401 073633 20110501 073633
16.67 58.9 20110201 124631 20110303 124631
34.65 54.8 20110511 062951 20110610 062951
25.82 59.84 20110418 010543 20110518 010543
34.24 66.68 20110311 202808 20110410 202808
35.84 57.12 20110312 090514 20110411 090514
24.66 69.97 20110530 002541 20110629 002541
