-97.04 38.86 20130221 041300 20130323 041300
-81.24 37.37 20130518 093049 20130617 093049
-105.08 48.57 20130306 001624 20130405 001624
-92.99 41.34 20130303 091828 20130402 091828
-103.56 50.21 20130120 053512 20130219 053512
-78.5 50.18 20130523 110307 20130622 110307
-94.52 37.88 20130225 041658 20130327 041658
-93.33 53.31 20130226 205334 20130328 205334
-110.63 54.57 20130307 162538 20130406 162538
-106.24 43.7 20130412 024010 20130512 024010
-105.33 43.23 20130201 143929 20130303 143929
-103.29 47.06 20130304 213334 20130403 213334
-90.84 39.58 20130118 075858 20130217 075858
-80.53 51.11 20130317 215238 20130416 215238
-106.34 42.18 20130305 185414 20130404 185414
-82.96 50.73 20130516 172112 20130615 172112
-95.98 39.19 20130326 200640 20130425 200640
-97.89 51.72 20130228 230409 20130330 230409
-87.1 36.56 20130216 011333 20130318 011333
-85.62 37.89 20130122 224439 20130221 224439
-81.45 43.56 20130304 005705 20130403 005705
-77.78 48.49 20130201 011334 20130303 011334
-85.66 49.02 20130519 132925 20130618 132925
-90.23 45.22 20130211 182555 20130313 182555
-101.83 50.96 20130414 062725 20130514 062725
-102.7 38.75 20130111 114550 20130210 114550
-85.66 48.17 20130207 145039 20130309 145039
-107.4 41.19 20130301 022250 20130331 022250
-108.08 48.09 20130510 033156 20130609 033156
-97.82 51.49 20130410 100312 20130510 100312
-85.71 47.41 20130509 194607 20130608 194607
-102.26 53.35 20130430 103341 20130530 103341
-103.37 47.53 20130518 010801 20130617 010801
-88.85 47.03 20130222 101012 20130324 101012
-105.06 54.78 20130430 211807 20130530 211807
-83.32 36.39 20130226 205356 20130328 205356
-97.86 44.2 20130126 100550 20130225 100550
-98.13 40.22 20130409 084744 20130509 084744
-98.45 48.65 20130223 191147 20130325 191147
-93.91 48.02 20130521 134347 20130620 134347
-83.82 43.07 20130319 141415 20130418 141415
-83.99 43.15 20130204 001837 20130306 001837
-82.09 41.38 20130122 194750 20130221 194750
-104.19 35.58 20130414 174830 20130514 174830
-86.99 46.43 20130416 070809 20130516 070809
-100.64 43.81 20130213 055007 20130315 055007
-103.15 46.87 20130113 203825 20130212 203825
-91.59 46.82 20130219 134057 20130321 134057
-102.37 40.1 20130206 075845 20130308 075845
-107.86 39.73 20130123 091414 20130222 091414
-78.91 52.07 20130327 230552 20130426 230552
-78.11 40.75 20130510 170718 20130609 170718
-83.6 53.78 20130526 172541 20130625 172541
-95.19 43.14 20130221 093437 20130323 093437
-103.38 38.38 20130504 235459 20130603 235459
-97.06 42.57 20130320 225017 20130419 225017
-91.95 49.57 20130403 143117 20130503 143117
-87.75 40.88 20130523 063813 20130622 063813
-107.33 46.87 20130303 023830 20130402 023830
-103.36 49.67 20130110 135518 20130209 135518
-105.31 41.97 20130422 095337 20130522 095337
-83.6 43.76 20130523 201601 20130622 201601
-88.89 49.12 20130228 093242 20130330 093242
-93.08 49.05 20130403 081800 20130503 081800
-83.18 35.9 20130124 020854 20130223 020854
-95.82 49.04 20130429 081300 20130529 081300
-104.86 50.56 20130208 050248 20130310 050248
-92.65 49.99 20130313 171308 20130412 171308
-99.63 49.25 20130317 040745 20130416 040745
-96.78 48.23 20130123 141902 20130222 141902
-93.81 37.31 20130417 041546 20130517 041546
-85.52 41.67 20130523 101246 20130622 101246
-76.84 37.35 20130121 024752 20130220 024752
-102.39 46.16 20130408 175306 20130508 175306
-91.67 45.14 20130106 121445 20130205 121445
-96.32 44.82 20130530 143350 20130629 143350
-91.74 52.1 20130304 031302 20130403 031302
-89.84 53.1 20130513 071023 20130612 071023
-82.12 41.22 20130308 010434 20130407 010434
-78.02 52.16 20130104 042710 20130203 042710
-97.71 36.62 20130116 124201 20130215 124201
-78.95 52.97 20130419 074110 20130519 074110
-76.12 43.82 20130315 105925 20130414 105925
-86.03 44.87 20130331 184019 20130430 184019
-106.6 48.65 20130501 174217 20130531 174217
-99 38.35 20130217 093555 20130319 093555
-97.25 41.49 20130403 205324 20130503 205324
-104.28 39.94 20130504 215845 20130603 215845
-101.15 46.59 20130401 234424 20130501 234424
-77.25 54.33 20130327 083825 20130426 083825
-90.93 53.95 20130112 011444 20130211 011444
-92.78 41.19 20130527 170533 20130626 170533
-79.65 41.89 20130307 125025 20130406 125025
-95.56 44.3 20130105 054628 20130204 054628
-81.9 48.75 20130311 052957 20130410 052957
-81.35 53.53 20130510 165632 20130609 165632
-80.73 48.82 20130417 170054 20130517 170054
-93.15 48.64 20130412 071205 20130512 071205
-80.75 51.85 20130408 152215 20130508 152215
-83.71 49.38 20130221 003947 20130323 003947
-94.6 40.68 20130219 111752 20130321 111752
-110.06 52.71 20130416 024158 20130516 024158
-96.82 37.88 20130119 210238 20130218 210238
-84.27 47.15 20130131 175654 20130302 175654
-90.07 50.65 20130224 110819 20130326 110819
-86.65 43.71 20130125 020044 20130224 020044
-86.15 42.41 20130514 111107 20130613 111107
-105.45 39.85 20130526 151118 20130625 151118
-84.66 49.5 20130221 091913 20130323 091913
-84.21 48.07 20130220 081451 20130322 081451
-94.51 41.44 20130512 122236 20130611 122236
-77.44 44.01 20130207 012750 20130309 012750
-95.35 44.45 20130424 181714 20130524 181714
-98.32 51.74 20130320 080127 20130419 080127
-93.7 43.42 20130409 104645 20130509 104645
-76.43 48.44 20130129 080106 20130228 080106
-78.93 50.48 20130330 181813 20130429 181813
-84.92 36.4 20130429 020306 20130529 020306
-96.58 46.96 20130226 171046 20130328 171046
-107.43 52.33 20130110 104257 20130209 104257
-77.25 48.17 20130410 003655 20130510 003655
-94.79 52.67 20130114 152001 20130213 152001
-88.09 52.24 20130118 184340 20130217 184340
-100.63 54.81 20130305 093611 20130404 093611
-103.04 40.57 20130330 223348 20130429 223348
-82.7 36.25 20130125 160156 20130224 160156
-86.7 46.87 20130407 154615 20130507 154615
-105.01 36.6 20130125 143552 20130224 143552
-93.17 51.3 20130417 105251 20130517 105251
-108.51 44.21 20130402 044006 20130502 044006
-87.67 51.96 20130514 095220 20130613 095220
-90.27 35.43 20130209 095713 20130311 095713
-107.07 35.3 20130121 143641 20130220 143641
-91.09 38.32 20130223 085954 20130325 085954
-97.87 51.99 20130414 002056 20130514 002056
-78.76 48.42 20130125 071330 20130224 071330
-92.46 50.13 20130405 114643 20130505 114643
-97.43 36.03 20130215 041119 20130317 041119
-106.71 44.95 20130529 211520 20130628 211520
-84.23 41.02 20130310 054357 20130409 054357
-79.5 42.24 20130420 013127 20130520 013127
-104.87 37.79 20130427 235829 20130527 235829
-95.5 50.81 20130302 123318 20130401 123318
-80.67 46.34 20130120 182211 20130219 182211
-90.14 37.38 20130118 011413 20130217 011413
-79.81 43.51 20130214 072705 20130316 072705
-95.54 43.86 20130402 050521 20130502 050521
-95.05 43.87 20130529 051746 20130628 051746
-80.26 35.38 20130111 103125 20130210 103125
-105.49 43.16 20130312 150752 20130411 150752
-82.35 48.35 20130113 223322 20130212 223322
-87.4 52.26 20130221 031301 20130323 031301
-90.49 50.35 20130111 185715 20130210 185715
-103.64 35.94 20130320 060806 20130419 060806
-77.43 41.33 20130429 170315 20130529 170315
-91.36 48.97 20130214 031253 20130316 031253
-104.57 45.48 20130111 094618 20130210 094618
-76.01 53.89 20130207 222400 20130309 222400
-79.16 53.74 20130501 044608 20130531 044608
-90.2 50.87 20130130 142855 20130301 142855
-96.59 41.36 20130515 052131 20130614 052131
-81.27 37.44 20130117 035444 20130216 035444
-109.64 38.04 20130507 045425 20130606 045425
-77.01 41.5 20130402 214423 20130502 214423
-93.84 51.83 20130302 053159 20130401 053159
-76.2 48.65 20130525 125611 20130624 125611
-82 37.24 20130209 051519 20130311 051519
-94.79 46.91 20130108 155151 20130207 155151
-80.67 36.03 20130425 212204 20130525 212204
-80.93 50.09 20130530 215352 20130629 215352
-110.87 47.46 20130401 032121 20130501 032121
-84.19 42.14 20130117 025521 20130216 025521
-110.48 44.01 20130413 035848 20130513 035848
-87.26 40.58 20130527 154817 20130626 154817
-91.53 37.56 20130402 114948 20130502 114948
-105.79 44.58 20130107 074617 20130206 074617
-92.29 39.8 20130328 154210 20130427 154210
-108.43 51.26 20130406 122439 20130506 122439
-94.08 46.48 20130531 110203 20130630 110203
-87.54 47.14 20130425 185008 20130525 185008
-80.47 40.47 20130220 213742 20130322 213742
-100.12 37.8 20130418 012327 20130518 012327
-108.56 35.57 20130406 154300 20130506 154300
-97.51 36.13 20130124 023635 20130223 023635
-92.48 44.5 20130127 105547 20130226 105547
-88.57 47.41 20130312 085513 20130411 085513
-110.97 38.26 20130426 125628 20130526 125628
-87.57 41.98 20130529 133824 20130628 133824
-102.9 37.15 20130226 050205 20130328 050205
-84.25 41.31 20130122 002447 20130221 002447
-104.33 39.9 20130315 010940 20130414 010940
-96.97 42.87 20130303 060014 20130402 060014
-92.91 51.77 20130122 234232 20130221 234232
-77.6 51.34 20130421 034633 20130521 034633
-99.04 53.7 20130206 072808 20130308 072808
-88.07 40.77 20130227 033858 20130329 033858
-94.1 36.17 20130214 073425 20130316 073425
-82.84 36.77 20130130 180825 20130301 180825
-83.15 44.65 20130310 143708 20130409 143708
-87.47 51.21 20130309 204506 20130408 204506
-109.46 48.76 20130504 054707 20130603 054707
-100.12 36.49 20130522 162013 20130621 162013
-80.85 39.27 20130317 070704 20130416 070704
-79.56 40.42 20130203 135355 20130305 135355
-109.74 39.8 20130512 001909 20130611 001909
-86.57 54.23 20130114 202036 20130213 202036
-108.07 50.01 20130322 054534 20130421 054534
-91.82 44.04 20130220 165934 20130322 165934
-78.65 48.47 20130121 224330 20130220 224330
-93.64 47.6 20130314 204352 20130413 204352
-110.97 38.71 20130408 063058 20130508 063058
-79.28 48.87 20130225 075055 20130327 075055
-103.9 39.52 20130414 044458 20130514 044458
-80.16 42 20130407 075039 20130507 075039
-100.42 48.75 20130403 150758 20130503 150758
-99.03 48.66 20130427 110738 20130527 110738
-99.95 50.37 20130405 102112 20130505 102112
-94.46 47.93 20130112 052413 20130211 052413
-110.47 39.94 20130220 144044 20130322 144044
-96 51.66 20130521 092444 20130620 092444
-86.28 43.94 20130425 055621 20130525 055621
-81.32 51.1 20130531 005801 20130630 005801
-87.02 35.99 20130428 161909 20130528 161909
-89.62 40.96 20130223 145101 20130325 145101
-109.29 36.95 20130115 084809 20130214 084809
-80.71 39.57 20130529 234300 20130628 234300
-110.09 49.21 20130525 094659 20130624 094659
-82.88 36.81 20130507 074549 20130606 074549
-99.45 51.68 20130105 121954 20130204 121954
-86.54 41.55 20130506 040207 20130605 040207
-91.75 45.6 20130502 093853 20130601 093853
-98.54 51.21 20130507 191502 20130606 191502
-91.58 50.74 20130429 160127 20130529 160127
-103.45 36.24 20130321 184021 20130420 184021
-96.71 51.68 20130303 103105 20130402 103105
-88.27 42.94 20130226 073731 20130328 073731
-102.48 53.37 20130525 013720 20130624 013720
-77.96 50.4 20130401 065343 20130501 065343
-96.07 40.07 20130531 144108 20130630 144108
-95.08 51.96 20130409 125552 20130509 125552
-77.64 43.1 20130213 083148 20130315 083148
-92.77 51.13 20130216 064327 20130318 064327
-84.19 37.59 20130508 103655 20130607 103655
-106.84 42.02 20130407 223916 20130507 223916
-78.29 44.86 20130422 153618 20130522 153618
-109.23 39.56 20130427 201130 20130527 201130
-97.53 37.09 20130118 122735 20130217 122735
-98.93 39.84 20130413 130016 20130513 130016
-97.36 39.75 20130301 170157 20130331 170157
-98.49 46.37 20130502 071831 20130601 071831
-84.88 49.13 20130519 165734 20130618 165734
-110.64 49.51 20130518 162704 20130617 162704
-91.89 45.84 20130227 163535 20130329 163535
-107.62 36.56 20130531 102103 20130630 102103
-95.26 44.5 20130323 174402 20130422 174402
-84.41 36.86 20130421 173047 20130521 173047
-109.76 53.49 20130405 055902 20130505 055902
-89.01 43.56 20130525 005617 20130624 005617
-99.79 36.55 20130316 010845 20130415 010845
-82.25 47.79 20130107 025519 20130206 025519
-97.17 38.7 20130501 045459 20130531 045459
-86.87 37.05 20130505 121129 20130604 121129
-88.6 50.54 20130403 143449 20130503 143449
-101.4 37.13 20130530 171930 20130629 171930
-99.3 38.15 20130226 223450 20130328 223450
-91.27 54.94 20130126 225806 20130225 225806
-76.31 38.23 20130321 133917 20130420 133917
-102.3 49.32 20130114 185903 20130213 185903
-110.94 49.61 20130324 061322 20130423 061322
-107.28 41.98 20130421 185836 20130521 185836
-87.93 47.05 20130430 080543 20130530 080543
-106.84 39.77 20130531 225032 20130630 225032
-97.66 47.04 20130508 023857 20130607 023857
-97.76 47.39 20130327 150945 20130426 150945
-107.79 49.42 20130514 180916 20130613 180916
-80.59 50.55 20130308 062904 20130407 062904
-88.49 48.53 20130425 134251 20130525 134251
-76.44 41.75 20130325 104941 20130424 104941
-91.86 35.71 20130504 140931 20130603 140931
-76.76 48.13 20130116 072307 20130215 072307
-91.68 51.82 20130302 185824 20130401 185824
-79.44 46.52 20130325 141536 20130424 141536
-79.69 37.68 20130304 024319 20130403 024319
-100.07 49.68 20130422 014000 20130522 014000
-96.41 41.91 20130408 202649 20130508 202649
-86.14 52.11 20130530 080135 20130629 080135
-93.45 46.68 20130415 144905 20130515 144905
-86.88 48.49 20130208 113200 20130310 113200
-106.89 38.51 20130323 073347 20130422 073347
-92.6 42.46 20130206 041227 20130308 041227
-104.97 49.74 20130323 183759 20130422 183759
-92.17 53.5 20130228 203345 20130330 203345
-85.09 53.38 20130428 215943 20130528 215943
-89.97 35.29 20130124 195630 20130223 195630
-96.71 49.05 20130216 171530 20130318 171530
-105.74 44.82 20130210 130201 20130312 130201
-107.34 53.29 20130221 190159 20130323 190159
-87.04 36.45 20130218 180552 20130320 180552
-84.89 36.56 20130528 211928 20130627 211928
-96.44 52.97 20130318 094340 20130417 094340
-110.07 51.98 20130309 222656 20130408 222656
-95.32 54.64 20130302 091231 20130401 091231
-97.18 45.59 20130416 231906 20130516 231906
-78.84 49.49 20130202 135436 20130304 135436
-85.96 41.08 20130528 102008 20130627 102008
-76.47 49.51 20130111 192909 20130210 192909
-99.74 43.51 20130505 040001 20130604 040001
-91.31 44.61 20130516 124646 20130615 124646
-102.5 36.83 20130203 012008 20130305 012008
-98.35 54.49 20130207 222244 20130309 222244
-87.65 38.75 20130213 185140 20130315 185140
-100.71 40.01 20130427 184246 20130527 184246
-80.05 45.25 20130401 120617 20130501 120617
-94.49 44.06 20130317 011823 20130416 011823
-79.06 35.06 20130419 000818 20130519 000818
-110.83 47.34 20130215 025329 20130317 025329
-92.48 53.44 20130203 230013 20130305 230013
-98.49 40.86 20130107 024236 20130206 024236
-87 43.88 20130514 200529 20130613 200529
-82.3 52.66 20130406 225645 20130506 225645
-97.46 40.05 20130531 134323 20130630 134323
-78.94 46.6 20130504 211311 20130603 211311
-90.54 47.05 20130121 204355 20130220 204355
-90.67 54.62 20130410 143158 20130510 143158
-83.68 36.06 20130422 093057 20130522 093057
-78.27 41.16 20130428 085639 20130528 085639
-77.25 45.27 20130518 163106 20130617 163106
-86.09 40.28 20130221 064949 20130323 064949
-85.34 40.18 20130319 111917 20130418 111917
-91.09 45.87 20130316 055230 20130415 055230
-96.25 35.18 20130508 185140 20130607 185140
-97.4 46.48 20130103 141715 20130202 141715
-77.76 44.52 20130403 120151 20130503 120151
-90.5 39.29 20130531 033926 20130630 033926
-106.5 36.18 20130226 234805 20130328 234805
-80.72 50.29 20130307 130939 20130406 130939
-105.05 38.64 20130401 112014 20130501 112014
-79.68 51.95 20130518 212309 20130617 212309
-88.3 40.48 20130530 080753 20130629 080753
-100.18 39.68 20130501 185210 20130531 185210
-83.51 53.42 20130120 074750 20130219 074750
-91.17 40.66 20130325 032131 20130424 032131
-105.92 53.38 20130421 013357 20130521 013357
-99.32 48.17 20130312 215208 20130411 215208
-99.79 35.77 20130304 125259 20130403 125259
-104.98 48.69 20130508 001440 20130607 001440
-99.4 40.78 20130202 023330 20130304 023330
-110.58 50.99 20130105 150844 20130204 150844
-78.51 52.75 20130513 043658 20130612 043658
-99.56 54.65 20130419 015858 20130519 015858
-99.62 40.19 20130108 210844 20130207 210844
-107.85 53.73 20130118 213303 20130217 213303
-82.1 53.36 20130302 223105 20130401 223105
-97.93 46.51 20130106 143145 20130205 143145
-88.69 38.43 20130117 183111 20130216 183111
-85.38 53.13 20130425 175126 20130525 175126
-86.01 37.27 20130426 075843 20130526 075843
