23.64 52.94 20140908 214617 20141008 214617
0.04 47.15 20140821 224611 20140920 224611
20.64 42.96 20141020 023442 20141119 023442
10.76 55.97 20141029 045153 20141128 045153
7.82 50.71 20140921 152818 20141021 152818
16.03 52.73 20140913 030523 20141013 030523
-8.3 53.83 20141119 192855 20141219 192855
3.06 50.15 20140818 204624 20140917 204624
14.82 54.41 20140908 111306 20141008 111306
11.55 55.15 20140805 192001 20140904 192001
-8.56 51.89 20141101 180637 20141201 180637
-2.24 57.92 20141108 100046 20141208 100046
1.76 54.3 20141123 220652 20141223 220652
1.4 58.58 20140919 015721 20141019 015721
24.47 46.09 20140929 073447 20141029 073447
22.55 53.02 20140928 060007 20141028 060007
18.25 44.61 20140903 113427 20141003 113427
17.17 55.19 20141029 050115 20141128 050115
-7.5 56.44 20141118 224054 20141218 224054
17.53 51.45 20140925 090359 20141025 090359
4.98 54.31 20140815 071041 20140914 071041
-0.02 53.19 20140912 093549 20141012 093549
15.43 43.23 20140815 131127 20140914 131127
-2.02 51.86 20140920 013027 20141020 013027
-2.11 42.89 20140927 231216 20141027 231216
-3.52 59.27 20141128 120440 20141228 120440
3.71 53.68 20141012 223343 20141111 223343
5.18 52.48 20140804 194006 20140903 194006
1.08 46.73 20141028 191800 20141127 191800
15.04 51.4 20140815 084204 20140914 084204
0.74 55.97 20140824 203218 20140923 203218
21.66 59.16 20140909 065911 20141009 065911
13.9 50.18 20140814 064826 20140913 064826
-7 41.28 20140820 000155 20140919 000155
6.68 55.02 20141001 073411 20141031 073411
3.17 48.55 20141111 140342 20141211 140342
18.64 57.11 20140808 035653 20140907 035653
-3.65 48.65 20140806 201928 20140905 201928
21.63 49.85 20141102 090621 20141202 090621
15.15 55.46 20141016 165848 20141115 165848
8.75 54.61 20140824 073105 20140923 073105
-1.2 44.71 20140914 100851 20141014 100851
1.67 47.01 20140825 000533 20140924 000533
-5.01 43.74 20140825 093546 20140924 093546
-6.84 48.07 20141111 055710 20141211 055710
18.16 45.01 20141108 102046 20141208 102046
-5.36 45.48 20140926 001901 20141026 001901
-4.29 41.72 20141126 094637 20141226 094637
6.5 52.71 20140908 084456 20141008 084456
14.56 47.84 20141107 103829 20141207 103829
13.5 59.49 20141114 154336 20141214 154336
24.58 56.14 20141022 092235 20141121 092235
2.54 42.42 20141005 215930 20141104 215930
16.31 57.18 20140808 182339 20140907 182339
-8.5 43.89 20141116 193549 20141216 193549
21.27 49.92 20141108 031747 20141208 031747
20.65 58.16 20140914 085902 20141014 085902
21.23 56.4 20141024 081404 20141123 081404
24.76 41.92 20141017 101454 20141116 101454
20.33 53.03 20140809 131556 20140908 131556
1.75 48.21 20140822 100949 20140921 100949
16.73 42.3 20141104 194710 20141204 194710
9.77 43.38 20141126 212004 20141226 212004
4.72 58.51 20140831 060544 20140930 060544
12.26 45.65 20140922 011411 20141022 011411
-7.58 41.97 20141021 011059 20141120 011059
22.76 56.29 20140914 185546 20141014 185546
15.12 53.56 20140903 212033 20141003 212033
11.8 57.33 20140824 071711 20140923 071711
20.7 57.56 20141129 163324 20141229 163324
-3.11 53.73 20141124 095314 20141224 095314
-0.83 41.34 20141004 214138 20141103 214138
-3.46 49.69 20140929 234139 20141029 234139
-4.6 55.71 20141101 150404 20141201 150404
12.52 51.74 20140810 103354 20140909 103354
-3.74 50.67 20140815 175047 20140914 175047
13.55 49.37 20141119 064626 20141219 064626
14.58 57.68 20140814 105630 20140913 105630
9.91 51.48 20141119 103853 20141219 103853
11.56 59.25 20140903 235922 20141003 235922
-2.22 44.13 20141127 162428 20141227 162428
4.87 54.86 20141111 010523 20141211 010523
-2.13 42.54 20141016 224248 20141115 224248
9.58 53.3 20140930 110631 20141030 110631
6.35 59.28 20141106 050937 20141206 050937
-1.86 55.06 20141002 062210 20141101 062210
12.44 41.36 20140921 215339 20141021 215339
13.98 54.86 20141118 173632 20141218 173632
7.04 48.21 20141017 163634 20141116 163634
-7.23 52.45 20141114 031701 20141214 031701
8.75 44.26 20140819 214943 20140918 214943
15.05 54.53 20141121 115655 20141221 115655
20.66 59.25 20141102 120122 20141202 120122
1.45 47.94 20141109 074046 20141209 074046
-7.31 51.63 20141012 114834 20141111 114834
-6.68 52.24 20141106 231715 20141206 231715
20.16 59.28 20140928 133759 20141028 133759
10.57 47.63 20141024 164704 20141123 164704
10.25 50.7 20140827 033059 20140926 033059
-3.09 48.32 20140830 225446 20140929 225446
12.7 53.25 20141104 163039 20141204 163039
23.02 43.73 20141030 044739 20141129 044739
-6.13 41.85 20141027 130434 20141126 130434
-2.9 54.87 20140919 041434 20141019 041434
13.57 53.81 20141024 014139 20141123 014139
5.01 42.75 20141117 113635 20141217 113635
25.5 58.28 20140821 084830 20140920 084830
15.73 53.12 20141111 085922 20141211 085922
-8.34 46.39 20141016 011652 20141115 011652
22.26 50.28 20140928 114404 20141028 114404
1.48 43.05 20141115 194720 20141215 194720
-7.39 46.77 20140812 191213 20140911 191213
-2.29 54.8 20141101 111650 20141201 111650
23.92 46.26 20141001 092516 20141031 092516
17.19 41.15 20140815 023854 20140914 023854
5.25 44.01 20141006 081709 20141105 081709
8.27 56.94 20140906 114548 20141006 114548
18.5 46.8 20141021 103404 20141120 103404
14.9 55.76 20140907 092759 20141007 092759
13.41 49.77 20140907 222013 20141007 222013
19.02 46.12 20140826 160327 20140925 160327
22.15 59.83 20140819 115206 20140918 115206
-8.02 58.21 20141022 160148 20141121 160148
-3.39 48.45 20141119 153612 20141219 153612
-4.72 44.27 20140902 100012 20141002 100012
-7.8 52.12 20140803 212505 20140902 212505
-8.78 51.73 20141106 203538 20141206 203538
0.35 50.6 20141016 015305 20141115 015305
5.83 43.68 20141028 053618 20141127 053618
17.43 45.09 20141014 143635 20141113 143635
9.9 54.35 20141013 143358 20141112 143358
21.26 46.34 20140927 213507 20141027 213507
-8.05 46.17 20141011 144353 20141110 144353
2.17 55.97 20140827 155220 20140926 155220
15.44 51.1 20141130 012048 20141230 012048
2.83 52.84 20141113 050752 20141213 050752
21.87 51.19 20141122 161855 20141222 161855
-1.92 42.66 20141006 083942 20141105 083942
-5.99 41.26 20140922 194834 20141022 194834
10.37 43.13 20140831 071332 20140930 071332
13.55 56.24 20141029 144606 20141128 144606
21.92 43.09 20140918 154336 20141018 154336
18.54 57.61 20140924 110503 20141024 110503
13.07 44.01 20140817 095454 20140916 095454
-3.04 55.77 20141016 165731 20141115 165731
-6.6 52.29 20140816 194501 20140915 194501
1.26 44.13 20141115 132002 20141215 132002
24.12 45.48 20141009 121548 20141108 121548
-0.84 53.49 20141015 053317 20141114 053317
3.96 58.32 20140901 104846 20141001 104846
-0.85 48.06 20141019 182642 20141118 182642
24.72 57.1 20140824 072315 20140923 072315
0.85 50.92 20140826 084827 20140925 084827
10.97 46.71 20141112 222327 20141212 222327
21.98 42.68 20140918 075657 20141018 075657
-8.5 51.08 20140908 032436 20141008 032436
-1.64 50.74 20140812 192430 20140911 192430
5.68 49.02 20141017 003505 20141116 003505
25.98 51 20140920 084903 20141020 084903
2 54.78 20141014 190642 20141113 190642
22.44 59.36 20140821 214025 20140920 214025
-4.99 59.01 20140905 091946 20141005 091946
25 41.62 20140804 165637 20140903 165637
17.79 59.3 20140911 024849 20141011 024849
2.39 49.61 20140911 044247 20141011 044247
1.6 47.59 20140804 131659 20140903 131659
13.99 41.78 20140926 211208 20141026 211208
9.26 53.81 20140920 024417 20141020 024417
-0.83 58.82 20140925 044410 20141025 044410
14.48 44.54 20141012 135835 20141111 135835
-0.81 42.13 20141123 020448 20141223 020448
5.01 55.22 20140912 144844 20141012 144844
-2.48 46.25 20140808 093815 20140907 093815
-6.9 49.51 20140828 044247 20140927 044247
10.89 48.66 20141029 082552 20141128 082552
-8.54 59.17 20141113 091205 20141213 091205
-2.06 52.82 20140815 144432 20140914 144432
24.58 49.36 20140813 165322 20140912 165322
16.59 51.29 20141124 114139 20141224 114139
-8.89 55.53 20140818 023844 20140917 023844
11.42 48.32 20141005 134234 20141104 134234
1.46 57.83 20140912 100004 20141012 100004
8.39 43.87 20141115 150606 20141215 150606
-1.48 56.46 20140911 113239 20141011 113239
6.84 55.09 20140917 234209 20141017 234209
21.76 46.44 20141005 101137 20141104 101137
-5.43 53.38 20140819 035835 20140918 035835
6.47 56.99 20140902 183148 20141002 183148
-5.9 42.37 20141115 170400 20141215 170400
14.38 48.79 20140930 160754 20141030 160754
20.35 42.63 20141008 105412 20141107 105412
17.94 41.25 20141114 221617 20141214 221617
11.95 50.73 20140901 130052 20141001 130052
17.17 52.8 20140824 102425 20140923 102425
-0.91 54.55 20141007 183622 20141106 183622
23.22 41.63 20141101 131124 20141201 131124
-2.38 59.79 20141104 232652 20141204 232652
15.05 44.81 20140922 002401 20141022 002401
2.14 52.91 20140922 025143 20141022 025143
1.16 59.57 20140927 101028 20141027 101028
5.3 50.4 20141111 224943 20141211 224943
17.72 52.16 20140826 053800 20140925 053800
0 54.65 20140924 202806 20141024 202806
24.06 48.3 20140825 235439 20140924 235439
18.92 52.28 20140909 110644 20141009 110644
21.02 54.9 20141014 220109 20141113 220109
8.31 44.22 20140826 063302 20140925 063302
16.99 44.24 20140913 090105 20141013 090105
17.52 50.02 20141002 073133 20141101 073133
3.68 49.63 20141108 201352 20141208 201352
-7.15 55.5 20141019 182415 20141118 182415
18.77 54.89 20140805 113803 20140904 113803
-1.34 47.53 20141014 215133 20141113 215133
14.73 47.02 20140820 193723 20140919 193723
15.48 41.41 20140927 072059 20141027 072059
-3.13 42.05 20141109 125707 20141209 125707
17.34 42.36 20140809 103001 20140908 103001
19.86 58.97 20140909 212308 20141009 212308
22.01 53.54 20141021 120915 20141120 120915
1.18 49.18 20140812 041221 20140911 041221
-5.52 46.58 20141103 172339 20141203 172339
21.44 57.79 20140909 045904 20141009 045904
4.58 45.17 20141119 120233 20141219 120233
22.94 44.89 20141101 001246 20141201 001246
19.63 50.21 20141102 013800 20141202 013800
-8.78 55.09 20141016 214012 20141115 214012
10.68 42.18 20141125 034309 20141225 034309
5.02 55.32 20141112 033408 20141212 033408
11.8 46.93 20141128 200823 20141228 200823
23.91 43.45 20140926 011935 20141026 011935
-4.14 53.39 20140925 014411 20141025 014411
-3.17 41.71 20140924 061706 20141024 061706
7.02 49.8 20140908 230211 20141008 230211
7.12 57.43 20140816 072614 20140915 072614
10.25 46.91 20140902 063641 20141002 063641
3.94 43 20140911 064411 20141011 064411
-6.3 44.58 20141017 221905 20141116 221905
-5.86 41.56 20140808 155208 20140907 155208
24.07 50.09 20140809 105733 20140908 105733
1.54 42.72 20140917 124746 20141017 124746
12.56 58.71 20140804 012146 20140903 012146
25.6 46.91 20140913 112509 20141013 112509
5.24 52.59 20141125 012449 20141225 012449
6.62 49.42 20141122 012823 20141222 012823
11.19 55.98 20141015 212741 20141114 212741
-2.56 56.78 20141010 190051 20141109 190051
19.7 47.48 20141103 073041 20141203 073041
1.8 53.7 20141121 095353 20141221 095353
7.4 52.69 20140921 010731 20141021 010731
19.22 50.42 20141128 023730 20141228 023730
16.46 51.39 20141121 233254 20141221 233254
8.96 53.79 20141019 004249 20141118 004249
4.69 44.48 20140929 150014 20141029 150014
-6.08 55.57 20141017 021210 20141116 021210
14.84 47.95 20140821 021932 20140920 021932
13.54 44.13 20140930 180511 20141030 180511
9.75 42.42 20140906 103527 20141006 103527
19.45 46.47 20141003 220402 20141102 220402
0.43 48.18 20140822 200520 20140921 200520
24.97 50.6 20141115 003744 20141215 003744
0.22 53.81 20140828 173637 20140927 173637
-4.26 43.33 20140901 113538 20141001 113538
-3.58 54.28 20140930 170756 20141030 170756
-0.39 51.43 20141003 210627 20141102 210627
12.03 59.77 20140805 104504 20140904 104504
9.74 57.04 20141110 142521 20141210 142521
22.12 51.39 20140920 032226 20141020 032226
22.65 53.45 20141112 195651 20141212 195651
9.21 50.47 20141112 193726 20141212 193726
-6.96 46.16 20140828 140033 20140927 140033
19.89 56.72 20140906 221016 20141006 221016
-6.06 55.13 20140825 215626 20140924 215626
23.68 59.93 20140829 103024 20140928 103024
16.85 41.47 20141111 052122 20141211 052122
4.16 49.26 20141110 124241 20141210 124241
-0.81 53.66 20141027 180833 20141126 180833
5.89 44.52 20140921 162028 20141021 162028
8.66 52.08 20141110 192432 20141210 192432
-7.55 44.45 20141119 191446 20141219 191446
7.67 54.36 20141031 131939 20141130 131939
-7.53 47.82 20141024 211957 20141123 211957
20.33 51 20141012 184631 20141111 184631
16.78 55.25 20140816 154610 20140915 154610
0.78 47.77 20141102 093629 20141202 093629
13.62 41.13 20141025 011638 20141124 011638
16.19 54.71 20140902 054431 20141002 054431
-2.72 41.36 20141130 100335 20141230 100335
21.85 55.96 20140915 031102 20141015 031102
11.05 58.88 20141022 130716 20141121 130716
11.79 52.05 20140826 083715 20140925 083715
17.53 56.71 20140929 200649 20141029 200649
5.95 48.27 20140930 004813 20141030 004813
21.04 57.93 20140814 033303 20140913 033303
4.71 42.24 20140824 024204 20140923 024204
16.67 48.72 20140916 115638 20141016 115638
23.52 48.86 20140905 211716 20141005 211716
1.69 46.43 20140808 212543 20140907 212543
19.11 56.45 20140811 103549 20140910 103549
-6.86 52.1 20140928 104115 20141028 104115
-8.79 59.23 20140920 232007 20141020 232007
-3.89 46.66 20141117 052430 20141217 052430
-7 45.74 20140823 183751 20140922 183751
10.22 53.63 20141004 103945 20141103 103945
21.76 44 20140909 025839 20141009 025839
0.36 57.08 20140906 043323 20141006 043323
19.37 56.6 20140926 134144 20141026 134144
-4.48 55.24 20140901 021518 20141001 021518
-8.23 56.82 20141003 145221 20141102 145221
9.56 47.71 20141115 211948 20141215 211948
24.39 59.52 20140921 110559 20141021 110559
5.37 43.02 20140930 033536 20141030 033536
0.62 54.3 20140907 021244 20141007 021244
25.16 57.06 20140914 041515 20141014 041515
11.62 46.94 20140824 014736 20140923 014736
25.4 42.29 20141031 135939 20141130 135939
-3.34 47.63 20140901 105800 20141001 105800
-8.11 58.74 20140901 204809 20141001 204809
24 49.56 20141130 203720 20141230 203720
3.87 49.37 20141011 122135 20141110 122135
12.77 51.34 20141109 122127 20141209 122127
-1.02 56.97 20141010 093410 20141109 093410
14.53 52.76 20140929 190915 20141029 190915
0.47 58.56 20141127 045321 20141227 045321
1.44 58.36 20140820 085245 20140919 085245
3.74 44.34 20140813 200356 20140912 200356
-6.35 57.9 20141015 051810 20141114 051810
3.24 56.4 20141021 083809 20141120 083809
2.5 57.38 20141001 200132 20141031 200132
2.7 51.94 20141109 064556 20141209 064556
-5.81 54.88 20140924 023330 20141024 023330
11.18 49.35 20140811 131143 20140910 131143
25.53 58.19 20140820 042459 20140919 042459
4.84 59.7 20140806 160534 20140905 160534
5.31 59.32 20140908 095354 20141008 095354
9.98 52.73 20140914 083208 20141014 083208
20.11 54.15 20140923 235404 20141023 235404
23.44 53.34 20140812 114144 20140911 114144
0.87 52.55 20141119 072637 20141219 072637
4.43 49.82 20141125 023420 20141225 023420
-1.63 53.78 20140928 080152 20141028 080152
1.98 58.4 20141023 203828 20141122 203828
-4.8 58.66 20141029 174624 20141128 174624
24.66 46.77 20140831 034718 20140930 034718
13.03 49.81 20140901 020951 20141001 020951
-7.91 44.37 20141124 124403 20141224 124403
9.68 44.74 20141027 181344 20141126 181344
11.78 58.08 20141002 013720 20141101 013720
5.08 41.97 20141104 071707 20141204 071707
1.79 42.56 20140922 104411 20141022 104411
3.28 53.47 20141115 124720 20141215 124720
21.44 41.82 20140828 000322 20140927 000322
3.58 43.93 20141005 092139 20141104 092139
21.08 56.25 20141111 080343 20141211 080343
4.77 48.8 20141028 014422 20141127 014422
0.27 47.16 20140918 090040 20141018 090040
16.51 48.22 20140828 094258 20140927 094258
7.81 55.55 20141117 065124 20141217 065124
