13.64 64.68 20110515 065020 20110614 065020
25.16 66.24 20110518 060654 20110617 060654
10.52 55.52 20110514 094046 20110613 094046
23.91 51.38 20110414 011619 20110514 011619
19.49 69.13 20110211 013834 20110313 013834
24.85 61.48 20110528 132407 20110627 132407
9.98 65.44 20110402 101918 20110502 101918
21.42 58.16 20110310 120528 20110409 120528
29.43 69.98 20110224 061754 20110326 061754
9.32 67.71 20110413 005921 20110513 005921
32.56 67.53 20110419 215303 20110519 215303
27.25 52.76 20110412 051800 20110512 051800
19.89 64.59 20110124 175504 20110223 175504
7.54 63.4 20110105 213053 20110204 213053
6.2 54.92 20110517 192010 20110616 192010
18.19 66.73 20110307 230600 20110406 230600
20.87 55.91 20110523 040453 20110622 040453
18.96 63.71 20110424 083739 20110524 083739
33.32 67.18 20110415 203723 20110515 203723
23.6 52.84 20110505 211327 20110604 211327
3.73 54.49 20110424 031907 20110524 031907
32.53 55.3 20110118 221659 20110217 221659
16.54 53.79 20110318 040016 20110417 040016
28.04 52.61 20110428 234056 20110528 234056
19.65 57.59 20110204 221057 20110306 221057
5.77 65.72 20110215 060302 20110317 060302
31.85 68.73 20110429 133510 20110529 133510
4.48 54.25 20110214 171806 20110316 171806
15.94 51.01 20110124 022041 20110223 022041
25.79 68.3 20110306 072704 20110405 072704
5.86 54.01 20110329 052548 20110428 052548
6.01 68.25 20110330 045939 20110429 045939
2.72 56.72 20110311 215028 20110410 215028
7.85 58.01 20110207 231129 20110309 231129
24.99 58.28 20110118 095751 20110217 095751
19.46 51.06 20110302 213651 20110401 213651
28.37 53.98 20110420 073429 20110520 073429
7.02 62.03 20110524 021606 20110623 021606
19.98 59.06 20110401 070536 20110501 070536
34.82 63.67 20110310 163752 20110409 163752
31.53 53.28 20110216 044626 20110318 044626
16.43 63.19 20110224 224033 20110326 224033
18.72 51.6 20110206 023359 20110308 023359
19.4 65.18 20110601 055805 20110701 055805
26.02 61.75 20110408 070514 20110508 070514
26.72 57.22 20110409 171945 20110509 171945
12.54 66.49 20110210 131942 20110312 131942
29.63 69.64 20110223 194218 20110325 194218
21.34 61.37 20110306 031123 20110405 031123
17.06 59.56 20110224 032129 20110326 032129
32.66 52.92 20110117 195301 20110216 195301
14.41 55.24 20110430 004546 20110530 004546
28.7 51.23 20110103 195726 20110202 195726
4.73 61.09 20110315 171450 20110414 171450
29.5 51.42 20110116 062441 20110215 062441
8.97 59.76 20110527 074612 20110626 074612
6.01 57.26 20110212 183208 20110314 183208
16.68 67.84 20110105 070543 20110204 070543
33.45 68.13 20110314 151552 20110413 151552
8.39 58.19 20110507 035837 20110606 035837
3.65 57.18 20110505 142407 20110604 142407
4.82 67.96 20110320 170021 20110419 170021
4.21 64.04 20110519 212543 20110618 212543
14.26 52.6 20110514 115128 20110613 115128
21.58 62.26 20110421 233428 20110521 233428
28.91 69.57 20110126 123949 20110225 123949
9.32 66.22 20110317 143511 20110416 143511
34.67 53.47 20110304 071445 20110403 071445
30.4 60.31 20110115 153254 20110214 153254
20.01 51.99 20110202 100145 20110304 100145
33.72 60.24 20110209 174318 20110311 174318
36.47 64.98 20110226 044019 20110328 044019
22.36 54.57 20110408 040859 20110508 040859
31.32 66.45 20110516 003906 20110615 003906
26.38 68.82 20110201 120741 20110303 120741
10.21 52.6 20110206 201423 20110308 201423
27.1 63.49 20110324 153411 20110423 153411
31.92 64.17 20110413 091346 20110513 091346
12.74 62.58 20110404 082802 20110504 082802
35.17 61.42 20110413 182221 20110513 182221
12.93 62.76 20110411 141959 20110511 141959
33.62 61.45 20110224 052730 20110326 052730
27.16 66 20110110 012405 20110209 012405
31.11 66.4 20110225 153657 20110327 153657
3.84 65.04 20110516 124031 20110615 124031
29.28 53.46 20110415 125943 20110515 125943
21.24 60.98 20110201 011748 20110303 011748
10.18 59.85 20110408 081146 20110508 081146
33.06 69.69 20110120 184346 20110219 184346
33.43 52.38 20110221 035539 20110323 035539
6.05 69.45 20110331 134831 20110430 134831
10.63 65.19 20110411 232010 20110511 232010
26.27 68.43 20110121 065544 20110220 065544
7.48 68.62 20110507 222424 20110606 222424
16.62 56.96 20110104 092347 20110203 092347
13.25 58.38 20110227 092436 20110329 092436
13.85 69.76 20110212 110935 20110314 110935
36.83 62.72 20110325 015625 20110424 015625
21.92 61.01 20110313 020658 20110412 020658
13.75 60.81 20110416 062639 20110516 062639
33.59 55.9 20110212 052913 20110314 052913
23.91 55.81 20110221 215355 20110323 215355
14.52 54.87 20110508 160051 20110607 160051
18.48 58.8 20110412 114258 20110512 114258
6.83 51.34 20110424 105403 20110524 105403
24.32 54.23 20110409 143532 20110509 143532
11.29 65.64 20110205 023305 20110307 023305
21 67.13 20110402 165836 20110502 165836
36.04 63.65 20110224 035754 20110326 035754
9.15 60.1 20110118 012811 20110217 012811
14.47 55.7 20110218 191458 20110320 191458
6.1 64.1 20110401 090825 20110501 090825
30.88 57.1 20110412 044115 20110512 044115
21.43 62.1 20110403 113517 20110503 113517
18.28 59.03 20110325 215036 20110424 215036
21.89 53.16 20110513 115856 20110612 115856
8.62 69.17 20110328 095014 20110427 095014
28.01 69.01 20110331 165219 20110430 165219
16.22 51.41 20110402 180831 20110502 180831
7.27 55.3 20110421 223017 20110521 223017
13.32 57.54 20110222 200354 20110324 200354
20.7 53.65 20110429 165848 20110529 165848
10.41 55.1 20110504 165311 20110603 165311
21.04 69.77 20110314 195311 20110413 195311
28.2 52.52 20110406 212717 20110506 212717
2.02 60.7 20110228 091136 20110330 091136
33.14 67.93 20110427 105625 20110527 105625
18.03 53.77 20110212 111313 20110314 111313
9.89 52.82 20110204 053130 20110306 053130
23.98 64.93 20110403 214653 20110503 214653
24.37 63.77 20110113 123731 20110212 123731
34.35 69.97 20110419 101230 20110519 101230
26.13 66.83 20110313 154359 20110412 154359
5.56 66.08 20110302 215156 20110401 215156
4.66 68.99 20110408 020000 20110508 020000
9.15 58.28 20110408 231233 20110508 231233
32.71 68.71 20110213 124524 20110315 124524
33.08 55.24 20110304 120727 20110403 120727
30.22 68.53 20110228 100228 20110330 100228
35.38 59.81 20110115 085209 20110214 085209
24.01 63.33 20110505 024426 20110604 024426
15.25 56.45 20110318 112743 20110417 112743
5.29 61.6 20110109 223035 20110208 223035
6.28 61.96 20110501 145436 20110531 145436
33.88 69.73 20110508 084830 20110607 084830
18.52 62.43 20110301 230340 20110331 230340
36.92 68.49 20110313 040038 20110412 040038
24.98 63.73 20110215 050406 20110317 050406
17.88 61.4 20110315 174937 20110414 174937
29.08 63 20110211 111758 20110313 111758
4.44 51.1 20110504 103712 20110603 103712
21.46 67.17 20110407 200115 20110507 200115
21.74 65.48 20110528 035727 20110627 035727
19.75 64.06 20110217 095314 20110319 095314
8.51 57.02 20110121 033005 20110220 033005
19.86 65.77 20110326 195259 20110425 195259
24.32 59.55 20110130 130842 20110301 130842
19.95 59.9 20110119 071603 20110218 071603
22.99 66.81 20110216 232238 20110318 232238
18.39 64.51 20110306 203027 20110405 203027
20.65 63.57 20110305 093205 20110404 093205
30.04 52.37 20110429 083301 20110529 083301
29.2 66.07 20110430 220758 20110530 220758
15.08 55.61 20110312 083918 20110411 083918
33.11 52.73 20110215 135425 20110317 135425
11.19 69.92 20110508 081504 20110607 081504
15.12 61.95 20110428 065131 20110528 065131
20.87 52.01 20110118 095329 20110217 095329
29.35 69.04 20110208 134123 20110310 134123
8.34 67.08 20110207 122558 20110309 122558
12.85 63.04 20110120 000617 20110219 000617
26.9 63.26 20110516 210637 20110615 210637
9.22 66.02 20110120 201807 20110219 201807
35.75 56.44 20110330 100335 20110429 100335
14.84 67.33 20110402 190009 20110502 190009
12.2 58.61 20110302 165143 20110401 165143
32.63 64.05 20110530 163018 20110629 163018
21.36 66.46 20110221 152908 20110323 152908
13.86 58 20110219 210903 20110321 210903
25.68 65.9 20110414 062141 20110514 062141
25.81 64.85 20110127 130137 20110226 130137
27.81 56.81 20110311 000309 20110410 000309
34.13 64.11 20110114 201631 20110213 201631
30.81 67.42 20110118 230307 20110217 230307
19.99 61.56 20110223 021823 20110325 021823
27.02 52.96 20110411 050103 20110511 050103
12.57 63.28 20110403 130706 20110503 130706
15.58 56.1 20110421 035103 20110521 035103
24.89 56.88 20110121 080147 20110220 080147
28.24 52.37 20110219 031945 20110321 031945
24.76 66.6 20110506 024444 20110605 024444
35.7 58.37 20110117 073102 20110216 073102
33.52 68.65 20110501 063850 20110531 063850
19.32 56.37 20110203 150545 20110305 150545
35.08 55.35 20110422 074836 20110522 074836
14.56 64.91 20110209 135005 20110311 135005
30.28 51.99 20110318 133731 20110417 133731
30.91 53.41 20110202 183614 20110304 183614
6.61 69.6 20110308 163932 20110407 163932
3.61 69.5 20110105 115132 20110204 115132
30.81 54.92 20110118 224059 20110217 224059
18.8 56.97 20110326 213703 20110425 213703
23.36 58.37 20110105 005927 20110204 005927
2.11 64.61 20110502 213750 20110601 213750
12.21 51.1 20110523 015706 20110622 015706
16.24 68.81 20110410 030731 20110510 030731
24.56 58.49 20110524 065537 20110623 065537
8.39 64.17 20110123 220833 20110222 220833
34.92 57.26 20110323 050514 20110422 050514
34.15 60.78 20110120 223347 20110219 223347
28.61 62.9 20110501 044057 20110531 044057
19.52 54.94 20110228 141652 20110330 141652
19.02 62.78 20110129 050526 20110228 050526
12.08 56.59 20110421 051132 20110521 051132
28.49 58.08 20110320 063902 20110419 063902
8.18 54.06 20110511 223103 20110610 223103
19.18 54.03 20110220 112012 20110322 112012
11.63 68.08 20110531 165549 20110630 165549
7.69 63.66 20110526 212859 20110625 212859
16.79 54.17 20110509 180653 20110608 180653
31.44 63.46 20110313 023930 20110412 023930
29.8 61.29 20110315 215228 20110414 215228
18 60.62 20110328 132047 20110427 132047
27.62 56.03 20110417 080250 20110517 080250
28.5 52.34 20110409 094739 20110509 094739
26.17 69.57 20110502 043001 20110601 043001
17.69 67.41 20110404 091820 20110504 091820
4.35 69.1 20110205 184739 20110307 184739
4.58 60.92 20110531 140044 20110630 140044
14.39 53.98 20110305 084320 20110404 084320
34.35 55.62 20110311 164512 20110410 164512
5.68 56.29 20110127 204155 20110226 204155
36.96 52.34 20110503 090742 20110602 090742
30.26 53.77 20110221 094203 20110323 094203
19.44 69.72 20110501 212215 20110531 212215
6.65 55.85 20110426 080103 20110526 080103
4.19 63.31 20110307 225048 20110406 225048
13.22 59.02 20110426 183213 20110526 183213
26.21 61.51 20110211 175719 20110313 175719
34.19 62.06 20110127 164823 20110226 164823
12.69 63.81 20110131 003023 20110302 003023
2.03 55.93 20110428 151616 20110528 151616
28.94 62.02 20110508 100450 20110607 100450
19.75 57.78 20110427 181623 20110527 181623
19.51 52.21 20110224 133427 20110326 133427
32.26 59.66 20110514 150419 20110613 150419
5.7 66.81 20110114 004936 20110213 004936
25.69 65.06 20110523 203348 20110622 203348
21.29 61.66 20110430 075301 20110530 075301
32.2 54.44 20110424 021406 20110524 021406
16.01 68.85 20110109 231645 20110208 231645
8.85 64.14 20110325 040115 20110424 040115
24.37 61.96 20110131 175746 20110302 175746
2.28 55.57 20110414 130032 20110514 130032
6.25 66.5 20110520 210938 20110619 210938
13.8 52.7 20110325 170010 20110424 170010
9.41 53.56 20110517 004040 20110616 004040
23.79 65.61 20110127 230331 20110226 230331
22.23 62.55 20110526 104213 20110625 104213
28.42 66.44 20110319 222319 20110418 222319
26.39 51.32 20110420 021203 20110520 021203
13.01 68.08 20110204 022407 20110306 022407
34.58 62.57 20110115 125814 20110214 125814
31.71 67.45 20110206 194139 20110308 194139
34.33 56.3 20110315 160320 20110414 160320
17.28 53.05 20110514 101011 20110613 101011
33.45 59.54 20110309 003655 20110408 003655
3.43 62.01 20110522 141934 20110621 141934
29.92 69.49 20110503 002944 20110602 002944
19.33 67.84 20110110 072054 20110209 072054
17.43 64.84 20110126 200519 20110225 200519
22.71 51.7 20110303 225003 20110402 225003
31.35 60.35 20110411 235044 20110511 235044
9.56 52.8 20110511 025100 20110610 025100
2.54 58.06 20110430 104803 20110530 104803
31.78 53.17 20110212 195214 20110314 195214
14.24 54.76 20110312 111822 20110411 111822
33.08 51.37 20110117 050906 20110216 050906
3.87 62.52 20110426 063308 20110526 063308
16.35 53.85 20110201 023257 20110303 023257
31.25 56.04 20110116 013835 20110215 013835
4.13 59.6 20110508 215818 20110607 215818
2.76 60.65 20110417 172858 20110517 172858
12.18 51.24 20110116 180420 20110215 180420
13.78 65.5 20110307 182136 20110406 182136
24.15 69.85 20110208 081931 20110310 081931
34.83 57.59 20110317 104333 20110416 104333
27.01 57.69 20110128 101450 20110227 101450
15.41 56.9 20110228 115759 20110330 115759
20.82 51.43 20110204 065805 20110306 065805
25.36 51.4 20110217 081740 20110319 081740
7.8 65.87 20110202 054436 20110304 054436
35.94 62.14 20110408 072013 20110508 072013
21.4 60.37 20110225 140405 20110327 140405
11.55 69.37 20110523 230427 20110622 230427
17.33 63.2 20110122 155223 20110221 155223
9.49 60.95 20110129 202355 20110228 202355
16.73 56.2 20110204 010110 20110306 010110
10.77 51.61 20110305 215936 20110404 215936
36.22 59.01 20110109 164027 20110208 164027
19.32 66.28 20110329 001325 20110428 001325
12.91 64.22 20110111 000543 20110210 000543
26.26 66.64 20110429 170145 20110529 170145
3.81 54.92 20110330 122252 20110429 122252
30.45 52.94 20110207 123749 20110309 123749
17.62 55.05 20110518 060201 20110617 060201
12.49 51.91 20110126 111402 20110225 111402
2.77 53.69 20110506 003430 20110605 003430
33.1 53.98 20110427 080556 20110527 080556
12.38 60.28 20110224 161525 20110326 161525
15.34 66.37 20110422 014534 20110522 014534
21.89 51.74 20110327 065514 20110426 065514
21.15 58.28 20110308 060828 20110407 060828
32.98 61.27 20110521 090725 20110620 090725
36.86 57.44 20110322 113141 20110421 113141
24.08 61.74 20110504 113716 20110603 113716
26.03 65.43 20110216 013315 20110318 013315
5.4 68.66 20110129 072519 20110228 072519
30.75 61.25 20110511 210453 20110610 210453
35.98 63.15 20110403 203245 20110503 203245
26.64 53.46 20110322 054228 20110421 054228
29.26 64.17 20110502 224312 20110601 224312
6.31 62.75 20110506 073105 20110605 073105
6.43 66.45 20110201 053346 20110303 053346
21.42 64.94 20110410 045440 20110510 045440
24.95 57.95 20110520 160127 20110619 160127
21.09 61.78 20110416 044919 20110516 044919
20.46 69.27 20110209 205721 20110311 205721
16.68 53.37 20110326 060814 20110425 060814
22.71 57.04 20110508 031601 20110607 031601
11.76 52.61 20110127 140841 20110226 140841
21.47 65.9 20110519 201035 20110618 201035
6.86 53.38 20110404 103504 20110504 103504
27.79 69.07 20110204 072508 20110306 072508
15.93 59.4 20110123 014916 20110222 014916
20.01 60.84 20110419 190946 20110519 190946
25.81 57.67 20110408 125135 20110508 125135
35.66 53.98 20110118 123223 20110217 123223
31.85 69.31 20110509 152315 20110608 152315
20.36 59.05 20110304 185828 20110403 185828
27.31 60.5 20110318 165850 20110417 165850
25.44 65.79 20110322 003200 20110421 003200
6.6 63.75 20110409 090623 20110509 090623
30.32 58.89 20110119 230925 20110218 230925
12.06 66.93 20110322 215752 20110421 215752
30.94 69.67 20110221 230440 20110323 230440
4.79 68.59 20110531 032040 20110630 032040
9.88 54.03 20110311 231842 20110410 231842
33.89 64.89 20110417 210924 20110517 210924
26.71 69.07 20110514 101200 20110613 101200
35.93 56.54 20110210 150824 20110312 150824
32.95 57.09 20110509 095758 20110608 095758
32.34 53.36 20110419 032848 20110519 032848
12.58 65.85 20110213 145544 20110315 145544
31.06 55.01 20110403 105306 20110503 105306
12.32 51.66 20110412 040900 20110512 040900
12.66 54.54 20110522 013247 20110621 013247
20.73 61.89 20110516 155655 20110615 155655
