123.95 -27.4 20121007 105036 20121106 105036
148.33 2.9 20121127 094958 20121227 094958
139.99 -34.75 20120902 135957 20121002 135957
156.18 -10.03 20121018 141545 20121117 141545
149.61 -8.5 20121025 042904 20121124 042904
143.54 -27.5 20120803 141243 20120902 141243
144.47 -2.8 20120917 211211 20121017 211211
117 -25.49 20121108 173845 20121208 173845
127.56 -33.23 20120806 194048 20120905 194048
116.26 -1.88 20121104 203505 20121204 203505
124.22 -10.57 20120821 072605 20120920 072605
117.1 -4.79 20121129 023030 20121229 023030
121.81 -11.6 20120919 221234 20121019 221234
118.11 -10.48 20120804 164532 20120903 164532
116.86 -33.26 20121120 055003 20121220 055003
138.64 -22.67 20120822 011351 20120921 011351
115.92 -20.49 20120924 041823 20121024 041823
132.95 -14.84 20121019 013803 20121118 013803
122.43 -7.06 20120819 083555 20120918 083555
138.87 -4.73 20120907 170225 20121007 170225
141.22 -5.67 20121111 154401 20121211 154401
136.66 -34.16 20121105 213932 20121205 213932
158.39 -29.52 20121030 124330 20121129 124330
143.44 4.88 20121126 165121 20121226 165121
129.85 -9.01 20120827 224721 20120926 224721
143.14 3.45 20120923 193649 20121023 193649
123.74 -23.19 20120806 022743 20120905 022743
150.04 -31.93 20120926 023631 20121026 023631
133.79 -19.24 20121112 152439 20121212 152439
127.35 -23.99 20121122 235108 20121222 235108
153.59 -5.47 20120809 025545 20120908 025545
129.88 3.2 20121122 164927 20121222 164927
151.2 -13.9 20120826 171810 20120925 171810
158 -23.5 20120826 090027 20120925 090027
152.66 -2.6 20121009 193656 20121108 193656
154.86 -5.73 20120811 015534 20120910 015534
134.03 -4.12 20121119 193249 20121219 193249
126.87 -34.57 20120910 210102 20121010 210102
116.43 -15.12 20121003 153847 20121102 153847
125.76 -6.48 20120926 054827 20121026 054827
152.27 -19.17 20121029 192917 20121128 192917
154.12 -9.68 20120810 104331 20120909 104331
132.84 -14.02 20121010 110730 20121109 110730
153.62 -4.15 20121025 110202 20121124 110202
154.33 -18.34 20121019 022154 20121118 022154
122.46 -21.94 20121105 114618 20121205 114618
148.69 1.84 20121029 055823 20121128 055823
157.21 -24.24 20121021 011621 20121120 011621
117.8 -17.47 20121018 112631 20121117 112631
140.12 -31.34 20121110 012408 20121210 012408
149.61 -23.38 20121109 215206 20121209 215206
115.04 -6.87 20121024 171927 20121123 171927
134.19 -5.81 20121004 054532 20121103 054532
128.7 -25.81 20121118 055129 20121218 055129
120.75 -3.27 20121010 105824 20121109 105824
153.92 -24.92 20121119 194701 20121219 194701
120.95 4.05 20120825 083259 20120924 083259
146.95 -15.21 20120910 195254 20121010 195254
128.36 -27.84 20121106 140437 20121206 140437
148.71 -20.19 20121012 190739 20121111 190739
142.47 -13.96 20121018 190314 20121117 190314
144.82 -29.45 20120822 055433 20120921 055433
139.72 0.3 20121114 222935 20121214 222935
128.59 -1.48 20121018 200408 20121117 200408
120.55 -13.62 20121123 221422 20121223 221422
122.43 -4.75 20120929 075755 20121029 075755
127.39 0.1 20121127 022218 20121227 022218
129.07 -7.85 20121003 185426 20121102 185426
114.76 -12.93 20121124 150848 20121224 150848
144.43 -15.69 20121127 020341 20121227 020341
158.35 -22.31 20120805 083935 20120904 083935
115.34 -31.76 20120918 190653 20121018 190653
155.23 -1.97 20120922 212712 20121022 212712
158.13 -33.44 20120811 224726 20120910 224726
154.29 -12.86 20121104 135921 20121204 135921
120.58 -25.7 20121102 020627 20121202 020627
119.57 -21.54 20121127 191412 20121227 191412
144.94 -16.7 20120811 210035 20120910 210035
137.62 -18.68 20121031 024937 20121130 024937
120.35 -8.5 20120818 080839 20120917 080839
150.46 -13.77 20120901 123355 20121001 123355
116.31 -33.78 20120922 063742 20121022 063742
121.28 -27.67 20120814 191801 20120913 191801
128.9 -31.79 20121127 043445 20121227 043445
140.26 -34.41 20121108 060554 20121208 060554
126.09 -6.04 20120920 010535 20121020 010535
148.11 -15.97 20120829 223443 20120928 223443
113.22 -5.72 20120827 163626 20120926 163626
118.23 -11.86 20120809 143235 20120908 143235
131.36 -17.28 20120829 084709 20120928 084709
130.62 -18.33 20120924 142935 20121024 142935
113.79 -31.01 20121125 170826 20121225 170826
143.96 -25.2 20120803 174215 20120902 174215
148.05 -7.07 20121111 083920 20121211 083920
115 -33.82 20120825 193445 20120924 193445
141.57 -34.28 20120905 155652 20121005 155652
155.37 -32.43 20120831 155306 20120930 155306
121.1 -15.14 20121014 023152 20121113 023152
141.46 -27.94 20120816 111600 20120915 111600
148.04 -17.48 20120901 185508 20121001 185508
157.65 -5.47 20121104 134234 20121204 134234
145.34 -21.38 20121018 230935 20121117 230935
115.82 -5.9 20121113 074621 20121213 074621
121.77 -9.77 20121008 025029 20121107 025029
158.31 -33.41 20121119 192304 20121219 192304
134.63 -4.88 20121029 082555 20121128 082555
148.96 2.33 20121026 190606 20121125 190606
145.11 -8.97 20120818 001604 20120917 001604
127.02 -28.91 20120901 212017 20121001 212017
125.93 -0.96 20120820 231437 20120919 231437
118.03 -5.73 20120820 125328 20120919 125328
122.28 -2.22 20120902 084350 20121002 084350
156.93 -4.47 20120907 131347 20121007 131347
136.34 -31.08 20120818 011211 20120917 011211
151.33 -28.22 20121027 183018 20121126 183018
135.56 -33.92 20121119 185459 20121219 185459
139.47 -17.29 20120818 045237 20120917 045237
136.31 -17.22 20120810 194924 20120909 194924
158.05 -0.91 20120817 155717 20120916 155717
140.92 -13.63 20120910 055219 20121010 055219
122.1 -2.83 20121024 222021 20121123 222021
135.4 -16.13 20120805 075559 20120904 075559
148.01 -9.8 20121117 095918 20121217 095918
133.52 -33.9 20120910 214823 20121010 214823
120.63 -0.37 20121105 161434 20121205 161434
156.32 -10.53 20121119 012527 20121219 012527
157.59 -16.03 20121114 231215 20121214 231215
152.95 -21.79 20120914 183220 20121014 183220
121.82 0.64 20121105 161308 20121205 161308
115.04 -25.15 20120829 072111 20120928 072111
117.54 -1.72 20120823 220942 20120922 220942
154.31 -7.18 20120913 112211 20121013 112211
117.29 -34.22 20121129 173037 20121229 173037
136.13 -24.49 20120908 204130 20121008 204130
158.65 4.14 20120827 182915 20120926 182915
113 -31.63 20121123 090128 20121223 090128
127.23 -34.07 20120912 112125 20121012 112125
126.74 -12.09 20121010 142955 20121109 142955
137.83 -7.35 20121012 140050 20121111 140050
150.32 -18.22 20120914 143849 20121014 143849
129.71 -33.57 20121129 095514 20121229 095514
156.89 -11.88 20121022 101416 20121121 101416
140.73 3.37 20121017 010952 20121116 010952
127.37 -21.48 20121009 122106 20121108 122106
154.74 -12.82 20120908 192619 20121008 192619
140.39 -3.51 20121001 020718 20121031 020718
134.04 -0.27 20120824 105515 20120923 105515
113.14 -27.14 20120918 204732 20121018 204732
122.47 -2.94 20121125 103638 20121225 103638
124.9 -5.46 20120908 221723 20121008 221723
117.95 -2.47 20120907 231319 20121007 231319
125.09 -6.72 20121011 113609 20121110 113609
151.48 -16.43 20121019 085103 20121118 085103
149.37 -24.31 20121027 011707 20121126 011707
115.8 -24.37 20121113 022542 20121213 022542
145.81 4.2 20121004 140722 20121103 140722
119.35 4.3 20120901 083918 20121001 083918
135.09 4.13 20121123 080004 20121223 080004
133.53 2.07 20121002 222941 20121101 222941
136.63 3.37 20121105 041946 20121205 041946
117.98 -11.45 20120912 051534 20121012 051534
137.95 4.24 20121016 193417 20121115 193417
158.73 -18.37 20121003 093212 20121102 093212
131.86 -9 20121011 174354 20121110 174354
128.78 -1.92 20120912 054131 20121012 054131
129.17 -3.66 20120914 233806 20121014 233806
151.15 2.25 20121124 093942 20121224 093942
120.88 -9.5 20121116 233511 20121216 233511
124.09 -27.83 20121006 051745 20121105 051745
135.39 4.08 20120901 021306 20121001 021306
116.39 -31.42 20120804 224410 20120903 224410
119.38 -13.54 20120908 112447 20121008 112447
137.9 -5.38 20121001 175334 20121031 175334
138.89 -4.22 20120923 195736 20121023 195736
156.26 -31.82 20121127 095056 20121227 095056
157.99 -10.22 20120906 043903 20121006 043903
142.92 3.84 20120828 055348 20120927 055348
143.96 -27.26 20121105 184920 20121205 184920
125.47 0.38 20120925 112548 20121025 112548
135.59 -31.26 20121125 194739 20121225 194739
129.13 -27.59 20121105 081834 20121205 081834
128.12 -8.89 20120908 205605 20121008 205605
126.31 -20.24 20120901 043649 20121001 043649
154.78 -27.67 20120809 204926 20120908 204926
131.29 -10.5 20121102 083849 20121202 083849
115.35 -14.4 20121023 225714 20121122 225714
156.9 -4.95 20121030 085515 20121129 085515
123.84 -22.15 20120920 210648 20121020 210648
120.3 -33.32 20121009 171753 20121108 171753
115 -18.89 20120920 220830 20121020 220830
126.51 -6.25 20121004 114114 20121103 114114
129.88 -14.66 20120914 193613 20121014 193613
150.67 -5.88 20120910 123613 20121010 123613
142.25 -17.97 20121010 162841 20121109 162841
139.16 -34.53 20121031 180421 20121130 180421
131.04 -14.56 20121010 204646 20121109 204646
115.85 -21.66 20120823 183523 20120922 183523
120 -18.47 20121025 035725 20121124 035725
146.53 -31.59 20121114 071011 20121214 071011
146.56 4.51 20120920 160808 20121020 160808
127.01 4.13 20120901 123320 20121001 123320
116.86 -2.03 20121129 164443 20121229 164443
140.34 -19.88 20121026 033559 20121125 033559
115.83 1.7 20121122 015130 20121222 015130
116.37 4.89 20121029 120432 20121128 120432
158.84 -31.15 20121018 051926 20121117 051926
122.93 -24.89 20120810 043132 20120909 043132
144.8 -16.49 20121111 171204 20121211 171204
131.78 -15.18 20120821 044812 20120920 044812
141.14 -17.31 20121025 045036 20121124 045036
117.17 -13.39 20120902 090226 20121002 090226
125.67 -21.66 20120807 031125 20120906 031125
128.21 -13.12 20120828 172158 20120927 172158
157.18 -0.26 20120907 121835 20121007 121835
147.51 2.2 20121130 085106 20121230 085106
136.48 -12.47 20120901 051614 20121001 051614
125.23 -0.72 20121102 190615 20121202 190615
131.94 -22.08 20120921 074018 20121021 074018
130.5 -23.42 20120915 233930 20121015 233930
114.83 -34.58 20121111 100550 20121211 100550
133.76 -4.81 20120918 112525 20121018 112525
117.43 -16.92 20120813 163851 20120912 163851
148.88 -7.42 20121026 191122 20121125 191122
131.62 -31.12 20120927 213127 20121027 213127
130.8 -6.84 20121024 232119 20121123 232119
125.57 -16.13 20120908 100128 20121008 100128
155.43 -0.19 20120930 195840 20121030 195840
117.06 -10.81 20120911 011208 20121011 011208
129.61 -26.59 20120817 063243 20120916 063243
158.52 -7.49 20121028 223651 20121127 223651
130.31 -4.04 20120805 202507 20120904 202507
152.98 -26.56 20120919 160939 20121019 160939
113.1 4.91 20121125 222616 20121225 222616
125.65 -18.05 20120818 225320 20120917 225320
143.96 -23.78 20121109 141047 20121209 141047
136.04 -8.44 20121001 040918 20121031 040918
149.79 1.96 20120818 174108 20120917 174108
120.95 -16.72 20121019 183221 20121118 183221
145.12 -9.18 20121116 000445 20121216 000445
153.26 -12.51 20120810 155707 20120909 155707
136.17 -3.72 20120809 175247 20120908 175247
156.7 -3.98 20120815 011817 20120914 011817
142.47 -29.74 20121006 053845 20121105 053845
123.41 -15.09 20120806 195102 20120905 195102
152.06 -34.63 20120914 191416 20121014 191416
134.09 -18.72 20120915 123114 20121015 123114
129.08 0.73 20120825 013809 20120924 013809
139.62 -11.53 20121029 095410 20121128 095410
123.64 -32.3 20121110 151541 20121210 151541
151.9 -13.58 20121101 150539 20121201 150539
149.4 -12.76 20121124 234959 20121224 234959
124.02 -9.99 20120830 191238 20120929 191238
133.64 -29.29 20121025 005407 20121124 005407
126.88 -33.25 20121027 161012 20121126 161012
153.84 -23.31 20120926 173110 20121026 173110
114.75 -14.51 20120823 222948 20120922 222948
119.32 0.61 20120831 164448 20120930 164448
114.56 -4.57 20120922 175248 20121022 175248
133.88 -18.31 20121120 102859 20121220 102859
138.2 -0.92 20121017 002157 20121116 002157
134.28 -19.76 20121024 170826 20121123 170826
123.11 -15.28 20121117 004132 20121217 004132
149 -6.58 20120911 182436 20121011 182436
114.41 -21.77 20120815 220826 20120914 220826
146.15 -16.84 20121025 174852 20121124 174852
138.29 -29.14 20120901 171159 20121001 171159
125.5 -0.82 20120817 205659 20120916 205659
158.31 -6.44 20121025 124711 20121124 124711
145.1 -34.65 20120920 064759 20121020 064759
121.14 -0.57 20121109 173329 20121209 173329
139.75 -5.49 20121007 111825 20121106 111825
113.39 -16.64 20120903 114116 20121003 114116
154.63 -3.4 20121116 094310 20121216 094310
143.87 -29.82 20120817 161450 20120916 161450
156.56 -20.98 20120824 021612 20120923 021612
146.11 -32.45 20121013 143157 20121112 143157
119.87 -19.74 20120917 040858 20121017 040858
134.28 -5.59 20121006 023101 20121105 023101
121.25 -31.7 20120913 154523 20121013 154523
157.91 -2.94 20121116 002650 20121216 002650
126.01 1.73 20120923 012507 20121023 012507
138.72 -12.7 20120831 022531 20120930 022531
154.19 -8.13 20121008 084745 20121107 084745
144.45 -31.01 20121014 035736 20121113 035736
127.61 -29.77 20121112 231926 20121212 231926
143.82 -2.55 20120907 131515 20121007 131515
145.57 -16.77 20121031 205629 20121130 205629
152.7 -1.82 20121023 092734 20121122 092734
140.38 -31.71 20120902 135320 20121002 135320
158.38 -33.96 20120826 204822 20120925 204822
142.57 3.49 20121101 032415 20121201 032415
126.01 -28.38 20121021 124719 20121120 124719
137.35 -5.22 20120918 032937 20121018 032937
116.45 -18.84 20120830 144121 20120929 144121
125.8 -11.8 20120808 100143 20120907 100143
154.32 -3.17 20121020 194512 20121119 194512
125.61 4.59 20121114 201831 20121214 201831
124.94 -32.95 20120813 181838 20120912 181838
147.16 3.56 20121011 131638 20121110 131638
137.24 -20.16 20120809 005642 20120908 005642
129.67 -4.65 20120922 071018 20121022 071018
151.47 -28.61 20120919 060602 20121019 060602
125.96 -17.87 20121120 181652 20121220 181652
117.8 -23.09 20120912 073754 20121012 073754
142.95 -13.95 20121012 083654 20121111 083654
131.11 -21.03 20121108 223130 20121208 223130
137.93 -24.65 20120901 142014 20121001 142014
114.49 -8.06 20121111 031326 20121211 031326
139.77 -23.46 20120827 114307 20120926 114307
134.92 -20.83 20121010 183136 20121109 183136
116.75 -7.53 20120831 152807 20120930 152807
119.05 -1.19 20120809 012015 20120908 012015
158.88 -26.27 20120810 205839 20120909 205839
128.79 -2.8 20120829 183402 20120928 183402
155.36 3.78 20120908 002223 20121008 002223
118.13 -15.36 20121017 094654 20121116 094654
114.26 -9.78 20121128 192555 20121228 192555
157.65 -8.68 20120905 141159 20121005 141159
125.98 -21.78 20120824 195844 20120923 195844
117.88 -11.94 20121014 224442 20121113 224442
119.97 -5.95 20121119 125425 20121219 125425
132.32 2.28 20121021 101844 20121120 101844
145.42 -3.33 20120924 225937 20121024 225937
128.26 0.27 20121005 071315 20121104 071315
134.05 -10.65 20120916 144321 20121016 144321
150.53 -19.13 20121003 062935 20121102 062935
137.21 -33.19 20120826 095605 20120925 095605
139.91 -6.23 20120809 032242 20120908 032242
133.5 -7.97 20121022 185717 20121121 185717
123.78 -33.82 20120817 125855 20120916 125855
146.89 -33.42 20120812 134714 20120911 134714
152.5 1.07 20121106 070739 20121206 070739
156.99 -17.31 20121012 001505 20121111 001505
118.07 0.42 20121124 132631 20121224 132631
148.52 -33.48 20121118 010830 20121218 010830
141.62 -3.91 20121018 012204 20121117 012204
140.49 -8.58 20121105 234106 20121205 234106
150.07 -1.43 20120810 151122 20120909 151122
153.68 -34.64 20121020 012315 20121119 012315
152.02 -30.98 20121120 210701 20121220 210701
115.56 -15.34 20120821 072424 20120920 072424
121.57 -34.12 20121128 153452 20121228 153452
155.58 -18.7 20121021 070153 20121120 070153
124.92 -19.18 20120816 171341 20120915 171341
156.59 -6.21 20120922 080652 20121022 080652
143.61 -23.68 20120820 213634 20120919 213634
139.03 -32.34 20121024 164202 20121123 164202
146.78 -12.47 20120918 165728 20121018 165728
147.67 -9.18 20120831 235359 20120930 235359
129.03 -25.24 20120904 081059 20121004 081059
113.46 -12.7 20121123 124912 20121223 124912
148.72 -2.69 20121016 113951 20121115 113951
127.27 -12.31 20121017 145713 20121116 145713
152.08 -33.49 20121101 071730 20121201 071730
116.39 -26.37 20120911 192705 20121011 192705
151.8 -4.71 20120904 164903 20121004 164903
149.38 -2 20121024 233202 20121123 233202
