148.16 -31.81 20120810 173238 20120909 173238
132.11 -27.06 20121104 154337 20121204 154337
158.14 0.39 20120819 140831 20120918 140831
117.75 -15.08 20120830 063614 20120929 063614
146.1 -24.35 20120928 080555 20121028 080555
135.8 -12.64 20121114 003334 20121214 003334
129.39 -31.54 20120924 141609 20121024 141609
132.98 -24.49 20120810 084606 20120909 084606
121.08 -0.49 20121103 210033 20121203 210033
157.28 -25.19 20121005 073256 20121104 073256
155.12 -20.91 20120824 232437 20120923 232437
118.21 1.41 20121115 090129 20121215 090129
156.26 -28.85 20121031 114957 20121130 114957
141.16 -24.16 20120825 083953 20120924 083953
128.62 -33.17 20120920 165027 20121020 165027
127.52 -8.95 20120917 115901 20121017 115901
127.09 4.57 20120907 112544 20121007 112544
147.54 -19.41 20121020 050301 20121119 050301
141.98 -23.92 20121011 053140 20121110 053140
127.03 -6.99 20120917 044456 20121017 044456
114.28 -13.61 20121028 075612 20121127 075612
147.65 -3.37 20121128 202643 20121228 202643
154.42 -9.66 20121103 122729 20121203 122729
141.89 -25.38 20120924 231627 20121024 231627
140.39 -26.98 20121023 035409 20121122 035409
140.22 -30.42 20120924 113552 20121024 113552
145.84 -19.17 20120918 051223 20121018 051223
118.93 -3.98 20121128 060801 20121228 060801
135.87 -18.52 20120810 223339 20120909 223339
132.8 -7.62 20121026 213620 20121125 213620
150.65 -18.73 20121030 074829 20121129 074829
137.94 -16.99 20120826 052401 20120925 052401
149.2 2.71 20120915 060556 20121015 060556
117.35 -24.42 20121101 200033 20121201 200033
156.61 -35 20121014 171648 20121113 171648
116.67 -18.91 20121013 085240 20121112 085240
124.47 -28.56 20120807 000649 20120906 000649
140.29 -30.36 20121117 011601 20121217 011601
139.34 -11.78 20120807 110143 20120906 110143
113.34 -23.11 20120930 093911 20121030 093911
125.46 -9.72 20121023 144303 20121122 144303
157.32 3.42 20121107 233514 20121207 233514
126.73 1.5 20121102 173038 20121202 173038
136.57 -6.17 20121012 131806 20121111 131806
114.52 -17.07 20121018 165454 20121117 165454
155.65 -18.93 20121019 162246 20121118 162246
125.09 -26.19 20120918 052239 20121018 052239
144.88 -5.63 20120818 104534 20120917 104534
149.75 -3.91 20120901 110734 20121001 110734
139.77 -1.66 20120929 113420 20121029 113420
136.84 -28.08 20120913 124359 20121013 124359
136.48 -1.75 20120812 211851 20120911 211851
146.66 -15.49 20121027 071524 20121126 071524
125.49 0.54 20121117 084405 20121217 084405
138.08 -32.4 20120902 033508 20121002 033508
149.89 -5.45 20120828 232035 20120927 232035
123.33 -20.26 20121130 225835 20121230 225835
135.01 -29.78 20120911 191937 20121011 191937
155.92 3.07 20121102 122026 20121202 122026
116.7 -19.08 20120909 161744 20121009 161744
132.23 -20.47 20121024 201152 20121123 201152
121.84 -34.26 20120831 003921 20120930 003921
158.88 -23.39 20121001 090458 20121031 090458
121.96 -31.57 20120823 053228 20120922 053228
121.75 -4.82 20120805 171038 20120904 171038
150.26 -28.85 20121119 091144 20121219 091144
137.57 -15.8 20120825 031331 20120924 031331
153.91 -17.98 20120909 175831 20121009 175831
145.55 -23.28 20120815 121817 20120914 121817
145.11 -14.18 20120819 142911 20120918 142911
149.9 -33.75 20120916 151019 20121016 151019
114.87 -29.96 20120911 084115 20121011 084115
136.02 -30.21 20120902 205955 20121002 205955
158.65 -16.25 20121116 062129 20121216 062129
114.06 -23.64 20121120 055523 20121220 055523
149.53 -3.38 20121127 003425 20121227 003425
137.19 -25.73 20120901 221948 20121001 221948
155.7 -0.5 20120812 092310 20120911 092310
152.37 -20.83 20121110 072859 20121210 072859
136.25 -33.66 20120830 134421 20120929 134421
147.56 -1.91 20121121 170311 20121221 170311
127.18 -33.11 20120813 114131 20120912 114131
140.28 1.43 20120919 042217 20121019 042217
117.38 -22.48 20120906 102822 20121006 102822
138.97 -11.02 20120824 112203 20120923 112203
114.65 -15.34 20120922 143750 20121022 143750
130.27 -14.27 20120913 031741 20121013 031741
134.59 -11.57 20120912 162051 20121012 162051
139.95 -10.17 20120907 113246 20121007 113246
144.16 -24.56 20121003 022634 20121102 022634
132.99 -18.87 20121012 112923 20121111 112923
121.4 -34.27 20120810 071807 20120909 071807
131.78 -6.45 20121108 095705 20121208 095705
115.12 -23.94 20120826 233314 20120925 233314
151.91 -30.01 20121004 151942 20121103 151942
147.46 -16.81 20121108 082238 20121208 082238
121.71 -34.16 20120905 112556 20121005 112556
153.71 -3.47 20121030 225410 20121129 225410
153.69 0.9 20120928 024211 20121028 024211
139.65 0.43 20120914 004914 20121014 004914
145.09 -6.19 20121013 012043 20121112 012043
123.72 -9.86 20120913 153839 20121013 153839
158.11 -34.62 20121122 091612 20121222 091612
123.18 -5.9 20121018 172301 20121117 172301
129.43 -26.39 20121030 191812 20121129 191812
128.58 -8.2 20121021 053006 20121120 053006
113.29 -23.31 20120822 163441 20120921 163441
150.77 -23.19 20121114 040338 20121214 040338
128.71 -31.46 20120925 183430 20121025 183430
153.24 -14.1 20121101 185750 20121201 185750
140.1 -31.96 20121125 205138 20121225 205138
132.83 -15.07 20120828 122025 20120927 122025
113.06 -0.38 20121119 234917 20121219 234917
134.18 -29.4 20120818 172422 20120917 172422
137.9 -28.26 20120913 151942 20121013 151942
148.69 -25.01 20120812 061217 20120911 061217
139.98 -1.03 20121023 140701 20121122 140701
128.62 -32.37 20121109 054813 20121209 054813
157.14 -16.26 20120808 045541 20120907 045541
114.5 -32.34 20121102 112052 20121202 112052
125.46 -13.96 20121106 011110 20121206 011110
139.41 -11.08 20120825 062216 20120924 062216
145.6 -30.49 20121007 184809 20121106 184809
130.06 -19.41 20121030 072523 20121129 072523
141.32 -4.72 20121122 123413 20121222 123413
117.94 -23.3 20120902 004702 20121002 004702
142.29 -8.9 20121014 230811 20121113 230811
147.59 -10.78 20120930 232549 20121030 232549
151.78 -10.03 20120806 160038 20120905 160038
122.94 -34.91 20120912 140109 20121012 140109
148.67 -28.92 20121107 093650 20121207 093650
133.88 -7.64 20120914 011537 20121014 011537
138.19 -17.06 20120923 031329 20121023 031329
158.36 -2.95 20121119 115149 20121219 115149
136.4 -0.28 20120928 053105 20121028 053105
126.44 -25.67 20120815 212723 20120914 212723
151.72 -22.56 20120912 150546 20121012 150546
152.63 -27.92 20121118 034642 20121218 034642
115.05 -18.15 20120807 034344 20120906 034344
118.64 -4.91 20121002 014022 20121101 014022
120.1 -22.74 20120821 043050 20120920 043050
113.13 -2.36 20120917 125006 20121017 125006
129.26 -24.93 20120927 010605 20121027 010605
154.51 -7.33 20120818 195430 20120917 195430
113.9 -11.86 20121003 220028 20121102 220028
115.5 -0.42 20120924 175059 20121024 175059
117 -20.54 20120917 231334 20121017 231334
154.24 -20.91 20120922 071734 20121022 071734
134.62 -19.51 20121008 010634 20121107 010634
134.08 -10.04 20120929 043518 20121029 043518
158.38 -22.63 20120816 211836 20120915 211836
144.02 -8.66 20120929 044847 20121029 044847
148.72 -9.53 20121019 235531 20121118 235531
139.35 -5.88 20120826 181844 20120925 181844
158.23 -27.38 20121011 064258 20121110 064258
117.04 -34.17 20121016 075331 20121115 075331
117.71 -11.69 20120927 031608 20121027 031608
134.24 -27.9 20120928 043726 20121028 043726
125.03 -20.85 20120930 073114 20121030 073114
152.41 -8.93 20120921 174621 20121021 174621
150.9 -28.69 20120830 132715 20120929 132715
129.74 -2.45 20121009 151621 20121108 151621
132.24 -4.71 20121120 062741 20121220 062741
142.96 -14.96 20121117 091900 20121217 091900
149.43 -29.85 20120817 094631 20120916 094631
133.26 4.3 20121021 141415 20121120 141415
139.99 -6.07 20121028 013851 20121127 013851
150.2 -8.57 20121014 095004 20121113 095004
120.31 -5.79 20120813 153304 20120912 153304
155.2 -14.22 20121111 011458 20121211 011458
127.85 -23.24 20121001 183612 20121031 183612
142.73 -19.08 20120922 102311 20121022 102311
136.64 -22.37 20120910 153549 20121010 153549
123.83 -27.51 20121127 080004 20121227 080004
149.25 -31.76 20121124 020940 20121224 020940
127.54 -23.22 20120921 084957 20121021 084957
128.43 -0.97 20120905 031645 20121005 031645
131.23 -0.39 20120822 143937 20120921 143937
140.36 -8.25 20121106 171132 20121206 171132
122.53 -13.58 20120925 041221 20121025 041221
156.48 -9.96 20121113 054523 20121213 054523
128.83 -16.41 20120830 155713 20120929 155713
121.01 -18.57 20120826 134318 20120925 134318
142.47 -12.91 20121119 075803 20121219 075803
115.1 -32.37 20121110 195818 20121210 195818
126.64 -3.67 20121021 123940 20121120 123940
117.09 4.42 20121114 182837 20121214 182837
121.69 -4.65 20121130 113623 20121230 113623
126.88 -27.91 20121115 194040 20121215 194040
144.32 -7.75 20121114 133144 20121214 133144
131.66 -10.96 20121128 231329 20121228 231329
145.98 -17.28 20121112 052154 20121212 052154
118.23 -9.14 20120830 151453 20120929 151453
146.83 -30.39 20121117 122953 20121217 122953
113.17 1.24 20121023 154859 20121122 154859
150.45 -25.33 20120819 135304 20120918 135304
144.07 4.47 20120926 015238 20121026 015238
134.59 -0.33 20121020 134105 20121119 134105
144.61 -29.66 20120928 212439 20121028 212439
146.69 -29.57 20120813 204740 20120912 204740
131.17 2.6 20120904 121104 20121004 121104
119.26 -6.4 20121129 060641 20121229 060641
120.04 -20.71 20120908 030243 20121008 030243
136.74 -12.48 20120918 065958 20121018 065958
127.83 -33.75 20120904 184345 20121004 184345
151.64 -14.28 20120813 193934 20120912 193934
119.38 -31.5 20120815 042132 20120914 042132
140.87 -8.17 20120805 195716 20120904 195716
155.98 -2.22 20121031 105421 20121130 105421
126.25 -28.87 20121025 233827 20121124 233827
144.2 -11.06 20120821 020057 20120920 020057
118.58 -21.09 20121026 115158 20121125 115158
131.57 -10.74 20121018 031156 20121117 031156
138.76 4.31 20120906 022000 20121006 022000
118.75 -24.76 20120826 054558 20120925 054558
148.03 -4.56 20120919 224823 20121019 224823
148.23 -17.51 20121101 050110 20121201 050110
148.94 -21.42 20120924 082859 20121024 082859
152.74 -27.86 20120805 090541 20120904 090541
145.9 -21.71 20121021 030838 20121120 030838
122.9 -25.44 20121110 062105 20121210 062105
148.23 -25.17 20121003 083655 20121102 083655
119.84 -31.43 20121028 182407 20121127 182407
117.76 0 20121106 231726 20121206 231726
145.22 0.82 20121129 041011 20121229 041011
115.16 -0.13 20121021 134011 20121120 134011
134.39 -24.12 20120827 101508 20120926 101508
121.21 -1.13 20120916 093101 20121016 093101
121.52 -32.92 20121017 150150 20121116 150150
130.26 -19.95 20120823 093916 20120922 093916
145.86 -19.61 20121124 200359 20121224 200359
121.24 -13.39 20121001 140040 20121031 140040
115.73 -5.68 20121019 233314 20121118 233314
157.63 -4.42 20120905 173708 20121005 173708
127.66 -30.32 20120920 224912 20121020 224912
157.84 -34.38 20120829 104359 20120928 104359
124.08 -21.09 20120901 103607 20121001 103607
119.68 2.36 20121028 103910 20121127 103910
142.43 2.63 20120811 080521 20120910 080521
130.96 -16.46 20120907 102644 20121007 102644
132.46 -1.41 20121029 083325 20121128 083325
123.45 -18.68 20121010 221259 20121109 221259
144.15 -21.49 20121110 071611 20121210 071611
141.03 -32.82 20121019 113347 20121118 113347
115.13 -10.44 20120817 010012 20120916 010012
133.16 2.24 20120903 175014 20121003 175014
156.26 0.85 20121020 160316 20121119 160316
132.6 -10.46 20120905 014208 20121005 014208
122.25 4.82 20121127 120500 20121227 120500
135.13 -29.01 20121013 210919 20121112 210919
157.36 -4.56 20120811 112125 20120910 112125
143.55 -20.29 20120830 122934 20120929 122934
128.54 -23.28 20120903 122427 20121003 122427
135.21 -4.69 20121011 190154 20121110 190154
132.24 -24.71 20121128 000614 20121228 000614
129.54 -0.68 20120903 004336 20121003 004336
136.09 -19.78 20121029 113420 20121128 113420
142.12 -13.06 20121015 152418 20121114 152418
138.89 2.3 20121031 021815 20121130 021815
156.71 -1.02 20121012 202538 20121111 202538
117.48 -5.57 20120918 213235 20121018 213235
150.51 -8.64 20120814 092539 20120913 092539
127.93 -26.65 20120816 203026 20120915 203026
122.93 -18.68 20120831 053511 20120930 053511
154.93 -14.94 20120828 085926 20120927 085926
145.65 -15.65 20120904 114155 20121004 114155
148.87 -29.61 20121017 152540 20121116 152540
119.83 0.86 20121123 230925 20121223 230925
153.12 -34.53 20120905 125349 20121005 125349
141.99 -0.93 20120909 081628 20121009 081628
136.24 -18.02 20121101 070413 20121201 070413
151.04 -10.84 20121002 113813 20121101 113813
135.14 -8.73 20121003 053321 20121102 053321
139.43 -9.32 20121010 050421 20121109 050421
117.49 -10.18 20121019 191814 20121118 191814
135.92 -16.03 20121120 012517 20121220 012517
119.06 -23.67 20121124 125707 20121224 125707
145.53 -1.37 20121012 110218 20121111 110218
151.51 -23.74 20121029 101640 20121128 101640
120.94 -14.96 20121031 215338 20121130 215338
131.23 -16.31 20121014 002452 20121113 002452
115.02 -5.21 20120910 183347 20121010 183347
124.82 -20.9 20121106 034338 20121206 034338
134.14 -9.71 20120910 043934 20121010 043934
115.78 -13.06 20120814 234239 20120913 234239
126.99 -13.28 20121115 183138 20121215 183138
156.98 -17.55 20120810 185703 20120909 185703
146.56 -7.63 20120824 221534 20120923 221534
155.35 -20.44 20120826 020327 20120925 020327
139.31 -2.64 20121125 182514 20121225 182514
122.77 -10.39 20121027 130004 20121126 130004
118.43 -7.81 20121112 054540 20121212 054540
154.11 -13.38 20121125 080257 20121225 080257
125.21 -23.48 20120909 093028 20121009 093028
121.2 3.58 20121127 221104 20121227 221104
137.34 -12.43 20121011 053131 20121110 053131
153.16 -10.74 20120903 025750 20121003 025750
119.56 -34.26 20121030 080252 20121129 080252
144.42 -18.79 20121021 092312 20121120 092312
150.36 -34.99 20121015 065739 20121114 065739
143.41 -32.88 20121031 122418 20121130 122418
120.43 -22.3 20121113 120304 20121213 120304
117.42 -9.21 20121004 145810 20121103 145810
115.54 -31.08 20120831 214759 20120930 214759
135.89 0.16 20121025 233541 20121124 233541
153.53 -7.45 20120810 120956 20120909 120956
125.62 -11.15 20120819 090636 20120918 090636
157.88 -26.63 20121010 134020 20121109 134020
125.82 1.42 20120922 030524 20121022 030524
153.19 -34.32 20120805 064518 20120904 064518
135.01 -33.28 20121017 070728 20121116 070728
158.48 1.22 20121005 102126 20121104 102126
158.06 -26.97 20121008 005958 20121107 005958
146.76 -5.13 20120807 032216 20120906 032216
117.41 -11.62 20121001 210404 20121031 210404
143.49 -34.42 20120829 035135 20120928 035135
129.96 -0.19 20121023 192402 20121122 192402
148.31 -20.78 20120827 024410 20120926 024410
138.54 -29.46 20121013 041250 20121112 041250
134.47 -31.76 20121112 023625 20121212 023625
145.17 -20.98 20121124 072201 20121224 072201
140.13 3.67 20121127 091718 20121227 091718
146.51 -7.22 20121107 035251 20121207 035251
114.41 -30.93 20120805 203155 20120904 203155
118.4 -10.23 20120904 224437 20121004 224437
129.69 -4.94 20121117 045558 20121217 045558
158.81 -17.15 20121120 013658 20121220 013658
122.98 -2.21 20120831 235414 20120930 235414
136.92 -17.57 20121028 164833 20121127 164833
116.51 -14.69 20120822 065249 20120921 065249
126.87 -23.06 20120808 204845 20120907 204845
157.31 4.05 20120911 094629 20121011 094629
121.01 -20.59 20121025 191624 20121124 191624
153.48 -28.47 20120908 213335 20121008 213335
115.55 -11.6 20120813 101318 20120912 101318
154.56 1.65 20120829 012312 20120928 012312
129.57 -14.42 20120917 033132 20121017 033132
153.65 3.95 20121120 041053 20121220 041053
132.81 -24.25 20120910 043640 20121010 043640
132.17 -26.25 20120819 153307 20120918 153307
141.39 -32.09 20120828 122133 20120927 122133
125.46 1.42 20121109 122449 20121209 122449
137.45 -30.43 20120925 132615 20121025 132615
125.03 -0.24 20120925 203134 20121025 203134
132.6 -26.04 20120901 140403 20121001 140403
127.87 -34.65 20121117 050051 20121217 050051
146.52 -8.61 20121129 153754 20121229 153754
139.73 -25.8 20121107 053802 20121207 053802
144.72 -8.17 20121110 065800 20121210 065800
123.23 -9.47 20120807 115727 20120906 115727
141.78 -18.14 20121105 114116 20121205 114116
118.16 -8.35 20120926 002016 20121026 002016
135.91 -6.53 20121026 213937 20121125 213937
121.82 -23.22 20121019 214917 20121118 214917
125.47 -19.62 20121103 064141 20121203 064141
118.58 -26.63 20120910 174555 20121010 174555
123.53 -23.63 20120815 230619 20120914 230619
