22.7 43.95 20140925 191342 20141025 191342
24.27 53.69 20140809 233716 20140908 233716
13.81 41.83 20141026 192630 20141125 192630
25.87 58.5 20141016 172232 20141115 172232
4.77 56.85 20141127 111659 20141227 111659
5.85 49.97 20140929 020554 20141029 020554
-8.18 41.88 20140924 133028 20141024 133028
20.73 58.72 20141125 201816 20141225 201816
23.91 43.59 20141122 002044 20141222 002044
-5.71 50.49 20141005 131147 20141104 131147
17.67 59.91 20140804 204123 20140903 204123
6.2 50.46 20140828 125903 20140927 125903
6.64 42.79 20141121 140406 20141221 140406
2.37 57.8 20141001 200756 20141031 200756
-5.89 47.49 20141117 083106 20141217 083106
4.13 51.14 20141011 030801 20141110 030801
20.54 51.98 20140929 112811 20141029 112811
-4.09 58.06 20141113 145808 20141213 145808
1.23 41.63 20141028 042119 20141127 042119
19.77 55.21 20141031 184919 20141130 184919
25.41 59.98 20140908 123713 20141008 123713
11.67 49.4 20141117 182415 20141217 182415
21.18 56.98 20140928 074348 20141028 074348
25.01 45.51 20140926 070346 20141026 070346
-1.34 53.84 20140929 081105 20141029 081105
17.14 51.85 20141127 191943 20141227 191943
3.21 47.07 20140805 152450 20140904 152450
11.67 53.05 20140813 225533 20140912 225533
10.13 45.13 20141106 140512 20141206 140512
23.88 46.88 20141201 045041 20141231 045041
25.05 57.84 20141124 030920 20141224 030920
15.6 47.98 20140922 025035 20141022 025035
16.26 44.41 20140820 142852 20140919 142852
-5.83 46.89 20141113 151225 20141213 151225
18.95 51.3 20141122 180315 20141222 180315
-8 52.76 20141014 170245 20141113 170245
8.43 46.24 20141014 144449 20141113 144449
24.11 54.68 20141018 041153 20141117 041153
8.81 56.55 20140915 142327 20141015 142327
0.55 48.93 20140902 203753 20141002 203753
5.43 45.81 20140809 201715 20140908 201715
16.71 52.04 20141110 061449 20141210 061449
-6.58 47.55 20140822 161734 20140921 161734
12.82 48.88 20141030 202237 20141129 202237
20.26 45.62 20141116 162802 20141216 162802
21.47 49.9 20141028 121055 20141127 121055
15.28 42.89 20140808 115117 20140907 115117
0.21 41.16 20140810 093730 20140909 093730
1.71 57.9 20141016 031215 20141115 031215
1.2 45.91 20141106 065415 20141206 065415
20.8 57.95 20140823 182411 20140922 182411
-8.38 46.7 20140813 052313 20140912 052313
19.55 55.63 20141020 192208 20141119 192208
20.55 54.95 20141031 064551 20141130 064551
5.15 57.66 20141007 184428 20141106 184428
-6.84 50.42 20140930 102152 20141030 102152
-6.19 50.38 20141017 074607 20141116 074607
-4.79 51.89 20140813 191204 20140912 191204
17.74 59.51 20140928 085506 20141028 085506
17.43 52.13 20141006 162157 20141105 162157
21.44 53.49 20141013 125425 20141112 125425
-2.13 52.51 20141201 065928 20141231 065928
-2.28 46.07 20140807 232443 20140906 232443
17.82 58.66 20140901 205718 20141001 205718
20.79 56.92 20140930 235555 20141030 235555
-4.68 59.62 20141128 041403 20141228 041403
14.55 48.31 20140809 004830 20140908 004830
15.15 51.99 20141102 170356 20141202 170356
-4.39 55.49 20141118 043732 20141218 043732
11.24 46.6 20140812 083941 20140911 083941
21.83 45.63 20140911 003350 20141011 003350
18.36 47.83 20141016 001401 20141115 001401
11.96 57.39 20140817 070106 20140916 070106
10.25 41.58 20140901 005415 20141001 005415
13.55 44.44 20140927 093032 20141027 093032
2.55 44.77 20141113 094519 20141213 094519
9.79 43.04 20140905 023221 20141005 023221
22.92 51.93 20140929 000322 20141029 000322
16.95 45.08 20141109 203400 20141209 203400
7.22 53.32 20140928 191103 20141028 191103
11.99 55.65 20140823 164803 20140922 164803
2.41 52.18 20141008 140009 20141107 140009
10.03 51.29 20141130 030056 20141230 030056
-7.27 59.48 20140914 155119 20141014 155119
21.43 57.89 20141117 080826 20141217 080826
-3.62 51.77 20140824 075544 20140923 075544
12.87 47.19 20140904 094654 20141004 094654
9.75 58.68 20140817 003936 20140916 003936
25.59 43.05 20140906 020218 20141006 020218
2.48 46.66 20141019 034224 20141118 034224
5.32 47.41 20141019 222227 20141118 222227
-4.65 58.17 20141122 103542 20141222 103542
16.24 48.88 20141118 011615 20141218 011615
-1.69 58.36 20141111 023719 20141211 023719
-7.3 48.59 20140816 025758 20140915 025758
25.61 59.79 20140905 050709 20141005 050709
5.3 47.63 20140811 102816 20140910 102816
2.97 44.43 20141201 021730 20141231 021730
12.73 59.73 20140816 072251 20140915 072251
-7.27 55.06 20140806 014131 20140905 014131
4.84 57.56 20141014 064959 20141113 064959
5.83 47.95 20141027 123516 20141126 123516
-3.86 54.52 20140821 044608 20140920 044608
23.17 59.14 20140809 082926 20140908 082926
23.99 43.02 20141003 094314 20141102 094314
17.31 44.92 20141029 204929 20141128 204929
-8.55 44.89 20141106 205033 20141206 205033
22.31 46.27 20141128 080744 20141228 080744
18.9 55.98 20140827 004404 20140926 004404
-2.13 41.73 20141121 091248 20141221 091248
-7.99 49 20140809 155732 20140908 155732
-7.06 50.42 20141106 050859 20141206 050859
19.85 41.6 20140813 174732 20140912 174732
6.31 47.06 20140908 014320 20141008 014320
8.36 41.68 20140915 010009 20141015 010009
14.65 46.52 20140910 122237 20141010 122237
-3.09 45.83 20140914 024222 20141014 024222
11.78 46.5 20141111 145258 20141211 145258
2.66 54.65 20141022 033353 20141121 033353
13.55 47.32 20141123 205417 20141223 205417
-4.6 45.78 20141006 092917 20141105 092917
-2.84 54.81 20140827 110153 20140926 110153
11.79 58.63 20140911 075324 20141011 075324
8.26 54.95 20141124 000111 20141224 000111
10.08 43.67 20141116 051023 20141216 051023
8.32 59.12 20140803 151032 20140902 151032
17.42 57.42 20140824 142001 20140923 142001
-8.71 44.94 20141012 003210 20141111 003210
20.44 52.54 20141103 070225 20141203 070225
15.5 44.33 20141128 075446 20141228 075446
22.19 53.65 20140916 083224 20141016 083224
12.69 52.15 20141028 224018 20141127 224018
-2.33 54.17 20141101 061037 20141201 061037
-3.06 54.3 20140911 093834 20141011 093834
12.37 55.96 20140823 083930 20140922 083930
-2.88 54.21 20140917 102447 20141017 102447
19.23 45.79 20140814 234530 20140913 234530
14.18 46.22 20140922 190243 20141022 190243
7.17 41.83 20141107 173155 20141207 173155
6.91 49.6 20140810 203243 20140909 203243
8.66 55.59 20141103 040752 20141203 040752
-1.33 51.65 20140804 012122 20140903 012122
16.23 46.01 20140903 112651 20141003 112651
24.41 46.03 20140812 171003 20140911 171003
15.09 58.97 20141122 102945 20141222 102945
15.24 51.85 20140831 002801 20140930 002801
6.66 51.3 20141025 072954 20141124 072954
9.83 56.85 20140816 071536 20140915 071536
-2.13 45.92 20140927 184910 20141027 184910
3.91 49.43 20141021 112527 20141120 112527
-6.83 51.76 20140916 203830 20141016 203830
12.21 56.24 20141026 054804 20141125 054804
-8.99 56.44 20140927 032349 20141027 032349
-7.82 47.49 20141121 185313 20141221 185313
16.82 57.9 20140903 205159 20141003 205159
9.62 41.85 20141007 005619 20141106 005619
-8.99 53.35 20140821 023853 20140920 023853
8.42 52.79 20141120 005935 20141220 005935
7.81 59.01 20140915 230658 20141015 230658
24.44 54.15 20141101 020746 20141201 020746
8.72 50.9 20140806 094108 20140905 094108
-1.3 56.66 20141024 025820 20141123 025820
11.53 41.56 20141124 123531 20141224 123531
7.11 56.49 20141108 103950 20141208 103950
22.22 43.21 20140903 075002 20141003 075002
10.92 56.36 20141113 062234 20141213 062234
-5.5 41.1 20140819 110537 20140918 110537
18.48 49.87 20141022 212029 20141121 212029
5.11 49.96 20141024 100119 20141123 100119
13.3 50.2 20141022 011501 20141121 011501
-3.63 43.32 20140917 025444 20141017 025444
-3.96 44.13 20140830 222118 20140929 222118
9.14 58.83 20140929 154157 20141029 154157
-4.11 48.19 20141016 010552 20141115 010552
20.86 49.56 20141101 013505 20141201 013505
9.67 46.79 20140804 135749 20140903 135749
-7.62 46.24 20141124 040854 20141224 040854
16.94 44.45 20140805 050847 20140904 050847
22.71 55.8 20141016 113346 20141115 113346
0.67 44.68 20140814 060921 20140913 060921
8.61 45.97 20140831 102753 20140930 102753
5.88 42.25 20141002 230812 20141101 230812
7.41 49.2 20140817 073334 20140916 073334
20.61 57.2 20140907 212954 20141007 212954
-4.32 49.86 20141116 060958 20141216 060958
18.82 42.02 20140807 140948 20140906 140948
7.55 47.12 20141029 121514 20141128 121514
17.28 45.68 20140928 172630 20141028 172630
-6.69 48.19 20140916 031117 20141016 031117
22.58 45.81 20140812 054825 20140911 054825
10.02 48.34 20141017 020456 20141116 020456
24.46 52.19 20140918 094512 20141018 094512
13.46 56.82 20140916 054833 20141016 054833
-4.6 46.28 20140915 001324 20141015 001324
18.11 47.25 20140825 032033 20140924 032033
-1.05 56.75 20140909 034354 20141009 034354
21.17 56.58 20141104 160822 20141204 160822
0.28 54.78 20140821 153714 20140920 153714
3.68 53.11 20141008 022553 20141107 022553
0.55 42.93 20140928 145812 20141028 145812
25.08 53.6 20140915 110343 20141015 110343
13.12 50.09 20140922 083426 20141022 083426
-6.18 55.18 20141104 102332 20141204 102332
17.21 56.16 20140817 234018 20140916 234018
8.4 47.92 20140819 060009 20140918 060009
15.63 45.5 20141128 184258 20141228 184258
-1.02 53.61 20140912 041845 20141012 041845
3.43 50.32 20140817 103652 20140916 103652
-6.76 57.94 20140830 030212 20140929 030212
17.06 48.23 20141111 013915 20141211 013915
21.41 59.85 20141012 090559 20141111 090559
2.59 54 20141017 065027 20141116 065027
22.77 42.97 20140905 142058 20141005 142058
15.92 52.4 20141003 170320 20141102 170320
-3.97 49.37 20141029 115853 20141128 115853
7.21 43.45 20140908 071449 20141008 071449
22.25 59.61 20140816 160108 20140915 160108
-1.3 52.39 20141004 000402 20141103 000402
2.62 58.45 20140912 200035 20141012 200035
-7.82 45.36 20140813 230058 20140912 230058
6.29 42.6 20140817 134742 20140916 134742
8.61 51.43 20141029 114358 20141128 114358
22.66 50.76 20141011 041947 20141110 041947
18.21 58.86 20141114 154017 20141214 154017
-2.54 56.54 20140910 071831 20141010 071831
-8.3 48.25 20140816 122627 20140915 122627
4.22 47.72 20141107 235848 20141207 235848
18.32 56.99 20141124 150617 20141224 150617
-0.64 49.2 20141007 141042 20141106 141042
-6.58 42.42 20141117 084325 20141217 084325
3.73 55.76 20140924 151055 20141024 151055
24.39 42.24 20141027 214953 20141126 214953
10.68 56.21 20141008 234427 20141107 234427
6.18 45.74 20140823 053831 20140922 053831
0.48 53.2 20141010 031912 20141109 031912
-0.7 58.97 20141012 140912 20141111 140912
-2.17 43.62 20141113 141046 20141213 141046
16.86 44.15 20141108 054337 20141208 054337
14.07 53.66 20141105 020803 20141205 020803
2.75 52.85 20141021 054136 20141120 054136
23.17 58.51 20141004 153904 20141103 153904
4.89 53.08 20141112 063712 20141212 063712
12.28 56.46 20141125 152913 20141225 152913
6.07 42.15 20141104 051537 20141204 051537
-2.09 56.81 20141028 140528 20141127 140528
12.86 57.34 20141010 080629 20141109 080629
10.41 46.15 20141024 052247 20141123 052247
14.65 55.31 20141124 025313 20141224 025313
18.45 49.32 20141104 201628 20141204 201628
-8.01 46.28 20140929 144837 20141029 144837
0.15 52.05 20141108 233842 20141208 233842
21.22 58.48 20141010 151748 20141109 151748
-7.58 59.71 20141127 050253 20141227 050253
14.95 56.3 20141124 054516 20141224 054516
-5.88 42.36 20141022 040413 20141121 040413
15.55 42.67 20141018 134522 20141117 134522
-5.23 56.46 20141123 211630 20141223 211630
11.55 45.85 20140828 200404 20140927 200404
-1.97 51.79 20140905 143058 20141005 143058
5.02 53.88 20140814 141019 20140913 141019
10.61 43.05 20141105 164315 20141205 164315
14.31 57.81 20140819 013933 20140918 013933
-0.44 59.69 20141126 133011 20141226 133011
-4.21 58.88 20141114 053516 20141214 053516
13.82 43.06 20141001 065522 20141031 065522
3.84 55.84 20140812 124459 20140911 124459
-6.09 50.73 20140911 192051 20141011 192051
1.87 55.58 20140919 013118 20141019 013118
13.77 43.68 20140909 054559 20141009 054559
-2.57 53.26 20140925 205358 20141025 205358
9.14 53.64 20141123 112943 20141223 112943
19.38 54.85 20140831 151552 20140930 151552
-8.27 41.88 20140915 045444 20141015 045444
3.56 44.18 20140829 051327 20140928 051327
5.58 54.43 20140919 052806 20141019 052806
-8.47 55.81 20140817 004515 20140916 004515
22.15 46.04 20141105 055053 20141205 055053
0.29 48.25 20141007 000355 20141106 000355
12.82 52.49 20141104 162139 20141204 162139
6.86 49.59 20140811 192107 20140910 192107
14.25 44.69 20141125 171403 20141225 171403
-0.07 59.99 20140904 154908 20141004 154908
14.42 53.24 20140908 130859 20141008 130859
14.63 55.96 20140820 220532 20140919 220532
23.56 55.64 20141113 192319 20141213 192319
23.09 52.84 20140809 184456 20140908 184456
21.02 53.33 20140916 123529 20141016 123529
-4.91 41.25 20140904 013503 20141004 013503
22.89 45.67 20141111 103009 20141211 103009
-1 54.23 20141111 033530 20141211 033530
24.98 59.99 20140905 022949 20141005 022949
22.57 54.08 20141130 233645 20141230 233645
-4.03 43.57 20140824 162458 20140923 162458
-5.95 48.49 20141011 194149 20141110 194149
19.65 41.98 20140831 002127 20140930 002127
4.46 41.46 20140815 064714 20140914 064714
23.59 49.07 20140914 122653 20141014 122653
9.82 44.24 20141114 185816 20141214 185816
-6.5 44.58 20141124 100356 20141224 100356
1.85 53.95 20140912 185004 20141012 185004
-0.98 51.39 20140817 230156 20140916 230156
5.23 51.88 20141018 094553 20141117 094553
8.51 57.49 20140904 201401 20141004 201401
17.28 54.25 20141101 043819 20141201 043819
18.58 46.16 20141116 053417 20141216 053417
12.17 43.39 20140919 142106 20141019 142106
-4.53 50.34 20140928 055900 20141028 055900
1.01 45.4 20140803 144427 20140902 144427
16.03 43.25 20140910 070659 20141010 070659
14.26 44.18 20140813 132735 20140912 132735
-8.77 49.83 20140908 202925 20141008 202925
18.32 46 20141011 165253 20141110 165253
18.26 59.29 20141104 182021 20141204 182021
9.88 45.19 20140809 121054 20140908 121054
20.82 41.64 20141008 105434 20141107 105434
6.57 51.94 20140923 195237 20141023 195237
1.78 43.9 20141104 100816 20141204 100816
-8 43.63 20140809 073003 20140908 073003
-0.19 51.29 20141005 025323 20141104 025323
-7.19 44.85 20140903 054645 20141003 054645
18.56 59.08 20140811 050730 20140910 050730
-7.7 54.48 20140808 003531 20140907 003531
25.84 46.59 20140902 085435 20141002 085435
2.97 55.26 20140906 192059 20141006 192059
4.28 43.64 20141029 132512 20141128 132512
-8.9 52.34 20140921 153827 20141021 153827
-3.57 54.61 20141024 214553 20141123 214553
4.2 57.9 20141110 044731 20141210 044731
21.37 53.81 20140916 014042 20141016 014042
-2.25 59.37 20140831 011948 20140930 011948
19.25 44.99 20140919 112258 20141019 112258
6.73 55.71 20140809 190049 20140908 190049
-8.2 41.82 20141006 203239 20141105 203239
6.17 54.12 20141023 055510 20141122 055510
12.17 59.35 20140906 211756 20141006 211756
3.92 41.61 20140903 114312 20141003 114312
-0.05 49.15 20141129 024759 20141229 024759
18.54 54.36 20140929 163707 20141029 163707
0.51 49.85 20140914 180026 20141014 180026
20.65 44.08 20140818 201436 20140917 201436
14.9 59.03 20140825 154629 20140924 154629
-7.59 55.84 20141113 102355 20141213 102355
8.31 51.59 20141013 110257 20141112 110257
-1.39 52.28 20140821 215409 20140920 215409
7.87 52.13 20140926 081949 20141026 081949
7.68 59.25 20140829 232010 20140928 232010
-3.04 48.2 20141103 093447 20141203 093447
15.21 56.64 20140924 234901 20141024 234901
14.27 57.19 20140815 094835 20140914 094835
11.9 44.71 20140815 221433 20140914 221433
13.94 53.11 20141010 050033 20141109 050033
21.45 52.26 20141012 233510 20141111 233510
-6.55 59.63 20140805 184057 20140904 184057
13.11 56.23 20141119 153347 20141219 153347
11.44 58.8 20141010 122633 20141109 122633
-4.64 56.87 20140830 215942 20140929 215942
13.35 59.17 20140925 064004 20141025 064004
