-110.53 36.36 20130109 074034 20130208 074034
-79.15 35.72 20130320 182900 20130419 182900
-104.1 37.41 20130501 015735 20130531 015735
-108.13 45.08 20130311 062654 20130410 062654
-86.2 37.67 20130420 221726 20130520 221726
-89.73 41.61 20130312 170429 20130411 170429
-95.31 51.24 20130330 000341 20130429 000341
-83.97 50.82 20130221 215350 20130323 215350
-98.28 44.84 20130321 073003 20130420 073003
-95.23 52.15 20130111 023041 20130210 023041
-85.47 48.99 20130107 202928 20130206 202928
-84.24 42.89 20130125 193736 20130224 193736
-91.77 37.24 20130124 142039 20130223 142039
-78.87 35.59 20130124 191919 20130223 191919
-110.47 44.82 20130113 095447 20130212 095447
-88.1 49.51 20130302 185738 20130401 185738
-78.43 41.62 20130303 085759 20130402 085759
-96.71 53.23 20130106 071536 20130205 071536
-77.29 38.02 20130124 190916 20130223 190916
-106.88 41.88 20130515 122034 20130614 122034
-90.86 48.43 20130517 181440 20130616 181440
-89.76 36.35 20130425 195628 20130525 195628
-90.33 43.6 20130320 164851 20130419 164851
-99.86 43.67 20130326 165318 20130425 165318
-91.69 46.1 20130312 160926 20130411 160926
-98.78 36.83 20130412 100920 20130512 100920
-88.63 39.11 20130526 074528 20130625 074528
-99.34 36.38 20130305 124607 20130404 124607
-90.07 42.11 20130324 053802 20130423 053802
-83.26 52.79 20130307 165754 20130406 165754
-91.45 41.57 20130316 150950 20130415 150950
-85.42 41.08 20130205 163122 20130307 163122
-93.25 40.53 20130324 222947 20130423 222947
-85.32 41.68 20130419 160131 20130519 160131
-94.07 42.36 20130509 143738 20130608 143738
-92.53 45.29 20130105 104659 20130204 104659
-96.72 50.32 20130427 234107 20130527 234107
-86.56 36.35 20130207 081020 20130309 081020
-98.29 44.92 20130307 191347 20130406 191347
-96.85 49.7 20130429 181507 20130529 181507
-105.52 51.83 20130412 185515 20130512 185515
-83.54 40.44 20130503 215802 20130602 215802
-77.68 38.53 20130423 235101 20130523 235101
-103.87 54.29 20130308 064550 20130407 064550
-90.06 49.03 20130503 125021 20130602 125021
-81.63 48.67 20130204 195522 20130306 195522
-80.76 38.56 20130115 003838 20130214 003838
-89.53 42.53 20130125 135755 20130224 135755
-95.97 47.19 20130417 133319 20130517 133319
-110.27 40.34 20130227 152837 20130329 152837
-109.1 54.85 20130511 002220 20130610 002220
-106.18 53.5 20130520 215109 20130619 215109
-83.61 46.01 20130419 015447 20130519 015447
-93.18 36.8 20130501 122637 20130531 122637
-99.65 43.58 20130402 042503 20130502 042503
-109.97 51.6 20130501 234349 20130531 234349
-95.07 36.95 20130318 112342 20130417 112342
-96.03 36.04 20130308 080657 20130407 080657
-87.65 36 20130521 152911 20130620 152911
-102.28 47.11 20130117 151917 20130216 151917
-110.16 49.76 20130114 023904 20130213 023904
-84.49 46 20130601 005254 20130701 005254
-85.04 48.39 20130410 001824 20130510 001824
-80.54 50.6 20130213 183635 20130315 183635
-90.71 41.8 20130401 083908 20130501 083908
-107.04 43.98 20130307 110001 20130406 110001
-110.68 46.81 20130213 132312 20130315 132312
-107.66 52.16 20130130 125613 20130301 125613
-86.97 53.05 20130313 151657 20130412 151657
-104.84 48.55 20130111 060137 20130210 060137
-92.44 39.98 20130124 135422 20130223 135422
-87.06 36.37 20130221 172918 20130323 172918
-106.46 51.47 20130324 155036 20130423 155036
-83.73 40.12 20130118 195909 20130217 195909
-88.02 44.06 20130116 183143 20130215 183143
-100.35 53.92 20130125 165906 20130224 165906
-98.25 39.52 20130305 205900 20130404 205900
-94.59 48.43 20130515 150833 20130614 150833
-103.02 53.3 20130210 232849 20130312 232849
-104.28 37.61 20130303 131907 20130402 131907
-109.12 46.86 20130221 191908 20130323 191908
-87.94 37.63 20130202 225733 20130304 225733
-105.17 51.93 20130307 122040 20130406 122040
-102.97 47.11 20130302 061519 20130401 061519
-92.5 51.46 20130404 021158 20130504 021158
-104.63 47.76 20130130 051415 20130301 051415
-80.42 39.84 20130419 135229 20130519 135229
-91.56 46.33 20130319 153239 20130418 153239
-99.98 49.25 20130415 141654 20130515 141654
-108.09 54.33 20130222 153137 20130324 153137
-95.52 36.76 20130512 134518 20130611 134518
-94.31 45.67 20130106 134756 20130205 134756
-96.44 46.44 20130510 183554 20130609 183554
-85.48 50.44 20130528 033516 20130627 033516
-102.4 45.99 20130425 031343 20130525 031343
-108.05 52.06 20130522 194757 20130621 194757
-93.04 48.37 20130325 014139 20130424 014139
-100.14 37.27 20130112 003139 20130211 003139
-87.26 53.12 20130110 044133 20130209 044133
-94.84 54.18 20130312 225356 20130411 225356
-105.59 46.27 20130404 013302 20130504 013302
-78.81 38.28 20130126 124828 20130225 124828
-81.21 45.66 20130526 125415 20130625 125415
-107.92 46.95 20130601 014059 20130701 014059
-106.41 52.42 20130505 180357 20130604 180357
-77.26 42.78 20130517 111645 20130616 111645
-105.98 48.5 20130330 163936 20130429 163936
-81.27 50.89 20130419 181820 20130519 181820
-99.69 38.95 20130318 114430 20130417 114430
-108.79 43.65 20130313 102838 20130412 102838
-104.33 47.17 20130227 061317 20130329 061317
-91.83 44.55 20130125 105808 20130224 105808
-80.93 37.18 20130429 223953 20130529 223953
-96.41 37.84 20130328 105639 20130427 105639
-87.82 37.94 20130226 023232 20130328 023232
-96.55 39.67 20130422 085433 20130522 085433
-109.71 43.96 20130203 072729 20130305 072729
-101.01 38.02 20130422 154148 20130522 154148
-79.94 44.07 20130331 021104 20130430 021104
-104.71 52.18 20130213 093110 20130315 093110
-95.13 53.91 20130523 222329 20130622 222329
-84.5 52.53 20130105 120624 20130204 120624
-105.16 54.53 20130515 194346 20130614 194346
-76.27 43.91 20130203 063900 20130305 063900
-98 42.37 20130309 070615 20130408 070615
-95.54 50.45 20130306 070722 20130405 070722
-93.28 51.92 20130113 071850 20130212 071850
-84.93 41.64 20130307 144216 20130406 144216
-95.65 40.41 20130127 021658 20130226 021658
-84.59 43 20130316 063728 20130415 063728
-84.22 46.67 20130131 012420 20130302 012420
-84.14 44.79 20130403 021658 20130503 021658
-77.17 48.32 20130430 112150 20130530 112150
-90.59 39.73 20130428 171849 20130528 171849
-91.42 49.46 20130429 180731 20130529 180731
-81.38 43.35 20130402 180427 20130502 180427
-81.44 39.39 20130516 011201 20130615 011201
-80.43 43.62 20130327 004017 20130426 004017
-110.22 55 20130512 235238 20130611 235238
-96.29 41.8 20130509 121135 20130608 121135
-98.22 45.21 20130408 033350 20130508 033350
-81.59 45.3 20130527 113109 20130626 113109
-100.81 49.74 20130303 180840 20130402 180840
-82.54 35.62 20130429 165145 20130529 165145
-91.31 45.93 20130523 040739 20130622 040739
-90.19 35.57 20130211 145343 20130313 145343
-83.4 43.94 20130427 234452 20130527 234452
-103.64 35.57 20130318 081834 20130417 081834
-106.86 41.21 20130527 181043 20130626 181043
-88.53 37.76 20130327 215713 20130426 215713
-99.18 40.45 20130316 040754 20130415 040754
-84.97 42.84 20130526 014409 20130625 014409
-85.63 40.58 20130430 111511 20130530 111511
-102.72 53.76 20130112 213100 20130211 213100
-78.84 41.29 20130121 005018 20130220 005018
-103.18 46.35 20130314 212428 20130413 212428
-100.31 52.16 20130215 052555 20130317 052555
-87.79 35.71 20130103 213139 20130202 213139
-80.31 51.58 20130417 154755 20130517 154755
-85.98 46.82 20130426 071540 20130526 071540
-80.68 36.48 20130413 180712 20130513 180712
-101.65 44.94 20130418 031616 20130518 031616
-100.57 37.38 20130201 114202 20130303 114202
-93.21 42.22 20130228 192715 20130330 192715
-89.52 40.03 20130206 004458 20130308 004458
-76.25 52.29 20130510 041909 20130609 041909
-82.53 38.63 20130309 083614 20130408 083614
-89.28 42.26 20130329 053105 20130428 053105
-92.45 52.43 20130503 174732 20130602 174732
-95.87 47.99 20130518 132546 20130617 132546
-98 49.8 20130225 140947 20130327 140947
-80.42 38.36 20130107 054330 20130206 054330
-97.05 42.33 20130402 224039 20130502 224039
-80.1 43.68 20130219 153039 20130321 153039
-90.17 35.09 20130521 120942 20130620 120942
-87.65 46.87 20130112 145211 20130211 145211
-90.96 44.98 20130513 182202 20130612 182202
-97.46 38.49 20130518 052601 20130617 052601
-77.77 51.59 20130113 093407 20130212 093407
-78.14 35.24 20130119 180011 20130218 180011
-96.82 43.05 20130314 130512 20130413 130512
-83.38 54.82 20130223 165327 20130325 165327
-97.69 51.98 20130211 110522 20130313 110522
-93.41 45.14 20130531 213418 20130630 213418
-95.13 37.02 20130417 234917 20130517 234917
-95.66 48.3 20130421 221041 20130521 221041
-102.47 35.79 20130313 104540 20130412 104540
-92.33 51.32 20130410 152224 20130510 152224
-110.91 42.95 20130228 030547 20130330 030547
-110.63 53.99 20130223 045556 20130325 045556
-107.09 50.65 20130519 152832 20130618 152832
-101.65 46.25 20130112 190550 20130211 190550
-96.68 40.21 20130417 135130 20130517 135130
-81.4 54.45 20130125 171959 20130224 171959
-95.24 39.75 20130401 123147 20130501 123147
-104.9 43.03 20130125 144634 20130224 144634
-99.45 47.28 20130506 081237 20130605 081237
-103.24 47.89 20130111 050258 20130210 050258
-89.57 43.6 20130510 151918 20130609 151918
-95.72 51.09 20130511 004851 20130610 004851
-106.71 43.46 20130510 200222 20130609 200222
-105.99 43.26 20130326 183211 20130425 183211
-106.02 41.09 20130114 215755 20130213 215755
-104.62 46.96 20130110 000248 20130209 000248
-79.39 54.16 20130528 150321 20130627 150321
-107.72 41.84 20130502 052710 20130601 052710
-101.54 40.86 20130325 164713 20130424 164713
-102.43 36.18 20130317 063100 20130416 063100
-94.19 36.94 20130113 200824 20130212 200824
-96.27 48.94 20130223 034028 20130325 034028
-100.4 45.86 20130331 161909 20130430 161909
-77.61 40.53 20130408 173708 20130508 173708
-87.63 53.14 20130508 150507 20130607 150507
-95.99 39.83 20130205 113505 20130307 113505
-96.16 54.25 20130512 224737 20130611 224737
-95.66 41.57 20130310 185331 20130409 185331
-110.44 51.96 20130526 165345 20130625 165345
-85.08 36.81 20130217 182606 20130319 182606
-97.43 51.17 20130327 052135 20130426 052135
-91.54 45.67 20130224 173916 20130326 173916
-81.75 41.68 20130418 194256 20130518 194256
-79.35 48.56 20130415 081446 20130515 081446
-78.83 44.45 20130414 172121 20130514 172121
-97.35 44.91 20130323 011049 20130422 011049
-86.57 45.24 20130408 112356 20130508 112356
-93.95 52.41 20130414 215406 20130514 215406
-80.04 46.65 20130301 101408 20130331 101408
-92.85 40.82 20130307 021055 20130406 021055
-101.27 54.59 20130509 182920 20130608 182920
-81.8 48.66 20130120 040917 20130219 040917
-78.85 44.03 20130213 103532 20130315 103532
-80.59 50.46 20130318 062947 20130417 062947
-78.07 48.88 20130309 055407 20130408 055407
-93.72 52.42 20130509 073728 20130608 073728
-80.7 51.08 20130202 151049 20130304 151049
-83.89 36.33 20130309 044535 20130408 044535
-84.72 45.59 20130330 102412 20130429 102412
-92.34 48.53 20130213 031110 20130315 031110
-82.78 42.01 20130530 193229 20130629 193229
-101.05 51.69 20130405 043855 20130505 043855
-77.57 39.23 20130424 002246 20130524 002246
-84.84 47.89 20130504 145039 20130603 145039
-79.78 45.01 20130430 183200 20130530 183200
-97.23 39.04 20130526 033429 20130625 033429
-86.85 47.47 20130409 003626 20130509 003626
-96.84 37.32 20130403 100918 20130503 100918
-91.27 51.31 20130424 034217 20130524 034217
-84.61 36.64 20130227 192220 20130329 192220
-105.05 35.92 20130508 130021 20130607 130021
-95.83 40.08 20130524 010752 20130623 010752
-78.29 36.08 20130507 020732 20130606 020732
-91.21 54.27 20130315 010503 20130414 010503
-96.85 47.68 20130131 160644 20130302 160644
-97.21 38.03 20130528 122949 20130627 122949
-102.85 50.25 20130327 044215 20130426 044215
-94.46 38 20130308 074045 20130407 074045
-79.7 36.02 20130313 202104 20130412 202104
-103.56 49.64 20130525 142047 20130624 142047
-88.68 46.6 20130503 215021 20130602 215021
-93.62 40.1 20130110 162525 20130209 162525
-93.19 41.2 20130219 123821 20130321 123821
-77.14 42.39 20130222 173550 20130324 173550
-100.57 36 20130305 102615 20130404 102615
-100.02 42.99 20130330 122757 20130429 122757
-78.23 50.16 20130310 103909 20130409 103909
-94.16 49.77 20130508 173333 20130607 173333
-91.65 39.45 20130124 140547 20130223 140547
-88.53 50.91 20130507 082636 20130606 082636
-76.26 53.41 20130120 193042 20130219 193042
-96.81 38.34 20130114 034454 20130213 034454
-91.27 44.22 20130531 044752 20130630 044752
-91.69 40.24 20130121 034437 20130220 034437
-78.75 43.84 20130516 001520 20130615 001520
-85.33 37.31 20130228 234950 20130330 234950
-80.82 53.98 20130529 120642 20130628 120642
-100.94 42.59 20130111 161203 20130210 161203
-86.6 38.46 20130221 074432 20130323 074432
-98.84 41.96 20130226 180214 20130328 180214
-109.17 41.33 20130131 191717 20130302 191717
-100.78 37.55 20130517 013743 20130616 013743
-81.19 50.23 20130123 065548 20130222 065548
-81.3 50.12 20130416 163800 20130516 163800
-107.33 39.69 20130304 135852 20130403 135852
-86.07 52.59 20130106 051651 20130205 051651
-94.56 36.87 20130526 202438 20130625 202438
-98.99 51.93 20130514 105942 20130613 105942
-102.47 38.99 20130305 123159 20130404 123159
-85.65 43.27 20130112 012850 20130211 012850
-94.97 50.46 20130524 210935 20130623 210935
-91.38 46.03 20130110 020051 20130209 020051
-95.82 41.3 20130310 071238 20130409 071238
-104.36 47.25 20130523 143127 20130622 143127
-82.71 50.42 20130422 193957 20130522 193957
-100.71 36.47 20130501 181533 20130531 181533
-100.83 35.37 20130301 002229 20130331 002229
-77.56 46.56 20130406 015741 20130506 015741
-85.72 49.44 20130219 104750 20130321 104750
-81.9 51.83 20130113 010359 20130212 010359
-107.33 50.97 20130330 160922 20130429 160922
-96.17 48.64 20130129 133025 20130228 133025
-82.88 41.18 20130504 171726 20130603 171726
-84.26 54.56 20130226 125748 20130328 125748
-101.68 49.67 20130511 091853 20130610 091853
-99.62 48.63 20130427 154623 20130527 154623
-79.66 47.04 20130422 113907 20130522 113907
-94.29 35.02 20130312 174506 20130411 174506
-94.35 39.01 20130105 043352 20130204 043352
-85.05 48.6 20130409 163400 20130509 163400
-99.09 38.55 20130502 194324 20130601 194324
-98.74 49.59 20130418 112225 20130518 112225
-97.38 39.15 20130223 084038 20130325 084038
-106.67 41.74 20130517 021637 20130616 021637
-92.06 43.28 20130421 054816 20130521 054816
-93.54 40.6 20130206 005906 20130308 005906
-89.24 48.05 20130417 054642 20130517 054642
-108.29 46.68 20130119 023045 20130218 023045
-82.12 41.23 20130418 122220 20130518 122220
-99.39 44.44 20130509 020334 20130608 020334
-89.48 50.25 20130320 015103 20130419 015103
-81.61 43.82 20130108 041626 20130207 041626
-78.04 42.18 20130228 134633 20130330 134633
-96.73 35.17 20130526 110754 20130625 110754
-102.79 46.76 20130529 203156 20130628 203156
-108.13 39.39 20130113 050018 20130212 050018
-77.32 43.36 20130119 201505 20130218 201505
-90.64 54.82 20130104 105907 20130203 105907
-91.03 35.5 20130320 204354 20130419 204354
-100.83 50.22 20130119 162715 20130218 162715
-82.71 42.09 20130104 015850 20130203 015850
-81.49 45.75 20130130 193429 20130301 193429
-88.32 53.31 20130206 104701 20130308 104701
-105.65 36.08 20130224 235833 20130326 235833
-78.46 44.08 20130520 192213 20130619 192213
-76.9 49.57 20130404 200311 20130504 200311
-92.1 49.75 20130316 151042 20130415 151042
-86.06 40.28 20130524 023718 20130623 023718
-107 53.43 20130211 091147 20130313 091147
-100.01 36.88 20130201 074819 20130303 074819
-99.36 42.44 20130111 015618 20130210 015618
-107.75 42.94 20130312 112644 20130411 112644
-86.39 54.07 20130302 231042 20130401 231042
-91.99 47.03 20130314 190357 20130413 190357
-94.48 44.73 20130204 145909 20130306 145909
-101.2 49.55 20130527 055313 20130626 055313
-79.69 35.34 20130321 215945 20130420 215945
-78.09 51.65 20130122 132009 20130221 132009
-76.13 37.2 20130211 104645 20130313 104645
-79.43 45.33 20130414 082608 20130514 082608
-97.62 37.79 20130509 091112 20130608 091112
-91.81 46.94 20130228 044710 20130330 044710
-99.66 38.43 20130429 230248 20130529 230248
-105.67 54.45 20130305 002403 20130404 002403
-79.15 48.9 20130114 131007 20130213 131007
-86.26 53.29 20130118 191703 20130217 191703
-85.72 40.1 20130318 140753 20130417 140753
-86 48.39 20130223 074841 20130325 074841
-94.51 54.15 20130313 062137 20130412 062137
