24.23 45.28 20141111 045119 20141211 045119
24.27 41 20140908 230644 20141008 230644
11.13 52.72 20141012 065429 20141111 065429
18.31 56.79 20140827 005222 20140926 005222
16.71 50.59 20140827 162938 20140926 162938
-4.28 46.13 20140920 012529 20141020 012529
-1.78 44.67 20141005 111351 20141104 111351
-3.07 59.9 20140921 203825 20141021 203825
18.33 46.34 20141105 150755 20141205 150755
16.66 58.64 20141130 093913 20141230 093913
7.21 55.26 20141007 100239 20141106 100239
-3.49 55.19 20141021 063507 20141120 063507
3.62 52.75 20141109 054041 20141209 054041
19.5 50.45 20140909 191147 20141009 191147
19.96 57.12 20140823 045619 20140922 045619
22.87 51.53 20140921 004304 20141021 004304
13.95 58.07 20140815 122505 20140914 122505
20.19 52.96 20140807 182709 20140906 182709
25.34 49.95 20141109 010435 20141209 010435
-6.2 48.6 20141005 205940 20141104 205940
11.71 55.76 20141019 194147 20141118 194147
-2.68 51.03 20141117 161127 20141217 161127
-8.53 46.41 20141021 080608 20141120 080608
-6.26 58.62 20141125 230010 20141225 230010
21.24 54.26 20140814 001117 20140913 001117
12.44 41.37 20141003 072228 20141102 072228
11.26 59.39 20140824 082001 20140923 082001
-5.74 45.33 20140808 150610 20140907 150610
1.04 52.27 20141020 141339 20141119 141339
3.12 54.29 20140804 060622 20140903 060622
1.21 57.82 20140927 234349 20141027 234349
4.64 43.03 20141014 185200 20141113 185200
19.36 56.32 20140825 153753 20140924 153753
21.29 54.03 20141008 165012 20141107 165012
-3.06 52.76 20140818 042046 20140917 042046
5.76 55.07 20140919 211558 20141019 211558
-0.85 48.12 20141117 004510 20141217 004510
13.5 57.3 20140921 035953 20141021 035953
4.05 51.4 20140807 112254 20140906 112254
21.99 42.69 20141122 004828 20141222 004828
-8.41 47.07 20141102 080507 20141202 080507
22.1 51.52 20141104 205954 20141204 205954
22.66 58.73 20141020 114541 20141119 114541
16.12 57.4 20140810 005124 20140909 005124
3.87 59.61 20141127 035329 20141227 035329
15.29 52.69 20141017 011546 20141116 011546
17.32 49.29 20140831 111415 20140930 111415
18.9 55.63 20141107 210916 20141207 210916
10.89 59.71 20140911 192756 20141011 192756
23.27 47.88 20140810 022912 20140909 022912
19.97 44.86 20141015 222830 20141114 222830
-1.3 41.74 20141113 164221 20141213 164221
-1.23 56.12 20141111 194114 20141211 194114
16.99 48.48 20141103 101122 20141203 101122
21.39 41.25 20140910 113101 20141010 113101
3.74 55.47 20140828 180401 20140927 180401
5.92 56.89 20140924 150922 20141024 150922
18.89 46.87 20141102 201818 20141202 201818
10.86 48.38 20141130 215920 20141230 215920
-5.56 49.74 20141015 225639 20141114 225639
9.19 50.48 20140912 175651 20141012 175651
-6.18 45.9 20141016 011117 20141115 011117
1.04 42.6 20140830 033332 20140929 033332
10.14 50.74 20140907 133305 20141007 133305
19.43 54.58 20141004 094609 20141103 094609
6.36 41.49 20140915 021641 20141015 021641
-1.16 48.54 20140805 023143 20140904 023143
-0.5 56.45 20140914 223646 20141014 223646
8.11 44.32 20141110 183834 20141210 183834
10.66 55.25 20141012 081231 20141111 081231
14.32 51.43 20141015 064549 20141114 064549
3.6 57.22 20141022 225924 20141121 225924
16.25 57.98 20140819 125138 20140918 125138
-4.24 57.51 20141101 091458 20141201 091458
-1.99 46.59 20141113 082512 20141213 082512
21.87 59.05 20140806 023506 20140905 023506
0.21 59.89 20140923 004015 20141023 004015
8.35 42.34 20140910 192513 20141010 192513
13.85 41.71 20140810 132531 20140909 132531
-6.22 55.35 20141028 031054 20141127 031054
8.32 45.74 20140915 161356 20141015 161356
-6.81 52.71 20141028 171708 20141127 171708
11.52 56 20141117 040658 20141217 040658
-6.73 59.86 20141008 182118 20141107 182118
1.41 43.45 20140902 174602 20141002 174602
-3.29 44.37 20141013 003904 20141112 003904
15.65 44 20140826 080743 20140925 080743
25.4 44.46 20141019 115639 20141118 115639
23.3 42.35 20140907 112227 20141007 112227
-8.66 46.69 20141201 030420 20141231 030420
-6.98 53.41 20141109 064342 20141209 064342
-7.6 45.85 20140906 154948 20141006 154948
11.51 41.61 20141028 185045 20141127 185045
17.76 56.61 20140911 062413 20141011 062413
-4.46 58.22 20141114 014633 20141214 014633
-3.15 58.05 20141107 041113 20141207 041113
-5.07 56.82 20140903 102818 20141003 102818
12.53 59.07 20141008 175403 20141107 175403
-6.37 46.48 20140911 020514 20141011 020514
-1.32 42.51 20141006 225658 20141105 225658
8.05 50.26 20141120 230232 20141220 230232
-0.7 54.82 20141012 084416 20141111 084416
10.62 44.93 20140821 090708 20140920 090708
13.56 52.38 20141023 001908 20141122 001908
2.71 43.08 20141023 011906 20141122 011906
-8.08 46.49 20140810 234539 20140909 234539
5.58 46.66 20141002 002823 20141101 002823
1.77 47.92 20140927 000013 20141027 000013
-6.66 48.84 20141029 174924 20141128 174924
19.67 50.67 20140812 165857 20140911 165857
12.86 53.1 20140811 063808 20140910 063808
-0.73 42.34 20141007 113631 20141106 113631
10.45 50.33 20140831 073800 20140930 073800
19.25 45.13 20140831 131153 20140930 131153
21.12 48.19 20141015 103240 20141114 103240
12.4 42.48 20140828 061722 20140927 061722
-7.22 47.26 20140923 104755 20141023 104755
21.77 44.51 20141114 111331 20141214 111331
-5.92 43.08 20141001 074002 20141031 074002
17.01 59.76 20140930 001243 20141030 001243
20.11 41.7 20141018 224847 20141117 224847
-5 51.52 20141122 234015 20141222 234015
23.97 48.31 20140916 065351 20141016 065351
20.43 41.6 20140807 073057 20140906 073057
21.58 41.53 20141017 125231 20141116 125231
6.96 47.08 20140919 010803 20141019 010803
-0.06 59.67 20140905 224449 20141005 224449
7.78 54.59 20140929 081843 20141029 081843
16 54.12 20141121 222741 20141221 222741
-3.23 48.62 20141110 034327 20141210 034327
16.54 43.62 20141017 161149 20141116 161149
25.39 46.47 20140919 041844 20141019 041844
24.77 44.31 20140819 212035 20140918 212035
22.28 57.38 20140804 211217 20140903 211217
18.56 50.62 20140910 131820 20141010 131820
13.88 50.99 20140822 103415 20140921 103415
17.71 44.46 20140830 054804 20140929 054804
-0.91 57.39 20141109 122905 20141209 122905
23.85 50.36 20140917 143243 20141017 143243
6.57 58.35 20141022 131027 20141121 131027
-6.61 54.9 20140903 143352 20141003 143352
13.38 50.65 20140923 001116 20141023 001116
17.58 53.28 20141129 063253 20141229 063253
9.42 52.49 20140915 034259 20141015 034259
0.85 57.91 20141019 070215 20141118 070215
11.42 43.65 20141009 213930 20141108 213930
10.38 52.48 20141103 234628 20141203 234628
-8.71 45.52 20140927 192312 20141027 192312
-0.28 48.7 20140902 105150 20141002 105150
17.21 56.7 20141113 135513 20141213 135513
22.55 50.2 20140915 004403 20141015 004403
13.23 45.2 20141125 042017 20141225 042017
18.56 53.87 20140923 095040 20141023 095040
13.15 53.54 20140815 015453 20140914 015453
-2.05 47.17 20140813 155132 20140912 155132
25.9 54.71 20141129 165457 20141229 165457
19.45 57.49 20141115 013632 20141215 013632
7.84 55.04 20140929 153238 20141029 153238
10.13 55.1 20140826 075704 20140925 075704
22.31 41.76 20141119 011031 20141219 011031
18.07 43.01 20141127 180248 20141227 180248
2.16 50.62 20140824 125923 20140923 125923
7.24 58.54 20141005 112620 20141104 112620
11.46 58.15 20140901 135435 20141001 135435
0.69 50.51 20141122 233745 20141222 233745
-2.26 49.18 20141126 195133 20141226 195133
0.95 58.87 20141023 195207 20141122 195207
0.48 42.08 20140811 081728 20140910 081728
14.4 46.73 20141023 193649 20141122 193649
1.93 51.24 20141130 221142 20141230 221142
14.96 41.15 20140921 132657 20141021 132657
-0.66 50.93 20141127 162410 20141227 162410
12.87 53.42 20140912 210219 20141012 210219
8.72 58.98 20141101 234021 20141201 234021
3.04 51.68 20140915 235828 20141015 235828
19.62 54.56 20141118 202820 20141218 202820
12.76 42.41 20141011 214809 20141110 214809
6.23 50.4 20140806 204526 20140905 204526
17.06 50.47 20141129 222823 20141229 222823
0.77 55.76 20140808 152329 20140907 152329
-3.22 51.62 20141020 122603 20141119 122603
3.04 53.19 20140903 193522 20141003 193522
25.27 41.33 20140924 093459 20141024 093459
-1.46 59.55 20141009 164955 20141108 164955
10.67 47.5 20140826 212048 20140925 212048
7.56 56.85 20140819 061623 20140918 061623
19.85 56.94 20140823 234626 20140922 234626
22.42 48.44 20141022 083824 20141121 083824
0.88 53.64 20140911 013812 20141011 013812
-4.87 51.64 20141030 081200 20141129 081200
1.3 49.49 20140908 104248 20141008 104248
-2.71 42.95 20141022 034624 20141121 034624
9.8 49.45 20141008 150247 20141107 150247
-5.96 47.95 20141019 021405 20141118 021405
-1.81 53.55 20141106 003217 20141206 003217
-8.48 45.53 20140909 233326 20141009 233326
11.4 46.79 20141005 162805 20141104 162805
24.21 52.18 20141002 095611 20141101 095611
14.91 56.28 20141009 041018 20141108 041018
15.07 42.73 20141002 162013 20141101 162013
16.08 45.15 20141201 074846 20141231 074846
-1.67 59.05 20141123 100104 20141223 100104
-4.13 52.66 20141028 214533 20141127 214533
21.3 54.94 20141118 034113 20141218 034113
12.83 44.22 20140828 142601 20140927 142601
4.54 56.09 20140806 022719 20140905 022719
2.4 44.29 20141017 065226 20141116 065226
-8.72 59.86 20141129 192509 20141229 192509
17.54 54.12 20141201 090324 20141231 090324
6.67 46.4 20140807 060814 20140906 060814
-5.22 52.84 20140805 215659 20140904 215659
-3.93 44.82 20141021 083152 20141120 083152
5.9 42.71 20141024 140056 20141123 140056
-8.08 52.71 20140818 012032 20140917 012032
-3.1 59.44 20141124 084513 20141224 084513
19.42 46.54 20141126 201259 20141226 201259
12.32 55.53 20141107 210540 20141207 210540
3.85 44.76 20141127 200309 20141227 200309
-0.41 48.15 20140930 160827 20141030 160827
12.65 50.94 20140906 123133 20141006 123133
3.87 52.57 20140909 133542 20141009 133542
-3.58 57.08 20141110 155720 20141210 155720
-2.51 47.95 20140912 084619 20141012 084619
12.79 41.34 20140817 115054 20140916 115054
-3.11 45.27 20141117 234947 20141217 234947
25 57.57 20141123 013650 20141223 013650
5.39 47.66 20141127 055259 20141227 055259
11.73 43.64 20141103 182636 20141203 182636
21.37 52.8 20140828 135139 20140927 135139
15.6 43.77 20141126 205029 20141226 205029
13.69 53.73 20141028 030554 20141127 030554
25.22 54.9 20141110 063247 20141210 063247
-6.29 56.4 20141020 225117 20141119 225117
25.22 46.4 20141006 024100 20141105 024100
12.83 48.7 20140821 212235 20140920 212235
-3.64 46.86 20140904 233227 20141004 233227
-6.56 56.16 20141007 060719 20141106 060719
-3.52 55.69 20141012 103945 20141111 103945
-8.09 43.67 20141130 081337 20141230 081337
-8.79 51.97 20141118 232815 20141218 232815
14.1 46.92 20141128 113204 20141228 113204
22.12 52.1 20141013 163910 20141112 163910
-6.74 49.44 20140905 135520 20141005 135520
21.15 52.61 20141026 132641 20141125 132641
10.55 59.5 20140812 082654 20140911 082654
1.48 52.74 20141003 050853 20141102 050853
-2.87 57.75 20140907 053750 20141007 053750
18.3 56.31 20141017 144133 20141116 144133
7.24 57.52 20141113 111510 20141213 111510
24.54 56.67 20140812 090941 20140911 090941
-4.86 52.05 20140807 150102 20140906 150102
7.86 42.64 20141101 013156 20141201 013156
21.42 45.24 20141021 163145 20141120 163145
-6 44.64 20141120 230103 20141220 230103
5.6 56.27 20141028 092318 20141127 092318
0.89 54.63 20141123 200849 20141223 200849
9.31 42.88 20141110 231716 20141210 231716
9.66 57.57 20141015 112428 20141114 112428
8.1 41.08 20141024 215419 20141123 215419
13.81 43.45 20140917 004806 20141017 004806
25.46 55.32 20140903 114710 20141003 114710
15.53 48.67 20141019 222604 20141118 222604
8.59 57.72 20141126 164300 20141226 164300
12.23 42.18 20141114 043255 20141214 043255
17.97 42.99 20141028 121115 20141127 121115
-2.09 53.27 20141014 161831 20141113 161831
12.38 48.45 20141107 203716 20141207 203716
6.92 46.61 20141014 115235 20141113 115235
3.44 55.16 20141004 043617 20141103 043617
23.52 44.64 20141023 073334 20141122 073334
14.43 55.14 20140925 232102 20141025 232102
1.9 41.08 20140825 005616 20140924 005616
-0.98 54.16 20141130 093833 20141230 093833
14.8 57.43 20140812 062750 20140911 062750
13.47 57.01 20140929 080951 20141029 080951
16.79 55.78 20141025 120929 20141124 120929
4.81 55.53 20140812 082624 20140911 082624
3.31 43.32 20141106 081049 20141206 081049
18.81 59.84 20140917 112948 20141017 112948
13.82 49.46 20140928 201252 20141028 201252
14.32 54.81 20141110 194928 20141210 194928
1.79 50.22 20141118 091147 20141218 091147
3.87 56.63 20141102 113151 20141202 113151
15.67 55.64 20141019 120322 20141118 120322
2.22 49.06 20140807 071646 20140906 071646
-0.46 41.8 20141108 104206 20141208 104206
14.04 49.4 20140928 043916 20141028 043916
-3.25 56.01 20141127 211338 20141227 211338
21.2 45.89 20140810 220336 20140909 220336
0.33 46.58 20141002 061840 20141101 061840
25.79 53.79 20141122 192617 20141222 192617
7.85 47.89 20140922 021853 20141022 021853
16.68 49.1 20140927 042013 20141027 042013
19.09 47.38 20140818 020805 20140917 020805
16.47 49.6 20140917 123846 20141017 123846
8.49 45.01 20140822 084315 20140921 084315
-4.1 51.14 20141022 180313 20141121 180313
22.65 50.52 20141029 023621 20141128 023621
7.65 49.71 20141016 220938 20141115 220938
15.03 41.47 20141111 182252 20141211 182252
16.76 59.54 20140822 142530 20140921 142530
14.55 51.8 20141020 101721 20141119 101721
8.21 46.08 20140816 004602 20140915 004602
6.24 52.79 20141014 065508 20141113 065508
8.8 58.07 20141010 121108 20141109 121108
-2.76 58.01 20140925 040043 20141025 040043
14.38 54.41 20141108 021206 20141208 021206
25.15 49.27 20140819 210757 20140918 210757
-2.42 49.25 20141030 074744 20141129 074744
15.96 43.3 20141118 013140 20141218 013140
-4.93 48.29 20140822 131415 20140921 131415
19.36 46.29 20141019 034610 20141118 034610
-4.11 42.77 20140902 154944 20141002 154944
9.33 49.91 20141126 092406 20141226 092406
23.55 51.92 20141130 050143 20141230 050143
4.32 51.35 20141127 093640 20141227 093640
1.13 50.47 20141025 052730 20141124 052730
-1.91 59.86 20140921 040644 20141021 040644
-3.32 55.92 20140822 234634 20140921 234634
12.71 41.61 20140813 030417 20140912 030417
16.75 48.23 20141023 023304 20141122 023304
22.6 57.38 20140831 105441 20140930 105441
1.07 54.94 20141117 112614 20141217 112614
10.85 50.74 20141007 120937 20141106 120937
23.46 43.29 20141119 063829 20141219 063829
-4.62 42.77 20140914 112907 20141014 112907
-1.01 53.2 20141019 011250 20141118 011250
16.03 43.72 20141114 102415 20141214 102415
-2.25 47.34 20140914 060655 20141014 060655
19.88 49.79 20140924 051043 20141024 051043
18.62 51.62 20140904 070723 20141004 070723
3.65 46.69 20140830 202313 20140929 202313
9.78 54.54 20140904 175858 20141004 175858
17.26 51.87 20141024 103733 20141123 103733
17.36 45.12 20141130 184525 20141230 184525
12.15 45.12 20141013 093935 20141112 093935
14.25 43.35 20140819 131607 20140918 131607
-7.06 52.8 20141029 025317 20141128 025317
16.29 41.6 20141009 063013 20141108 063013
2.68 58.79 20141012 014351 20141111 014351
20.56 55.17 20140901 141532 20141001 141532
15.19 52.58 20140928 031318 20141028 031318
-2.8 42.69 20140915 144755 20141015 144755
-7.03 46.98 20141022 222651 20141121 222651
11.01 45.57 20141129 084009 20141229 084009
-5.92 57.08 20140817 205235 20140916 205235
-1.81 58.46 20140911 224226 20141011 224226
-0.63 48.04 20140917 051914 20141017 051914
-5.37 46.81 20141104 103457 20141204 103457
5.89 56.81 20140903 015404 20141003 015404
4.84 54.39 20141011 011453 20141110 011453
9.49 56.04 20140822 063737 20140921 063737
18.37 59.91 20141117 175243 20141217 175243
-7.43 56.48 20141019 130714 20141118 130714
-1.94 41.68 20140819 105455 20140918 105455
14.21 41.6 20140804 215022 20140903 215022
10.72 57.86 20140922 133456 20141022 133456
