22.07 56.14 20110128 111253 20110227 111253
20.1 62.04 20110521 190830 20110620 190830
18.96 60.75 20110414 143816 20110514 143816
2.58 57.23 20110401 131639 20110501 131639
11.99 60.48 20110121 054945 20110220 054945
3.35 60.96 20110516 214035 20110615 214035
12.09 51.68 20110113 225209 20110212 225209
14.73 54.06 20110424 100445 20110524 100445
21.59 63.71 20110308 221953 20110407 221953
6.45 67.32 20110323 221321 20110422 221321
13.07 56.6 20110105 102349 20110204 102349
20.24 61.98 20110310 093403 20110409 093403
2.62 54.38 20110112 195545 20110211 195545
33.15 52.29 20110411 193543 20110511 193543
36.81 62.81 20110123 005554 20110222 005554
30.49 65.1 20110328 004204 20110427 004204
30.19 65.66 20110501 020132 20110531 020132
19.93 61.97 20110509 152001 20110608 152001
12.88 58.18 20110228 104628 20110330 104628
18.01 64.93 20110515 093957 20110614 093957
14.11 66.68 20110120 034414 20110219 034414
23.62 56.1 20110422 115926 20110522 115926
36.43 67.7 20110309 191208 20110408 191208
10.6 59.75 20110208 201642 20110310 201642
24.55 65.64 20110426 174836 20110526 174836
13.27 64.71 20110217 222330 20110319 222330
9.87 51.06 20110309 050412 20110408 050412
10.62 59.89 20110303 004956 20110402 004956
11.46 60 20110209 223652 20110311 223652
8.74 68.25 20110119 024432 20110218 024432
23.95 52.57 20110405 005524 20110505 005524
34.5 52.93 20110508 122046 20110607 122046
33.8 52.98 20110130 204311 20110301 204311
28.27 55.93 20110316 064304 20110415 064304
11.36 59.67 20110323 051322 20110422 051322
24.77 51.58 20110218 144026 20110320 144026
35.59 54.33 20110307 051515 20110406 051515
26.07 52.13 20110420 120330 20110520 120330
5.61 55.27 20110111 150721 20110210 150721
13.66 56.23 20110127 065412 20110226 065412
36.32 63.5 20110104 115024 20110203 115024
5.76 52.06 20110506 163355 20110605 163355
13.85 59.86 20110224 204106 20110326 204106
10.91 60.31 20110312 132829 20110411 132829
8.57 53.07 20110518 021722 20110617 021722
16.06 57.59 20110130 040556 20110301 040556
36.48 61.21 20110127 072135 20110226 072135
36.14 52.09 20110207 021053 20110309 021053
15.38 62.79 20110216 022513 20110318 022513
2.45 67.75 20110415 194332 20110515 194332
21.48 59.15 20110214 155007 20110316 155007
24.89 54.32 20110426 150357 20110526 150357
10.08 67.94 20110127 203311 20110226 203311
13.32 66.1 20110105 091800 20110204 091800
22.2 55.72 20110501 134715 20110531 134715
9.07 59.35 20110517 104514 20110616 104514
11.46 67.72 20110228 094518 20110330 094518
2.06 61.38 20110305 111904 20110404 111904
16.26 52.86 20110423 003241 20110523 003241
19.74 55.66 20110129 095823 20110228 095823
27.17 54.09 20110415 130729 20110515 130729
26.8 51.53 20110211 110721 20110313 110721
36.7 53.86 20110206 230803 20110308 230803
12.56 61.78 20110124 063615 20110223 063615
16.68 67.53 20110104 223256 20110203 223256
28.27 53.09 20110129 070750 20110228 070750
3.51 64.19 20110504 021500 20110603 021500
7.07 58.71 20110523 222953 20110622 222953
8.23 65.36 20110316 131116 20110415 131116
23.1 66.38 20110115 145426 20110214 145426
20.87 53.95 20110109 193425 20110208 193425
9.05 51.29 20110520 202942 20110619 202942
13.4 63.44 20110328 182755 20110427 182755
36.92 52.48 20110221 133059 20110323 133059
10.16 53.61 20110422 083656 20110522 083656
12.49 58.01 20110525 223208 20110624 223208
5.65 55.14 20110325 175417 20110424 175417
29.24 55.8 20110505 113242 20110604 113242
19.11 62.4 20110215 063507 20110317 063507
28.5 52.95 20110110 230427 20110209 230427
15.23 61.61 20110513 064830 20110612 064830
21.82 58.61 20110109 132241 20110208 132241
11.66 52.67 20110409 094126 20110509 094126
29.15 54.84 20110511 143708 20110610 143708
32.13 63.01 20110201 152015 20110303 152015
29.65 62.54 20110401 042349 20110501 042349
34.98 66.23 20110421 142332 20110521 142332
10.04 61.9 20110319 205013 20110418 205013
25.03 60.94 20110122 125843 20110221 125843
7.89 69.66 20110315 033939 20110414 033939
20.28 58.09 20110528 031303 20110627 031303
31.23 62.39 20110225 074039 20110327 074039
36.31 53.84 20110501 114934 20110531 114934
6.61 66.82 20110524 085430 20110623 085430
16.69 52.71 20110528 082252 20110627 082252
25.6 63.78 20110422 084955 20110522 084955
32.8 64.42 20110325 085635 20110424 085635
27.22 65.95 20110417 212516 20110517 212516
19.19 60.27 20110225 172639 20110327 172639
10.5 59.9 20110121 045128 20110220 045128
21.35 61.83 20110330 183256 20110429 183256
36.66 67.41 20110527 021309 20110626 021309
27.94 59.09 20110424 051211 20110524 051211
3.43 62.3 20110331 063923 20110430 063923
20.1 57.97 20110130 094117 20110301 094117
26.28 64.11 20110311 013238 20110410 013238
16.86 59.45 20110506 062951 20110605 062951
6.05 52.52 20110218 175109 20110320 175109
8.1 61.9 20110414 020602 20110514 020602
26.53 60.48 20110425 162402 20110525 162402
21.58 60.18 20110208 155201 20110310 155201
7.56 55.62 20110505 231153 20110604 231153
5.26 65.82 20110511 045127 20110610 045127
3.32 51.08 20110413 125532 20110513 125532
14.39 51.96 20110213 085034 20110315 085034
36.42 63.01 20110404 043654 20110504 043654
13.67 58.31 20110330 101020 20110429 101020
23.2 63.87 20110215 034934 20110317 034934
7.19 51.28 20110104 033229 20110203 033229
19.46 64.26 20110301 030909 20110331 030909
15.63 63.05 20110228 030224 20110330 030224
14.59 52.46 20110318 033207 20110417 033207
36.28 69.37 20110523 001121 20110622 001121
4.87 56.74 20110301 132212 20110331 132212
21.52 59.51 20110118 191321 20110217 191321
21.68 63.68 20110118 185914 20110217 185914
16.34 54.02 20110308 202545 20110407 202545
24.73 67.25 20110517 135632 20110616 135632
15.92 58.86 20110522 190347 20110621 190347
23.33 58.49 20110208 194121 20110310 194121
3.74 68.2 20110430 180432 20110530 180432
30.26 52.18 20110525 120410 20110624 120410
30.88 56.98 20110509 134740 20110608 134740
5.64 69.29 20110520 094454 20110619 094454
16.37 52.33 20110507 010416 20110606 010416
18.16 55.56 20110412 093317 20110512 093317
24.91 61.67 20110113 024037 20110212 024037
18.24 55.68 20110211 180104 20110313 180104
16.26 55.69 20110114 064931 20110213 064931
13.6 66.66 20110127 170556 20110226 170556
24.53 62.98 20110508 062822 20110607 062822
10.31 56.16 20110316 113013 20110415 113013
17.91 59.18 20110318 234315 20110417 234315
31.75 60.68 20110122 210251 20110221 210251
9.9 57.32 20110209 220740 20110311 220740
15.19 52.91 20110106 223722 20110205 223722
9.62 57.96 20110505 103310 20110604 103310
31.84 69.59 20110426 140818 20110526 140818
26.01 52.14 20110418 064208 20110518 064208
6.23 54.42 20110505 154334 20110604 154334
32.78 58.04 20110402 134219 20110502 134219
30.88 52.8 20110108 094721 20110207 094721
7.61 64.47 20110127 214458 20110226 214458
19.42 59.84 20110508 155726 20110607 155726
32.03 63.31 20110330 192056 20110429 192056
27.12 56.64 20110209 195538 20110311 195538
8.52 57.84 20110323 193422 20110422 193422
13.4 51.67 20110104 023017 20110203 023017
13.91 66.63 20110316 135313 20110415 135313
18.78 56.68 20110205 163119 20110307 163119
12.68 59.53 20110418 063339 20110518 063339
2.82 64.73 20110319 042003 20110418 042003
8.07 68.48 20110105 124605 20110204 124605
2.64 51.18 20110424 024904 20110524 024904
8.93 66.39 20110204 002830 20110306 002830
35.01 63.49 20110308 091132 20110407 091132
30.56 51.92 20110406 180543 20110506 180543
16.85 51.38 20110408 221555 20110508 221555
26.43 60.92 20110413 200106 20110513 200106
29.6 57.38 20110324 204550 20110423 204550
8.31 62.26 20110304 235754 20110403 235754
26.03 68.65 20110314 211955 20110413 211955
26.87 52.47 20110320 042645 20110419 042645
27.85 58.08 20110520 090521 20110619 090521
28.78 64 20110314 153947 20110413 153947
12.84 68.36 20110315 022440 20110414 022440
11.04 53.96 20110512 232514 20110611 232514
16.64 61.37 20110516 092215 20110615 092215
18.34 64.14 20110330 105642 20110429 105642
7.48 53.22 20110107 024056 20110206 024056
24.14 51.11 20110419 091533 20110519 091533
29.21 55.16 20110512 121145 20110611 121145
9.22 55.07 20110212 095423 20110314 095423
16.74 57.49 20110211 012846 20110313 012846
32 51.79 20110123 171937 20110222 171937
13.03 60.47 20110201 181132 20110303 181132
17.5 62.34 20110420 195558 20110520 195558
9.66 68.92 20110109 150944 20110208 150944
31.24 62.15 20110417 035643 20110517 035643
24.99 64.64 20110528 130152 20110627 130152
5.86 60.39 20110212 130635 20110314 130635
10.26 63.4 20110128 200907 20110227 200907
27.04 62.18 20110522 041627 20110621 041627
35.82 62.68 20110407 232125 20110507 232125
13.95 56.2 20110411 022902 20110511 022902
9.67 65.21 20110301 071915 20110331 071915
10.3 57.82 20110128 001731 20110227 001731
27.66 61.43 20110113 180519 20110212 180519
15.45 61.91 20110506 000621 20110605 000621
36.22 67.19 20110519 143733 20110618 143733
24.55 65.13 20110322 202649 20110421 202649
3.61 53.85 20110416 211558 20110516 211558
22.83 60.49 20110412 120635 20110512 120635
4.94 56.88 20110306 212004 20110405 212004
36.08 64.59 20110324 131630 20110423 131630
15.69 56.62 20110508 214355 20110607 214355
17.8 61.73 20110226 163334 20110328 163334
9.99 51.66 20110403 130756 20110503 130756
11.17 66.98 20110126 192901 20110225 192901
9.6 64.57 20110129 121836 20110228 121836
27.83 56.5 20110511 015609 20110610 015609
25.44 60.66 20110206 173138 20110308 173138
36.88 51.43 20110206 195810 20110308 195810
10.18 66.57 20110401 234520 20110501 234520
9.12 62.47 20110226 013108 20110328 013108
27.72 52.58 20110404 021225 20110504 021225
20.21 69.74 20110513 112019 20110612 112019
28.31 66.98 20110515 200403 20110614 200403
7.91 57.8 20110317 011832 20110416 011832
25.02 64.89 20110516 042308 20110615 042308
17.83 68.06 20110330 220658 20110429 220658
5.67 54.28 20110406 121850 20110506 121850
33.68 69.97 20110405 112803 20110505 112803
8.5 55.83 20110324 073033 20110423 073033
10.06 53 20110531 011750 20110630 011750
19.14 59.2 20110113 201442 20110212 201442
6.22 64.04 20110501 080319 20110531 080319
32.66 66.52 20110301 081905 20110331 081905
4.95 52.3 20110304 140534 20110403 140534
2.37 52.86 20110212 153935 20110314 153935
18.03 61.37 20110531 231054 20110630 231054
8.42 53.08 20110523 022857 20110622 022857
16.3 58.76 20110528 061716 20110627 061716
25.64 62.78 20110331 025752 20110430 025752
16.69 55.55 20110426 153236 20110526 153236
16.96 52.42 20110525 130120 20110624 130120
24.05 68.89 20110515 180135 20110614 180135
34.28 56.1 20110207 015208 20110309 015208
6.77 57.75 20110111 231725 20110210 231725
14.79 60.95 20110421 060240 20110521 060240
29.89 58.6 20110424 115613 20110524 115613
6.44 66.71 20110421 143437 20110521 143437
12.18 63.41 20110201 151228 20110303 151228
32.33 59.04 20110519 112738 20110618 112738
14.63 51.82 20110414 121316 20110514 121316
16.32 59.65 20110226 185705 20110328 185705
21.43 67.27 20110310 044615 20110409 044615
32.23 68.13 20110127 201703 20110226 201703
20.8 68.7 20110501 102339 20110531 102339
19.44 55.12 20110524 144201 20110623 144201
18 52.92 20110331 050350 20110430 050350
28.62 65.37 20110526 100327 20110625 100327
27.62 51.04 20110220 143723 20110322 143723
13.27 60.41 20110525 035756 20110624 035756
22.66 60.25 20110305 113204 20110404 113204
16.18 59.87 20110417 130529 20110517 130529
9.3 69.92 20110405 212311 20110505 212311
17.01 64.35 20110213 012452 20110315 012452
3.21 67.16 20110510 223434 20110609 223434
15.5 56.83 20110312 151444 20110411 151444
7.07 66.52 20110214 212505 20110316 212505
19.46 66.54 20110318 204751 20110417 204751
26.48 62.59 20110113 190857 20110212 190857
27.24 63.49 20110321 105214 20110420 105214
18.71 68.58 20110123 162902 20110222 162902
22.93 53.06 20110414 065128 20110514 065128
22.83 64.3 20110427 081253 20110527 081253
25.78 60.71 20110122 132917 20110221 132917
10.54 69.53 20110209 040415 20110311 040415
35.73 64.63 20110424 215200 20110524 215200
21.23 58.54 20110126 211711 20110225 211711
7.7 53.51 20110425 031959 20110525 031959
11.14 69.5 20110208 093057 20110310 093057
20.95 54.3 20110202 073321 20110304 073321
10.32 66.34 20110318 145900 20110417 145900
17.08 55.48 20110318 192154 20110417 192154
18.1 68.75 20110531 205512 20110630 205512
13.21 64.92 20110420 022839 20110520 022839
16.29 56.52 20110401 075730 20110501 075730
30.82 52.43 20110107 133356 20110206 133356
9.82 66.17 20110223 155410 20110325 155410
23.12 69.85 20110416 173109 20110516 173109
22.56 60.06 20110525 064233 20110624 064233
9.38 62.07 20110426 041112 20110526 041112
24.07 52.85 20110330 080116 20110429 080116
3.77 63.81 20110403 143500 20110503 143500
19.2 60.08 20110510 111232 20110609 111232
26.26 54.77 20110521 170231 20110620 170231
17.35 65.74 20110523 083654 20110622 083654
23.75 63.02 20110106 103326 20110205 103326
17.67 61.4 20110520 041432 20110619 041432
18.52 66.65 20110423 143728 20110523 143728
22.77 61.1 20110508 174505 20110607 174505
6.2 69.27 20110412 215610 20110512 215610
9.3 61.44 20110303 092648 20110402 092648
8.76 60.06 20110307 093834 20110406 093834
17.44 51.66 20110331 193931 20110430 193931
11.25 68.2 20110120 094630 20110219 094630
14.55 69.7 20110501 175734 20110531 175734
9.75 62.68 20110112 105606 20110211 105606
9.2 61.99 20110225 032748 20110327 032748
30.65 65.11 20110325 122908 20110424 122908
31.24 65.33 20110410 091754 20110510 091754
4.87 67.32 20110306 051301 20110405 051301
25.49 65.64 20110201 122601 20110303 122601
24.82 68 20110202 190425 20110304 190425
34.48 64.3 20110204 110141 20110306 110141
28.24 56.28 20110203 041156 20110305 041156
35.94 69.81 20110518 174448 20110617 174448
18.59 56.27 20110121 131513 20110220 131513
7.95 63.97 20110220 070504 20110322 070504
9.4 55.57 20110320 000250 20110419 000250
3.92 57.6 20110315 142734 20110414 142734
27.74 54.45 20110403 092325 20110503 092325
28.25 58.27 20110107 041206 20110206 041206
35.89 65.95 20110414 031316 20110514 031316
33.28 54.43 20110415 234712 20110515 234712
22.77 62 20110502 230937 20110601 230937
16.8 53.52 20110520 161748 20110619 161748
19.65 69.22 20110422 211435 20110522 211435
31.42 55.96 20110512 064033 20110611 064033
14.65 54.08 20110326 220820 20110425 220820
4.6 68.75 20110212 101811 20110314 101811
18.09 54.4 20110311 123826 20110410 123826
29.21 55.23 20110412 101644 20110512 101644
26.32 62.79 20110310 104748 20110409 104748
5.7 52.55 20110210 041206 20110312 041206
8.09 65.55 20110110 062225 20110209 062225
23.03 56.69 20110206 151643 20110308 151643
33.59 55.91 20110514 050533 20110613 050533
19.82 57.58 20110227 175620 20110329 175620
9.32 65.39 20110508 150545 20110607 150545
19.48 62.77 20110112 083725 20110211 083725
22.37 66.39 20110218 082044 20110320 082044
30.02 57.68 20110306 230410 20110405 230410
23.8 62.07 20110218 033750 20110320 033750
16.14 52.79 20110330 055849 20110429 055849
29.95 59.95 20110408 170126 20110508 170126
29.57 69.04 20110504 011128 20110603 011128
12.78 66.3 20110310 190416 20110409 190416
7.32 55.78 20110223 225739 20110325 225739
11.33 53.71 20110427 105749 20110527 105749
12.79 56.1 20110529 151659 20110628 151659
11.66 58.39 20110323 155010 20110422 155010
34.71 63.47 20110130 005224 20110301 005224
36.71 58.81 20110403 001710 20110503 001710
34.02 67.44 20110213 213709 20110315 213709
20.91 55.74 20110119 073847 20110218 073847
27.42 69.99 20110529 134353 20110628 134353
3.1 59.72 20110109 215856 20110208 215856
2.8 55.74 20110420 162151 20110520 162151
24.2 53.28 20110507 015233 20110606 015233
35.66 54.08 20110306 003605 20110405 003605
19.99 67.72 20110321 071427 20110420 071427
36.68 59.36 20110528 181952 20110627 181952
17.69 53.71 20110528 163309 20110627 163309
22.91 64.75 20110122 161025 20110221 161025
