-97.59 45.52 20130216 000306 20130318 000306
-104.26 40.53 20130203 055822 20130305 055822
-76.44 50.77 20130120 040558 20130219 040558
-76.17 45.19 20130122 003927 20130221 003927
-92.2 44.74 20130108 170915 20130207 170915
-83.37 39.87 20130130 074004 20130301 074004
-80.92 40.12 20130325 165131 20130424 165131
-105.24 50.17 20130410 233513 20130510 233513
-109.37 46.56 20130218 030015 20130320 030015
-77.96 44.48 20130429 173130 20130529 173130
-81.78 49.64 20130502 081605 20130601 081605
-95.93 42.96 20130314 205254 20130413 205254
-80.81 37.8 20130218 040334 20130320 040334
-93.34 47.1 20130208 052218 20130310 052218
-90.76 35.11 20130118 095131 20130217 095131
-82.86 54.54 20130421 165256 20130521 165256
-91.38 49.2 20130123 104105 20130222 104105
