17.4 41.29 20141124 002448 20141224 002448
-7.15 44.12 20140916 222707 20141016 222707
14.27 42.71 20140822 224506 20140921 224506
-4.87 56.45 20140818 224220 20140917 224220
2.21 52.52 20140916 120220 20141016 120220
15.19 42.04 20141118 064159 20141218 064159
18.34 57.51 20141120 032418 20141220 032418
18.87 51.66 20140806 035815 20140905 035815
16.53 44.92 20141113 155111 20141213 155111
22.89 48.7 20140924 014200 20141024 014200
24.81 57.31 20140829 061340 20140928 061340
-7.27 57.89 20140821 222218 20140920 222218
17.36 55.74 20140809 192340 20140908 192340
-2.63 56.25 20140902 094259 20141002 094259
-8.95 59.01 20141127 224958 20141227 224958
14.72 56.91 20140805 053845 20140904 053845
5.5 57.68 20141024 031032 20141123 031032
-1.26 56.52 20140920 003010 20141020 003010
-8.21 55.81 20140921 072012 20141021 072012
8.83 52.92 20140807 102801 20140906 102801
-3.89 41.18 20141014 232224 20141113 232224
21.7 58.2 20141021 091156 20141120 091156
-5.97 49.32 20141115 175203 20141215 175203
3.03 56.77 20141016 063547 20141115 063547
12.63 49.31 20141122 071702 20141222 071702
3.62 45.69 20141107 092802 20141207 092802
0.3 59.89 20141108 070730 20141208 070730
19.49 43.78 20141126 111048 20141226 111048
-1.26 57.77 20140811 111536 20140910 111536
-7.61 56.9 20141030 150555 20141129 150555
17.72 57.19 20141006 105947 20141105 105947
9.03 58.58 20140824 111500 20140923 111500
22.96 46.2 20141101 033013 20141201 033013
-8.23 55.92 20140922 135824 20141022 135824
8.5 44.71 20140902 002955 20141002 002955
18.87 50.22 20140901 125440 20141001 125440
19.54 49.14 20140928 083053 20141028 083053
15.17 44.28 20140924 024928 20141024 024928
2.37 41.1 20141017 043626 20141116 043626
5.25 52.95 20140818 121131 20140917 121131
22.86 57.86 20140823 225322 20140922 225322
17.09 49.92 20141029 015641 20141128 015641
24.18 59.61 20140911 101518 20141011 101518
8.91 47.88 20141018 134755 20141117 134755
-5.27 51.09 20141011 071930 20141110 071930
13.95 59.76 20140819 092656 20140918 092656
6.59 54.5 20141005 000628 20141104 000628
17.07 49.82 20140827 145154 20140926 145154
-6.52 55.85 20140926 143338 20141026 143338
22.05 58.37 20141110 203929 20141210 203929
3.75 57.53 20141009 091158 20141108 091158
23.06 42.62 20140903 073833 20141003 073833
15.24 45.69 20140822 202249 20140921 202249
2.35 56.06 20140927 055054 20141027 055054
4.3 46.2 20140816 125049 20140915 125049
18.93 52.76 20141113 022157 20141213 022157
24.96 45.52 20140922 005138 20141022 005138
-8.57 49.04 20140922 054720 20141022 054720
12.23 41.12 20140805 071608 20140904 071608
18.41 56.12 20140910 101850 20141010 101850
-4.41 46.16 20140831 035936 20140930 035936
20.85 57.57 20141113 101739 20141213 101739
8.03 59.08 20140904 193118 20141004 193118
-4.31 59.18 20140818 164745 20140917 164745
0.41 49.75 20141004 153248 20141103 153248
16.16 50.76 20140804 114211 20140903 114211
21.8 57.92 20141023 150025 20141122 150025
14.83 42.3 20141103 122134 20141203 122134
12.34 51.43 20140905 141826 20141005 141826
-1.15 45.81 20140909 121239 20141009 121239
-5.27 53.02 20140814 060550 20140913 060550
5.74 57.75 20141031 231142 20141130 231142
12.75 42.74 20140915 190817 20141015 190817
1.41 43.74 20140812 002504 20140911 002504
15.62 45.31 20140819 155500 20140918 155500
0.93 48.7 20141114 143324 20141214 143324
18.13 53.69 20141003 140852 20141102 140852
7.71 43.78 20140825 144301 20140924 144301
1.89 46.47 20140918 082905 20141018 082905
6.16 52.28 20140909 200359 20141009 200359
3.34 58.97 20141122 123754 20141222 123754
12.18 46.52 20141101 073121 20141201 073121
0.72 56.78 20141111 014029 20141211 014029
-2.69 52.07 20140819 180001 20140918 180001
-2.57 52.44 20141114 144440 20141214 144440
25.4 44.89 20140828 220724 20140927 220724
7.72 54.28 20140907 145154 20141007 145154
22.56 45.76 20141104 130145 20141204 130145
18.83 59.69 20141106 040013 20141206 040013
-7.52 49.33 20140917 075655 20141017 075655
9 59.99 20141110 021940 20141210 021940
0.56 44.56 20141017 094751 20141116 094751
19.71 42.26 20140903 183048 20141003 183048
14.32 47.6 20140829 015830 20140928 015830
-4.3 47.73 20140816 183914 20140915 183914
5.82 54.43 20140904 214729 20141004 214729
6.13 47.57 20140914 032623 20141014 032623
15.55 54.45 20141120 201529 20141220 201529
-4.3 48.63 20141101 101311 20141201 101311
20.08 52.81 20141110 023900 20141210 023900
6.37 55.15 20140927 122835 20141027 122835
-2.76 48.16 20141028 110231 20141127 110231
1.74 52.79 20140809 142600 20140908 142600
7.66 46.39 20140906 010529 20141006 010529
-6.65 48.21 20141118 094121 20141218 094121
24.42 43.79 20141027 231706 20141126 231706
-0.78 47.91 20141001 090356 20141031 090356
2.68 57.47 20140909 230947 20141009 230947
6.42 51.72 20140918 001032 20141018 001032
18.73 55.99 20141017 130126 20141116 130126
-3.87 59.7 20140923 203252 20141023 203252
-6.42 49.34 20140901 023848 20141001 023848
-5.18 55.95 20141014 135645 20141113 135645
-2.08 57.29 20140827 000457 20140926 000457
17.82 56.99 20141107 121456 20141207 121456
22.13 54.08 20141021 151358 20141120 151358
21.34 59.06 20141022 083335 20141121 083335
15.7 41.34 20140818 010518 20140917 010518
-1.4 50.37 20141121 021511 20141221 021511
15.6 54.64 20140804 090035 20140903 090035
11.83 55.18 20140810 125555 20140909 125555
-5.22 49.4 20140804 002519 20140903 002519
-2.29 44.52 20140806 061009 20140905 061009
11.98 55.59 20141107 112149 20141207 112149
-0.12 44.69 20141002 210934 20141101 210934
6.49 50.15 20141108 024957 20141208 024957
-8.75 51.61 20141201 015135 20141231 015135
8.63 55.14 20141030 153230 20141129 153230
8.41 53.48 20140926 002420 20141026 002420
-5.55 56.43 20141108 170133 20141208 170133
14.91 54.72 20140827 033024 20140926 033024
7.77 43.8 20140816 114757 20140915 114757
1.56 41.1 20141025 113930 20141124 113930
25.21 45.69 20141102 080538 20141202 080538
11.79 41.4 20141110 230323 20141210 230323
0.21 42.2 20141121 060452 20141221 060452
20.48 42.95 20141106 073337 20141206 073337
8.83 45.02 20140909 183548 20141009 183548
20.73 49.99 20141020 131112 20141119 131112
6.49 57.05 20140914 022757 20141014 022757
15.98 48.99 20141126 144658 20141226 144658
-0.65 52.71 20140908 094344 20141008 094344
-0.01 53.92 20140905 163335 20141005 163335
21.94 44.56 20141020 110440 20141119 110440
15.04 44.98 20141101 163428 20141201 163428
23.02 59.43 20140906 080129 20141006 080129
8.93 45.79 20140830 220818 20140929 220818
-8.45 51.38 20140829 133714 20140928 133714
-1.52 47.41 20140920 025556 20141020 025556
0.97 47.07 20140928 024620 20141028 024620
-1.63 44.39 20140818 163805 20140917 163805
12.16 59.51 20141113 210337 20141213 210337
24.37 53.66 20140923 102903 20141023 102903
21.54 41.81 20141028 113447 20141127 113447
18.72 53.11 20141029 183854 20141128 183854
-7.23 59.22 20140906 213410 20141006 213410
-6.05 49.64 20140811 092148 20140910 092148
18.39 47.27 20140824 093930 20140923 093930
-2.46 54.14 20141104 012819 20141204 012819
-5.73 42.87 20141023 000448 20141122 000448
-1.41 42.91 20140916 073708 20141016 073708
-1.91 55.06 20141119 035316 20141219 035316
6.93 44.47 20140824 000541 20140923 000541
-0.01 42.24 20140829 165842 20140928 165842
11.5 57.47 20140822 204340 20140921 204340
-5.43 53.91 20140806 221557 20140905 221557
-6.39 47.23 20141104 164928 20141204 164928
7.48 53.9 20140924 082201 20141024 082201
18.5 41.81 20141111 065828 20141211 065828
1.28 42.26 20140827 073913 20140926 073913
14.97 55.48 20140830 062742 20140929 062742
20.11 51.51 20140804 025124 20140903 025124
11.52 51.75 20141028 152143 20141127 152143
1.13 55.52 20141001 122514 20141031 122514
-6.05 51.11 20140807 190103 20140906 190103
-1.7 55.38 20140908 022902 20141008 022902
-0.93 51.93 20141121 102529 20141221 102529
-4.76 50.78 20140903 141500 20141003 141500
-2.21 51.95 20140929 031134 20141029 031134
-0.91 55.33 20141112 055125 20141212 055125
18.88 58.04 20141123 153645 20141223 153645
-8.34 54.87 20140805 045621 20140904 045621
21 54.7 20140925 055202 20141025 055202
21.22 58.49 20140805 015454 20140904 015454
13.01 51.19 20141122 092751 20141222 092751
17.22 50.68 20141004 225544 20141103 225544
3.11 49.35 20141125 052721 20141225 052721
6.57 41.75 20141002 094303 20141101 094303
18.7 44.02 20140921 165256 20141021 165256
11.45 54.82 20141029 170031 20141128 170031
-7.82 55.11 20141111 133731 20141211 133731
24.06 48.5 20141116 231256 20141216 231256
3.05 41.87 20140804 172443 20140903 172443
16.27 56.53 20141121 025841 20141221 025841
23.78 54.06 20140922 085050 20141022 085050
6.07 42.56 20140811 005859 20140910 005859
5.61 42.1 20141122 044304 20141222 044304
-4.41 43.28 20140820 153254 20140919 153254
-5.92 56.63 20140912 221705 20141012 221705
8.5 42.56 20140921 201336 20141021 201336
18.61 59.67 20141121 194703 20141221 194703
0.51 51.49 20141127 200608 20141227 200608
17.38 45.23 20140919 052045 20141019 052045
-4.58 42.7 20141030 124526 20141129 124526
-6.19 47.68 20140910 210423 20141010 210423
-4.53 54.52 20141111 112938 20141211 112938
-2.69 47.53 20141014 005121 20141113 005121
0.68 52.98 20141121 024815 20141221 024815
21.94 55.41 20141130 090946 20141230 090946
1.82 57.56 20141121 210851 20141221 210851
7.36 50.43 20140803 103741 20140902 103741
12.29 46.43 20141109 065038 20141209 065038
17.61 44.31 20141005 093304 20141104 093304
13.51 44.33 20140906 225307 20141006 225307
16.27 50.89 20141116 111344 20141216 111344
14.42 57.33 20140921 104656 20141021 104656
4.28 58.47 20140826 183444 20140925 183444
24.53 52.86 20141124 070307 20141224 070307
19.06 51.72 20140808 210908 20140907 210908
3.59 58.55 20141110 122524 20141210 122524
-4.22 59.84 20141102 204026 20141202 204026
0.69 43.64 20140913 061254 20141013 061254
-6.07 53.95 20140811 022747 20140910 022747
-7.01 42.18 20140909 105811 20141009 105811
22.83 46.81 20140816 205447 20140915 205447
15.33 43.52 20140903 125834 20141003 125834
-1.74 46.15 20141031 085729 20141130 085729
13.16 43.75 20141129 054710 20141229 054710
-5.47 44.3 20141106 210314 20141206 210314
-1.96 53.51 20141004 154241 20141103 154241
-8.18 59.98 20141110 183215 20141210 183215
5.46 42.56 20141025 170243 20141124 170243
22.08 41.42 20140815 202409 20140914 202409
-3.91 46.64 20140824 083007 20140923 083007
-7.91 57.27 20140927 045545 20141027 045545
5.72 52.56 20140829 111527 20140928 111527
24.29 58.96 20140920 095703 20141020 095703
-3.96 56.85 20140810 120836 20140909 120836
20.02 42.53 20141017 043543 20141116 043543
25.2 46.81 20141107 135954 20141207 135954
-8.06 51.97 20141014 114949 20141113 114949
6.09 52.21 20140913 015335 20141013 015335
6.24 49.48 20141117 080349 20141217 080349
13.86 59.84 20141128 050432 20141228 050432
-8.67 43.41 20141129 184612 20141229 184612
19.36 44.96 20141123 035458 20141223 035458
3.01 52.88 20141028 021555 20141127 021555
19.98 46.61 20141116 205447 20141216 205447
20.56 46.65 20140828 112732 20140927 112732
10.67 58 20141022 041321 20141121 041321
-7.99 42.54 20141030 062851 20141129 062851
15.59 42.08 20141010 220658 20141109 220658
6.1 46.29 20140820 003411 20140919 003411
11.18 45.51 20141030 204527 20141129 204527
22.57 58.64 20141020 055449 20141119 055449
15.65 43.25 20141109 082709 20141209 082709
18.68 57.31 20141008 020052 20141107 020052
9.69 58.88 20140902 012255 20141002 012255
-4.34 59.46 20141127 152149 20141227 152149
-2.72 57.09 20140929 235140 20141029 235140
-1.21 45 20141017 162734 20141116 162734
-3.44 45.75 20141028 175841 20141127 175841
20.24 54.59 20141123 035432 20141223 035432
0.81 59.56 20141014 090253 20141113 090253
11.82 51.93 20140830 174327 20140929 174327
18.27 51.06 20140901 032726 20141001 032726
1.84 58.41 20140912 114240 20141012 114240
3.24 45.45 20140921 232511 20141021 232511
16.33 52.65 20140904 221630 20141004 221630
2.79 43.02 20140908 020725 20141008 020725
9.53 41.71 20141124 155002 20141224 155002
-6.13 51.35 20140902 040559 20141002 040559
9.25 51.9 20140914 083828 20141014 083828
18.25 43.93 20141014 210149 20141113 210149
16.21 44.08 20140805 125021 20140904 125021
11.83 49.71 20140927 171955 20141027 171955
7.22 53.21 20140921 182055 20141021 182055
22.57 59.03 20141018 125236 20141117 125236
15.41 55.92 20141128 221140 20141228 221140
12.59 58.96 20141107 214753 20141207 214753
-4.54 52.5 20141102 145752 20141202 145752
-6.68 53.18 20141025 023047 20141124 023047
-3.31 58.07 20140904 113335 20141004 113335
21.48 43.1 20141201 031413 20141231 031413
-3.03 46.2 20140902 121250 20141002 121250
17.52 52.58 20140930 223754 20141030 223754
-0.33 49.56 20140912 065456 20141012 065456
13.68 58.39 20140830 020949 20140929 020949
-1.86 49.2 20140821 091523 20140920 091523
-2.6 51.3 20141015 120300 20141114 120300
17.35 48.71 20140914 145425 20141014 145425
21.14 41.93 20141027 000826 20141126 000826
-4.23 43.34 20140901 104339 20141001 104339
6.65 55.72 20141010 071708 20141109 071708
11.71 54.96 20141107 083850 20141207 083850
12.05 47.25 20140903 150951 20141003 150951
5.41 58.31 20140913 174709 20141013 174709
25.86 47.84 20140903 223715 20141003 223715
7.63 42.68 20140920 092256 20141020 092256
-5.67 41.89 20140810 075402 20140909 075402
9.83 54.25 20141109 070116 20141209 070116
25.94 54.12 20141113 194402 20141213 194402
-8.66 55.07 20140822 202717 20140921 202717
25.03 55.26 20140907 074103 20141007 074103
-6.61 46.49 20140926 181300 20141026 181300
13.38 59.13 20141125 034947 20141225 034947
-3.41 42.84 20140809 203023 20140908 203023
23.47 57.12 20140828 043302 20140927 043302
8.35 50.03 20141016 085606 20141115 085606
-4.41 56.82 20141028 063710 20141127 063710
20.31 46.79 20140808 050239 20140907 050239
-5.5 56.44 20140814 230926 20140913 230926
21.44 47.98 20140807 195915 20140906 195915
15.85 51.92 20140819 150930 20140918 150930
25.47 47.73 20140829 023000 20140928 023000
3.62 44.82 20141009 062941 20141108 062941
18.93 50.47 20141117 032143 20141217 032143
-3.84 56.56 20140825 065421 20140924 065421
20.92 44.45 20140830 114917 20140929 114917
13.94 57.2 20140825 050155 20140924 050155
-5.21 52.14 20140803 165012 20140902 165012
-7.04 45.6 20141026 115830 20141125 115830
2.82 44.65 20140907 181708 20141007 181708
2.15 58.42 20140828 034127 20140927 034127
-6.32 59.71 20141014 194757 20141113 194757
9.32 47.13 20141114 031804 20141214 031804
-2.69 41.52 20141124 220031 20141224 220031
14.27 55.03 20140829 073323 20140928 073323
17.92 55.14 20140910 040753 20141010 040753
11.7 42.8 20140813 154759 20140912 154759
-8.35 53.21 20140928 161954 20141028 161954
6.02 42.55 20140827 215707 20140926 215707
-2.58 55.62 20141110 051333 20141210 051333
-6.22 53.76 20140829 152111 20140928 152111
-6.62 51.99 20140821 175129 20140920 175129
8.78 51.61 20141024 034835 20141123 034835
14.51 50.83 20140812 061822 20140911 061822
0.54 59.6 20140917 144612 20141017 144612
24.69 57.83 20140823 154053 20140922 154053
9.21 54.04 20141128 011053 20141228 011053
10.52 48.35 20140807 022012 20140906 022012
-7.75 47.72 20140927 063347 20141027 063347
11.29 52.29 20141024 150853 20141123 150853
-6.16 52.98 20141101 081417 20141201 081417
-1.23 53.36 20141123 155334 20141223 155334
-1.14 46.99 20140814 231741 20140913 231741
12.61 58.14 20141129 184603 20141229 184603
10.69 44.1 20140918 094425 20141018 094425
16.56 49.09 20141129 165521 20141229 165521
-5.44 55.3 20140912 091611 20141012 091611
25.31 41.34 20140926 004423 20141026 004423
15.29 42.74 20140815 070352 20140914 070352
-4.06 46.57 20141105 150953 20141205 150953
-5.8 41.5 20141027 074352 20141126 074352
22.59 52.17 20141002 070139 20141101 070139
-2.73 56.92 20140810 202843 20140909 202843
-2.69 55.65 20140924 155357 20141024 155357
