5.07 62.53 20110426 024712 20110526 024712
13.61 65.64 20110315 002422 20110414 002422
10.03 61.38 20110321 131241 20110420 131241
33.99 51.33 20110419 170121 20110519 170121
5.35 57.34 20110407 125043 20110507 125043
10.28 64.26 20110114 015131 20110213 015131
5.56 55.48 20110308 035331 20110407 035331
11.24 53.29 20110329 100953 20110428 100953
24.98 61.44 20110210 012831 20110312 012831
13.34 62.53 20110515 200417 20110614 200417
14.35 51.69 20110113 142539 20110212 142539
20.58 59.82 20110404 220654 20110504 220654
24.16 58.98 20110220 064555 20110322 064555
3.82 63.7 20110522 235653 20110621 235653
27.49 63.67 20110302 204710 20110401 204710
18.7 67.76 20110222 083429 20110324 083429
26.88 51.72 20110212 003812 20110314 003812
34.36 59.44 20110324 102716 20110423 102716
26.33 63.86 20110415 082125 20110515 082125
12.83 52.47 20110411 163158 20110511 163158
17.47 56.96 20110514 063011 20110613 063011
2.84 53.26 20110206 102456 20110308 102456
9.33 59.89 20110212 042724 20110314 042724
8.31 60.99 20110516 163527 20110615 163527
35.58 58.89 20110412 212545 20110512 212545
33.72 66.54 20110530 204035 20110629 204035
33.52 56.63 20110107 210625 20110206 210625
11.44 66.71 20110508 011942 20110607 011942
35.62 58.88 20110528 134504 20110627 134504
36.16 60.78 20110318 100353 20110417 100353
21.15 69.6 20110330 105245 20110429 105245
36.26 60.28 20110216 192312 20110318 192312
16.24 61.67 20110131 211236 20110302 211236
23.32 52.06 20110125 183107 20110224 183107
4.71 54.03 20110525 084452 20110624 084452
18.39 60.65 20110222 030832 20110324 030832
19.82 54.98 20110402 045153 20110502 045153
14.39 62.55 20110122 152449 20110221 152449
2.77 65.78 20110202 033519 20110304 033519
9.54 60.23 20110202 053039 20110304 053039
3.01 64.14 20110512 090059 20110611 090059
15.39 61.63 20110510 091336 20110609 091336
16.26 69.99 20110504 094959 20110603 094959
22.17 65.96 20110513 102715 20110612 102715
32.1 69.78 20110226 033200 20110328 033200
8.61 52.1 20110116 080358 20110215 080358
23.07 64.34 20110407 123445 20110507 123445
10.99 51.21 20110425 060436 20110525 060436
22.93 59.13 20110501 090650 20110531 090650
2.21 67.18 20110516 083308 20110615 083308
23.22 56.91 20110318 045636 20110417 045636
27.07 67.26 20110212 052152 20110314 052152
17.93 51.54 20110509 231827 20110608 231827
8.55 63 20110419 133936 20110519 133936
21.68 59.16 20110506 071816 20110605 071816
23.41 59.14 20110320 034452 20110419 034452
21.04 68.38 20110528 171412 20110627 171412
31.4 51.75 20110527 163934 20110626 163934
8.13 56.28 20110421 202128 20110521 202128
24.1 59.58 20110507 034121 20110606 034121
27.04 56.84 20110225 045535 20110327 045535
9.67 64.5 20110116 221856 20110215 221856
33.17 53.36 20110206 075755 20110308 075755
11.14 56.03 20110510 230103 20110609 230103
6.82 61.66 20110216 225259 20110318 225259
23.62 51.99 20110118 183445 20110217 183445
18.84 59.2 20110227 071754 20110329 071754
25.63 61.77 20110127 193657 20110226 193657
34.4 62.01 20110328 114258 20110427 114258
3.05 57.91 20110120 031145 20110219 031145
11.7 59.71 20110129 134525 20110228 134525
24.8 52.97 20110324 062342 20110423 062342
33.94 63.99 20110328 104806 20110427 104806
20.75 67.91 20110428 061231 20110528 061231
28.19 58.49 20110518 143604 20110617 143604
17.7 68.82 20110427 132044 20110527 132044
17.07 67.58 20110404 095428 20110504 095428
10.9 67.62 20110410 045535 20110510 045535
4.89 61.67 20110312 123506 20110411 123506
8.22 54.84 20110123 033651 20110222 033651
13.54 52.41 20110425 154318 20110525 154318
22.75 61.44 20110116 231333 20110215 231333
26.52 66.46 20110226 103029 20110328 103029
22.18 66.79 20110217 081108 20110319 081108
29.87 59.54 20110429 001923 20110529 001923
8.3 69.38 20110403 163457 20110503 163457
22.43 54.57 20110219 180353 20110321 180353
5.88 58.07 20110319 185700 20110418 185700
25.5 55.16 20110125 200235 20110224 200235
32.49 54.34 20110203 214129 20110305 214129
16.12 53.99 20110503 080551 20110602 080551
13.74 68 20110217 055027 20110319 055027
12.41 59.26 20110122 222650 20110221 222650
20.39 51.44 20110314 090456 20110413 090456
23.37 63.62 20110209 063831 20110311 063831
25.88 65.97 20110308 223533 20110407 223533
34.2 56 20110422 181940 20110522 181940
5.91 68.35 20110312 052954 20110411 052954
23.09 57.32 20110314 173834 20110413 173834
24.81 52.96 20110211 042615 20110313 042615
22.18 60.16 20110320 022836 20110419 022836
14.04 64.19 20110329 142811 20110428 142811
24.5 57.19 20110331 171710 20110430 171710
13.68 57.92 20110225 063555 20110327 063555
23.56 64.11 20110408 024414 20110508 024414
29.55 64.59 20110312 171853 20110411 171853
21.15 56.87 20110202 164704 20110304 164704
7.33 64.28 20110413 111459 20110513 111459
17.29 56.43 20110111 025834 20110210 025834
15.77 56.7 20110422 114430 20110522 114430
26.95 51.92 20110307 135646 20110406 135646
24.28 69.03 20110509 012713 20110608 012713
14.02 59.13 20110519 084347 20110618 084347
36.97 65.45 20110402 083549 20110502 083549
18.49 65.06 20110221 182721 20110323 182721
33.04 59.95 20110121 223613 20110220 223613
16.28 54.3 20110531 231000 20110630 231000
32.92 64.46 20110122 131033 20110221 131033
16.49 52.68 20110401 042416 20110501 042416
28.63 58.45 20110411 122250 20110511 122250
26.37 52.67 20110325 164733 20110424 164733
13.65 51.41 20110316 233724 20110415 233724
6.78 68.84 20110405 080745 20110505 080745
7.83 60.88 20110201 004657 20110303 004657
27.13 67.83 20110208 000720 20110310 000720
3.22 57.57 20110406 043640 20110506 043640
30.22 68.27 20110120 044053 20110219 044053
7.65 62.35 20110402 145351 20110502 145351
23.56 52.98 20110116 222919 20110215 222919
18.06 61.09 20110223 173018 20110325 173018
20.61 66.06 20110216 161058 20110318 161058
32.35 51.35 20110408 171049 20110508 171049
16.68 57.62 20110418 145059 20110518 145059
26.89 53.49 20110414 153956 20110514 153956
30.9 59.02 20110109 161916 20110208 161916
3.96 68.23 20110130 151630 20110301 151630
4.92 69.81 20110130 012419 20110301 012419
33.11 69.81 20110318 125012 20110417 125012
33.62 58.68 20110304 101044 20110403 101044
18.07 63.22 20110214 195246 20110316 195246
8.97 67.54 20110126 231739 20110225 231739
6.1 68.92 20110301 142558 20110331 142558
17.35 65.06 20110427 002634 20110527 002634
11.65 64.07 20110118 175431 20110217 175431
35.91 58.92 20110424 021031 20110524 021031
14.28 51.66 20110312 173903 20110411 173903
28.31 66.5 20110326 044836 20110425 044836
13.7 59.38 20110321 220358 20110420 220358
27.55 63.53 20110207 084243 20110309 084243
15.04 55.74 20110311 230722 20110410 230722
3.3 54.44 20110323 062945 20110422 062945
18.59 59.97 20110319 091419 20110418 091419
22.13 67.32 20110208 185815 20110310 185815
20.87 62.77 20110518 095434 20110617 095434
34.54 65.6 20110128 121429 20110227 121429
3.9 57.63 20110525 200520 20110624 200520
5.35 59.7 20110310 104044 20110409 104044
12.45 53.03 20110412 205202 20110512 205202
9.41 51.7 20110425 052722 20110525 052722
26.13 56.75 20110411 224704 20110511 224704
35.88 57.43 20110501 202749 20110531 202749
18.31 68.2 20110131 053050 20110302 053050
4.54 62.37 20110321 214531 20110420 214531
26.29 52.11 20110205 142426 20110307 142426
25.09 52.6 20110302 121843 20110401 121843
24.31 67.85 20110513 035108 20110612 035108
17.68 60.61 20110127 052655 20110226 052655
27.38 69.58 20110417 204031 20110517 204031
31 54.21 20110407 113708 20110507 113708
31.19 53.7 20110111 112934 20110210 112934
19.41 52.49 20110108 063330 20110207 063330
19.56 65.35 20110131 180252 20110302 180252
28.32 56.15 20110312 070820 20110411 070820
19.94 56.47 20110519 005847 20110618 005847
33.42 67.06 20110324 014921 20110423 014921
32.05 57.36 20110422 181303 20110522 181303
19.77 55.72 20110217 115906 20110319 115906
28.44 53.8 20110516 221240 20110615 221240
21.04 54.23 20110117 065037 20110216 065037
14.16 53.08 20110227 024215 20110329 024215
8.61 65.13 20110517 100308 20110616 100308
29.14 54.07 20110516 145643 20110615 145643
33.06 66.58 20110429 202007 20110529 202007
20.48 60.34 20110211 090435 20110313 090435
28.93 60.23 20110522 055925 20110621 055925
17.4 64.94 20110312 134648 20110411 134648
30.88 68.51 20110322 202629 20110421 202629
36.25 52.35 20110209 100515 20110311 100515
20.17 58.46 20110228 172531 20110330 172531
10.66 53.2 20110428 215757 20110528 215757
5 59.92 20110504 094949 20110603 094949
12.22 55.49 20110302 054346 20110401 054346
18.11 63.47 20110526 110422 20110625 110422
31.7 62.71 20110105 173800 20110204 173800
25.32 55.09 20110327 202601 20110426 202601
3.82 64.91 20110211 183133 20110313 183133
33.88 56.13 20110215 102514 20110317 102514
4.4 57.97 20110312 193741 20110411 193741
12.08 52.08 20110423 151819 20110523 151819
35.44 61.77 20110425 132922 20110525 132922
35.63 53.98 20110110 102507 20110209 102507
13.42 68.34 20110528 130735 20110627 130735
25.15 69.07 20110316 212000 20110415 212000
28.49 68.44 20110401 035115 20110501 035115
8.46 62.82 20110115 013956 20110214 013956
8.47 69.65 20110518 042848 20110617 042848
22.39 67.42 20110301 011618 20110331 011618
22.98 63.73 20110516 052927 20110615 052927
24.04 52.22 20110424 020638 20110524 020638
9.85 53.29 20110218 035623 20110320 035623
4.75 69.78 20110505 152208 20110604 152208
28.11 59.81 20110519 121631 20110618 121631
9.2 64.01 20110511 015008 20110610 015008
21.51 68.94 20110120 112658 20110219 112658
25.6 67.28 20110410 113158 20110510 113158
35.57 55.2 20110531 204819 20110630 204819
2.58 69.1 20110208 130036 20110310 130036
30.75 66.48 20110504 213234 20110603 213234
19.85 67.72 20110305 070216 20110404 070216
31.09 56.3 20110429 225051 20110529 225051
16.09 61.51 20110325 050350 20110424 050350
5.01 69.59 20110322 150904 20110421 150904
35.39 67.93 20110226 064053 20110328 064053
15.37 67.27 20110401 122550 20110501 122550
33.26 63.39 20110420 230639 20110520 230639
29.95 52.13 20110111 235525 20110210 235525
34.49 54.88 20110208 053123 20110310 053123
15.39 55.52 20110130 145013 20110301 145013
25.63 56.96 20110501 052146 20110531 052146
34.95 61.44 20110303 063141 20110402 063141
30.3 68.53 20110118 035845 20110217 035845
25.39 58.79 20110527 015123 20110626 015123
6.35 65.96 20110522 075157 20110621 075157
22.04 56.85 20110504 220215 20110603 220215
10.03 60.17 20110409 022003 20110509 022003
31.25 60.15 20110129 085320 20110228 085320
26.78 55.69 20110305 130401 20110404 130401
9.37 62.8 20110307 152711 20110406 152711
19.71 63.93 20110117 090355 20110216 090355
7.18 57.87 20110413 150335 20110513 150335
4.29 63.4 20110526 052437 20110625 052437
4.76 62.98 20110127 153345 20110226 153345
30.44 56.97 20110119 233807 20110218 233807
11.08 69.43 20110210 103304 20110312 103304
13.9 52.41 20110506 041205 20110605 041205
19.8 54.17 20110316 023431 20110415 023431
13.21 58.13 20110203 235553 20110305 235553
36.63 55.7 20110126 160604 20110225 160604
25.24 64.21 20110306 200614 20110405 200614
25.36 55.34 20110426 100123 20110526 100123
24.62 55.54 20110118 043630 20110217 043630
13.04 61.14 20110213 023439 20110315 023439
27.56 61.39 20110524 054132 20110623 054132
3.24 66.53 20110111 001248 20110210 001248
28.63 57.62 20110418 180543 20110518 180543
17.18 57.9 20110222 020254 20110324 020254
20.49 60.17 20110417 013305 20110517 013305
28.83 56.12 20110325 072600 20110424 072600
4.26 51.53 20110507 151613 20110606 151613
3.61 54.14 20110311 205152 20110410 205152
22.07 59.39 20110306 235049 20110405 235049
2.7 64.45 20110518 170636 20110617 170636
2.74 61.67 20110430 001831 20110530 001831
20.99 66.46 20110318 184256 20110417 184256
5.68 57.75 20110223 041508 20110325 041508
27.7 69.17 20110502 155118 20110601 155118
28.72 69.45 20110127 042934 20110226 042934
21.07 54.81 20110227 141917 20110329 141917
13.81 64.55 20110415 170204 20110515 170204
7.14 59.87 20110514 074816 20110613 074816
32.25 69.11 20110405 010543 20110505 010543
33.6 59.06 20110210 155421 20110312 155421
9.74 69.47 20110228 121252 20110330 121252
19.32 63.02 20110115 072228 20110214 072228
3.81 68.46 20110509 063411 20110608 063411
14.93 51.77 20110109 134205 20110208 134205
3.63 58.94 20110506 010858 20110605 010858
26.46 61.76 20110415 040036 20110515 040036
15.32 59.14 20110518 061316 20110617 061316
34.61 58.14 20110418 133619 20110518 133619
13.21 62.79 20110317 034229 20110416 034229
12.75 55.12 20110313 191140 20110412 191140
32.64 67.73 20110316 214721 20110415 214721
4.78 68.47 20110410 052108 20110510 052108
35.15 65.92 20110411 023235 20110511 023235
9 63.89 20110524 023507 20110623 023507
9.99 63.11 20110221 125612 20110323 125612
13.99 62.05 20110409 195952 20110509 195952
12.06 56.8 20110308 222626 20110407 222626
29.69 59.44 20110123 030125 20110222 030125
24.78 51.13 20110108 005053 20110207 005053
23.24 56.77 20110410 130735 20110510 130735
5.4 55.53 20110426 181621 20110526 181621
16.17 60.29 20110502 232454 20110601 232454
9.49 64.67 20110118 184558 20110217 184558
24.93 55.11 20110219 154420 20110321 154420
35.39 55.27 20110501 114255 20110531 114255
29.76 67.77 20110202 092507 20110304 092507
25.88 67.58 20110205 090556 20110307 090556
7.24 55.13 20110119 082157 20110218 082157
21.28 57.12 20110515 083526 20110614 083526
23.06 60.35 20110420 183728 20110520 183728
16.53 68.54 20110504 053006 20110603 053006
4.84 68.86 20110308 072903 20110407 072903
35.95 56.06 20110116 033103 20110215 033103
25.62 58.74 20110209 031444 20110311 031444
11.09 59.66 20110527 165537 20110626 165537
13 62.77 20110320 132234 20110419 132234
22.12 61.81 20110521 032503 20110620 032503
20 69.57 20110414 040738 20110514 040738
36.16 55.82 20110305 173631 20110404 173631
25.08 54.42 20110526 051402 20110625 051402
16.89 68.49 20110307 130120 20110406 130120
14.6 61.09 20110118 171149 20110217 171149
3.49 69.63 20110220 050009 20110322 050009
25.96 59.34 20110412 011720 20110512 011720
3.53 54.23 20110315 081555 20110414 081555
24.78 65.97 20110210 033347 20110312 033347
28.25 58.82 20110213 231221 20110315 231221
15.44 63.48 20110503 013820 20110602 013820
35.05 67.48 20110402 055756 20110502 055756
16.31 65.43 20110112 221255 20110211 221255
25.8 61.33 20110206 105602 20110308 105602
17.51 58.42 20110419 011859 20110519 011859
5.09 67.02 20110308 145342 20110407 145342
26.05 64.85 20110323 195850 20110422 195850
36.23 64.13 20110202 182337 20110304 182337
28.24 51.31 20110220 114357 20110322 114357
26.08 53.33 20110201 235934 20110303 235934
36.74 65.05 20110118 103014 20110217 103014
13.77 62.45 20110424 054308 20110524 054308
28.39 59.31 20110421 220529 20110521 220529
15.71 52.87 20110114 231111 20110213 231111
18.3 65.44 20110526 073822 20110625 073822
30.22 54.44 20110223 085738 20110325 085738
36.27 61.38 20110308 063245 20110407 063245
36.77 64.11 20110422 080815 20110522 080815
24.37 60.37 20110501 005059 20110531 005059
35.1 56.26 20110413 061908 20110513 061908
27.68 59.51 20110116 050005 20110215 050005
30.62 62.17 20110329 143647 20110428 143647
15.79 64.21 20110224 161159 20110326 161159
17.78 63.71 20110123 122644 20110222 122644
23.74 57.64 20110421 104223 20110521 104223
16.22 66.76 20110303 053735 20110402 053735
19.99 54.09 20110506 105545 20110605 105545
14.6 60.94 20110527 002318 20110626 002318
18.3 57.25 20110202 180037 20110304 180037
2.15 66.18 20110227 095958 20110329 095958
27.34 54.74 20110318 012443 20110417 012443
19.02 58.22 20110416 195438 20110516 195438
9.46 69.68 20110406 111507 20110506 111507
34.15 67.71 20110407 192931 20110507 192931
20.66 63.25 20110321 083559 20110420 083559
8.07 56.14 20110228 104522 20110330 104522
11 64.58 20110322 064024 20110421 064024
31.69 53.81 20110427 111912 20110527 111912
