12.23 53.02 20141108 160202 20141208 160202
-4.82 55.41 20141112 231100 20141212 231100
3.27 51.97 20141116 115446 20141216 115446
7.5 53.92 20140816 233434 20140915 233434
4.98 51.82 20140910 145128 20141010 145128
14.61 46.42 20140816 083834 20140915 083834
-1.85 51.89 20141124 102115 20141224 102115
19.67 41.18 20141112 123024 20141212 123024
14.24 52.4 20140803 140951 20140902 140951
9.18 52.1 20141106 043754 20141206 043754
-0.33 44.94 20141127 122357 20141227 122357
10.72 55.12 20140901 210912 20141001 210912
-0.61 44.52 20140927 063237 20141027 063237
12.49 55.07 20140823 063853 20140922 063853
18.14 51.61 20141109 211615 20141209 211615
19.55 47.09 20140817 104903 20140916 104903
2.6 58.8 20141111 035820 20141211 035820
-4.12 58.43 20141015 043340 20141114 043340
22.12 59.62 20140902 220859 20141002 220859
21.43 50.46 20140808 024059 20140907 024059
5.85 51.91 20140817 073719 20140916 073719
12.12 43.13 20141013 122125 20141112 122125
11.7 59.43 20141021 130818 20141120 130818
15.46 54.3 20140913 064656 20141013 064656
5.4 58.42 20140903 204122 20141003 204122
22.8 46.95 20140809 062625 20140908 062625
-5.88 45.23 20141027 062038 20141126 062038
8.83 56.81 20140821 195847 20140920 195847
-5.38 41.59 20140817 011130 20140916 011130
21.55 45.04 20140920 155641 20141020 155641
25.2 47.99 20140826 011618 20140925 011618
17.77 43.22 20140915 200013 20141015 200013
-0.23 42.91 20140930 022617 20141030 022617
11.12 46.82 20141111 132549 20141211 132549
23.34 52.74 20140827 224132 20140926 224132
-0.63 55.72 20140912 044127 20141012 044127
12.68 49.8 20140908 103748 20141008 103748
4.83 44.71 20141105 155651 20141205 155651
0.12 52.68 20141105 105751 20141205 105751
24.77 42.33 20141120 000907 20141220 000907
3.85 56.52 20141010 114255 20141109 114255
12.9 43.56 20141107 083004 20141207 083004
10.17 52.76 20141014 021006 20141113 021006
19.56 41.93 20141021 101557 20141120 101557
14.98 45.98 20140904 213503 20141004 213503
2.41 55.19 20141015 213632 20141114 213632
14.61 48.69 20141017 034806 20141116 034806
25.94 41.48 20140907 005354 20141007 005354
13.6 51.63 20141117 144052 20141217 144052
20.29 54.17 20141118 100335 20141218 100335
8.93 56.66 20141124 095948 20141224 095948
24.79 54.43 20141114 231958 20141214 231958
-2.13 41.64 20141101 223340 20141201 223340
22.89 45.6 20140829 032326 20140928 032326
-7.38 52.63 20140826 234306 20140925 234306
15.73 54.79 20140904 061503 20141004 061503
24.89 50.92 20141012 101916 20141111 101916
14.82 47.8 20141016 170707 20141115 170707
5.46 45.19 20140905 171452 20141005 171452
9.39 45.62 20141120 105831 20141220 105831
16.75 51.21 20141023 072531 20141122 072531
8.54 54.99 20141114 095127 20141214 095127
21.4 56.64 20140930 115742 20141030 115742
-1.69 53.88 20140908 182759 20141008 182759
0.43 45.14 20141112 035039 20141212 035039
4.61 43.4 20141117 114751 20141217 114751
3.4 54 20141001 092807 20141031 092807
10.15 54.98 20140815 061324 20140914 061324
-1.05 44.22 20141022 070454 20141121 070454
9.09 43.33 20141007 191500 20141106 191500
15.44 56.08 20140913 221242 20141013 221242
-1.88 50.1 20141028 092600 20141127 092600
17.6 50.86 20140926 154333 20141026 154333
-2.17 56.26 20141121 143518 20141221 143518
-6.91 43.18 20141016 113946 20141115 113946
-6.13 45.53 20140811 202112 20140910 202112
14.62 56.97 20140908 205105 20141008 205105
-2.3 41.98 20140918 202713 20141018 202713
13.55 58.12 20140901 201229 20141001 201229
-1.2 51.28 20140910 113307 20141010 113307
-2.92 57.98 20140830 173335 20140929 173335
14.15 56.73 20140813 012503 20140912 012503
-1.61 58.96 20141106 054010 20141206 054010
12.92 54.17 20140907 143842 20141007 143842
1.6 42.42 20140826 180911 20140925 180911
22.19 46.12 20140829 094253 20140928 094253
-0.97 43.87 20141028 071516 20141127 071516
-1.98 55.5 20141122 012529 20141222 012529
11.37 49.15 20140926 212050 20141026 212050
2.85 54.86 20140810 181617 20140909 181617
17.15 55.1 20141114 224245 20141214 224245
2.98 47.67 20141109 230959 20141209 230959
8.17 56.31 20140806 130630 20140905 130630
8.69 42.83 20140828 104613 20140927 104613
7.76 58.5 20140927 041747 20141027 041747
-7.5 50.41 20140910 232824 20141010 232824
3.28 50.3 20140919 011723 20141019 011723
25.52 54.46 20140915 063420 20141015 063420
-6.89 44.48 20141114 132659 20141214 132659
16.41 56.33 20140910 150707 20141010 150707
10.47 57.63 20140814 003457 20140913 003457
11.14 51.63 20141121 183925 20141221 183925
4.83 52.68 20140925 120028 20141025 120028
13.02 51.96 20140917 073021 20141017 073021
5.03 49.76 20141117 001442 20141217 001442
10.05 52.87 20140829 194049 20140928 194049
-6.44 52.25 20140909 121247 20141009 121247
18.9 46.37 20140818 233856 20140917 233856
-7.67 46.16 20141011 162556 20141110 162556
4.65 57.77 20140929 052658 20141029 052658
1.64 52.31 20140902 234600 20141002 234600
-3.73 50.24 20140920 235421 20141020 235421
12.62 47.37 20140813 125827 20140912 125827
-7.22 41.82 20140907 022521 20141007 022521
18.39 43.42 20140902 135545 20141002 135545
0.92 45.8 20140809 210110 20140908 210110
15.62 59.69 20140905 085234 20141005 085234
10.39 48.24 20141107 220503 20141207 220503
14.69 48.27 20141106 121129 20141206 121129
1.78 44.08 20141123 211605 20141223 211605
12.56 56.44 20141022 111911 20141121 111911
-7.9 51.94 20141126 021707 20141226 021707
6.85 47.83 20141009 070835 20141108 070835
-5.24 57.82 20140929 115630 20141029 115630
4.96 45.43 20141006 105257 20141105 105257
8.6 50.76 20140918 205103 20141018 205103
18.27 54.44 20141106 031625 20141206 031625
17.09 55.92 20140816 115908 20140915 115908
16.06 55.26 20141110 233647 20141210 233647
14.93 58.01 20140922 135705 20141022 135705
-7.14 53.37 20141004 104524 20141103 104524
24.01 42.6 20140806 132338 20140905 132338
22.39 48.82 20141126 101305 20141226 101305
23.45 56.35 20141009 025023 20141108 025023
16.83 43.48 20141002 052123 20141101 052123
10.59 50.34 20141119 192729 20141219 192729
13.79 51.38 20140926 162416 20141026 162416
16.95 45.21 20140821 090752 20140920 090752
17.33 47.65 20141117 194013 20141217 194013
-3.02 54.14 20140903 014936 20141003 014936
11.33 55.58 20141130 192529 20141230 192529
25.9 52.73 20140929 095651 20141029 095651
7.22 55.7 20140819 004142 20140918 004142
13.05 45.48 20140906 180926 20141006 180926
10.16 47.89 20141025 052136 20141124 052136
6.24 50.14 20141011 230012 20141110 230012
5.24 49.58 20140804 122925 20140903 122925
4.54 58.65 20140812 230401 20140911 230401
25.85 57.04 20140820 152755 20140919 152755
21.55 54.24 20141017 075540 20141116 075540
20.66 41.62 20141126 132826 20141226 132826
14.24 55.99 20141102 101310 20141202 101310
0.71 56.63 20141120 170945 20141220 170945
1.3 51.02 20141017 125046 20141116 125046
13.62 57.66 20141016 143708 20141115 143708
17.84 53.16 20141120 185535 20141220 185535
17.34 58.25 20140805 213213 20140904 213213
24.29 49.08 20141120 033517 20141220 033517
1.94 46.93 20141031 132042 20141130 132042
22.7 42.09 20140912 134202 20141012 134202
0.19 53.46 20141017 072532 20141116 072532
-1.11 53.05 20140924 123350 20141024 123350
11.37 53.81 20141104 041413 20141204 041413
3.85 53.73 20140910 095919 20141010 095919
14.78 48.27 20141114 125822 20141214 125822
14.62 53.34 20141128 225305 20141228 225305
21.5 46.67 20140808 025937 20140907 025937
-0.44 44.13 20140902 010110 20141002 010110
-0.71 44.3 20141127 134626 20141227 134626
0.96 41.16 20141129 124300 20141229 124300
12.79 41.03 20140819 121342 20140918 121342
13.57 51.7 20141127 154259 20141227 154259
-7.75 53.94 20140928 035729 20141028 035729
15.62 45.91 20141012 064014 20141111 064014
22.35 54.18 20141122 130047 20141222 130047
-3.99 54.42 20141003 142739 20141102 142739
-0.67 42.99 20141021 035122 20141120 035122
16.55 46.32 20141112 203853 20141212 203853
-1.12 52.37 20141028 091457 20141127 091457
0.61 59.62 20140825 134624 20140924 134624
5.87 41.47 20141010 081809 20141109 081809
11.99 46.34 20141102 120005 20141202 120005
-0.86 54.21 20141027 075130 20141126 075130
23.06 49.46 20140927 032725 20141027 032725
9.7 52.84 20140819 113055 20140918 113055
16.51 50.69 20140828 160148 20140927 160148
17.17 41.84 20141017 072252 20141116 072252
21.82 47.52 20141130 232352 20141230 232352
22.99 51.36 20140831 195023 20140930 195023
-5.12 59.73 20141123 124851 20141223 124851
22.5 50.9 20140911 150819 20141011 150819
-7.69 54.53 20140923 230935 20141023 230935
9.61 44.45 20141011 063357 20141110 063357
24.52 44.56 20141020 160426 20141119 160426
4.06 46.2 20140906 103928 20141006 103928
-7.39 44.34 20141110 003457 20141210 003457
23.06 51.9 20141013 033935 20141112 033935
8.67 49.84 20140904 033713 20141004 033713
12.07 51.21 20140930 085909 20141030 085909
1.64 41.37 20141003 135517 20141102 135517
-1.83 48.26 20140807 011648 20140906 011648
25.96 51 20140904 073100 20141004 073100
-4.81 55.52 20141111 231949 20141211 231949
2.86 51.52 20140916 110804 20141016 110804
10.32 56.52 20141027 131300 20141126 131300
-4.4 47.02 20140812 165920 20140911 165920
16.51 41.43 20141108 115520 20141208 115520
22.75 48.56 20141014 195939 20141113 195939
-2.85 58.36 20141128 021337 20141228 021337
-0.72 58.9 20141124 081824 20141224 081824
21.5 49.41 20140910 231948 20141010 231948
18.54 48.46 20140913 061823 20141013 061823
3.82 56.36 20140828 205255 20140927 205255
-6.11 51.62 20140910 161139 20141010 161139
6.34 49.84 20140817 074520 20140916 074520
8.81 48.23 20141201 094727 20141231 094727
3.39 48.24 20141123 011733 20141223 011733
24.04 44.24 20141115 050507 20141215 050507
6.05 46.54 20141007 020635 20141106 020635
19.95 43.23 20140923 213853 20141023 213853
13.42 47.42 20140825 024136 20140924 024136
22.1 50.82 20141110 184235 20141210 184235
18.49 59.31 20140811 000255 20140910 000255
10.35 54.39 20141125 140808 20141225 140808
20.06 56.32 20140806 221833 20140905 221833
-7.45 59.58 20140901 180551 20141001 180551
20.65 58 20141020 002011 20141119 002011
15.63 52.54 20141122 140214 20141222 140214
23.06 58.75 20140923 032004 20141023 032004
17.81 50.82 20140813 233013 20140912 233013
5.66 45.97 20141109 223554 20141209 223554
9.49 41.1 20140928 111916 20141028 111916
-2.27 57.87 20141129 070848 20141229 070848
2.44 59.99 20140913 231453 20141013 231453
23.28 43.47 20141016 190215 20141115 190215
-7.58 49.89 20141021 174426 20141120 174426
0.24 54.39 20140910 133132 20141010 133132
18.22 57.84 20140908 154535 20141008 154535
14.4 55.96 20141024 183623 20141123 183623
-4.02 56.31 20140908 221058 20141008 221058
20.35 47.36 20141110 210924 20141210 210924
19.11 46.33 20141005 161552 20141104 161552
0.16 57.33 20141115 101653 20141215 101653
-7.67 59.05 20141118 041730 20141218 041730
9.99 50.6 20140810 164858 20140909 164858
-7.88 53.93 20141113 161208 20141213 161208
20.31 42.67 20140808 162316 20140907 162316
20.67 56.11 20141105 154711 20141205 154711
14.27 43.15 20140810 225136 20140909 225136
-0.93 59.99 20140913 172448 20141013 172448
7.12 44.59 20140927 095654 20141027 095654
-6.17 50.39 20140831 140536 20140930 140536
13.99 43.87 20140917 234002 20141017 234002
16.33 49.05 20141025 020423 20141124 020423
11.97 55.62 20140813 061301 20140912 061301
2.01 59.47 20141111 180959 20141211 180959
3.75 41.49 20141014 015723 20141113 015723
3.08 54.73 20141017 153855 20141116 153855
-2.56 54.36 20141106 033312 20141206 033312
-8.45 48.52 20141014 155840 20141113 155840
-7.65 42.79 20140914 100035 20141014 100035
-2.41 47.2 20141018 072648 20141117 072648
7.8 52.46 20141027 012120 20141126 012120
-5.57 54.12 20141105 100619 20141205 100619
-3.91 46.01 20141016 000924 20141115 000924
13.53 45.95 20140916 044854 20141016 044854
2.24 54.54 20141006 011635 20141105 011635
-5.2 47.61 20141105 070946 20141205 070946
16.59 43.99 20140907 195508 20141007 195508
10.45 45.49 20140924 195806 20141024 195806
3.47 47.39 20140808 010234 20140907 010234
6.81 57.7 20140903 123140 20141003 123140
25.13 44.81 20140919 095430 20141019 095430
24.57 58.36 20141007 095619 20141106 095619
10.08 59.24 20141018 095522 20141117 095522
-7.2 59.08 20141128 165224 20141228 165224
2.47 44.27 20140929 085847 20141029 085847
24.88 56.33 20140815 210143 20140914 210143
11.51 59.87 20141022 092431 20141121 092431
-7.68 43.98 20140817 011738 20140916 011738
18.9 41.98 20140909 091711 20141009 091711
2.7 59.66 20141128 204237 20141228 204237
20.07 48.41 20140822 103856 20140921 103856
-6.04 56.89 20141105 034715 20141205 034715
7.63 58.93 20140811 154402 20140910 154402
10.67 55.02 20140810 043308 20140909 043308
23.35 48.26 20140929 041608 20141029 041608
17.29 45.81 20141016 004327 20141115 004327
3.91 56.19 20140929 181650 20141029 181650
12.25 53.11 20140828 081541 20140927 081541
-8.04 55.33 20141030 124051 20141129 124051
-7.48 53.28 20140926 173359 20141026 173359
8.73 52.52 20140914 061339 20141014 061339
13.44 56.38 20140911 064410 20141011 064410
19.53 41.85 20140915 095122 20141015 095122
-7.4 51.27 20140807 030704 20140906 030704
16.57 59.58 20140926 012126 20141026 012126
-8.59 42.41 20141112 235233 20141212 235233
-2.88 43.12 20141129 035403 20141229 035403
23.83 53.61 20141009 070122 20141108 070122
-1.34 58.47 20141118 231641 20141218 231641
-6.14 49.52 20141117 104612 20141217 104612
-8.52 54.86 20140905 103240 20141005 103240
25.9 52.39 20141010 150230 20141109 150230
20.67 53 20141114 044252 20141214 044252
16.37 46.05 20141003 220105 20141102 220105
14.05 57.3 20140925 192838 20141025 192838
10.33 51.2 20140808 122111 20140907 122111
-5.8 54.15 20141004 170512 20141103 170512
4.55 55.77 20141019 231624 20141118 231624
21.45 47.95 20140913 195727 20141013 195727
4.02 58.62 20140813 042144 20140912 042144
13.29 47.54 20141005 014331 20141104 014331
17 55.39 20140924 102634 20141024 102634
15.05 53.17 20141027 013217 20141126 013217
3.1 55.79 20141117 142737 20141217 142737
16.84 53.74 20141028 232659 20141127 232659
-6.3 54.9 20141108 224841 20141208 224841
2.87 58.94 20140804 063250 20140903 063250
18.28 50.01 20140820 140930 20140919 140930
-1.54 42.71 20141107 102725 20141207 102725
16.87 58.45 20141102 183826 20141202 183826
-5.19 47.67 20140925 055116 20141025 055116
2.64 48.83 20140813 173431 20140912 173431
-6.62 54.98 20141018 132316 20141117 132316
2.04 56.47 20141125 214610 20141225 214610
20.93 51.84 20141013 164833 20141112 164833
3.17 57.51 20140921 140836 20141021 140836
24.61 55.4 20140929 002454 20141029 002454
17.74 50.84 20140819 193219 20140918 193219
20.06 41.83 20141129 150149 20141229 150149
-6.94 59.31 20140909 115030 20141009 115030
24.05 52.26 20141024 162110 20141123 162110
2.33 50.77 20141129 095542 20141229 095542
4.98 55.88 20140914 055235 20141014 055235
-8.98 42.12 20140922 215023 20141022 215023
14.07 43.66 20141103 041603 20141203 041603
-1.84 49.35 20140805 225951 20140904 225951
25.37 51.35 20141104 031256 20141204 031256
10.65 58.31 20141104 115822 20141204 115822
10.33 47.76 20141003 230837 20141102 230837
17.27 48.13 20140916 142826 20141016 142826
-2.75 49.81 20140913 131424 20141013 131424
24.45 53.8 20140823 201832 20140922 201832
3.16 49.76 20140810 074103 20140909 074103
23.57 52.33 20141012 092903 20141111 092903
5.31 42.06 20140911 161513 20141011 161513
25.89 55.93 20141002 031614 20141101 031614
22.54 55.24 20140929 035937 20141029 035937
5.32 50.94 20141125 121534 20141225 121534
15.68 55.9 20140928 222841 20141028 222841
20.9 52.73 20141024 194948 20141123 194948
24.71 43.61 20141128 002032 20141228 002032
13.33 53.16 20141112 140131 20141212 140131
12.07 49.15 20140927 220832 20141027 220832
23.26 48.01 20140813 215033 20140912 215033
-1.31 53.83 20141126 033940 20141226 033940
