-109.28 41.78 20130327 013933 20130426 013933
-81.13 48.55 20130214 183631 20130316 183631
-90.87 37.79 20130317 141818 20130416 141818
-97.48 47.23 20130111 220401 20130210 220401
-94.86 44.23 20130403 060636 20130503 060636
-106.26 38.36 20130506 054835 20130605 054835
-83.23 49.21 20130402 120152 20130502 120152
-77.62 40.72 20130329 011305 20130428 011305
-87.51 52.5 20130503 184704 20130602 184704
-100.98 52.41 20130304 132232 20130403 132232
-95.27 36.18 20130414 211311 20130514 211311
-82.23 51.94 20130407 202846 20130507 202846
-80.91 52.9 20130203 051535 20130305 051535
-97.19 49.63 20130429 181315 20130529 181315
-109.64 36.02 20130430 050414 20130530 050414
-83.54 37 20130316 223535 20130415 223535
-91.48 45.81 20130513 051955 20130612 051955
-97.44 52.88 20130215 044940 20130317 044940
-108.81 37.21 20130227 215809 20130329 215809
-89.24 48.8 20130324 173350 20130423 173350
-100.71 53.92 20130124 020119 20130223 020119
-79.1 53.48 20130508 215438 20130607 215438
-110.83 35.66 20130206 093526 20130308 093526
-91.85 53.42 20130307 114652 20130406 114652
-97.39 37.96 20130527 150236 20130626 150236
-78.48 54.03 20130407 214814 20130507 214814
-91.28 47.36 20130427 151042 20130527 151042
-101.29 41.14 20130406 030803 20130506 030803
-81.3 48.2 20130206 234741 20130308 234741
-88.56 45.97 20130409 210534 20130509 210534
-91.4 44 20130107 051327 20130206 051327
-79.4 49.77 20130406 063608 20130506 063608
-104.18 50.24 20130219 053822 20130321 053822
-109.55 43.36 20130130 081453 20130301 081453
-103.24 52.34 20130124 221822 20130223 221822
-82.33 46.35 20130107 060045 20130206 060045
-108.71 48.12 20130320 031716 20130419 031716
-96.4 41.26 20130313 114556 20130412 114556
-90.78 37.23 20130415 004127 20130515 004127
-76.46 50.53 20130529 131735 20130628 131735
-93.29 47.27 20130405 172533 20130505 172533
-100.29 48.71 20130207 223404 20130309 223404
-76.71 49.47 20130518 072926 20130617 072926
-106.01 40.64 20130315 142242 20130414 142242
-79.4 41.05 20130413 191318 20130513 191318
-89.99 37.31 20130428 055617 20130528 055617
-95.23 51.52 20130211 111040 20130313 111040
-96.52 44.77 20130515 154021 20130614 154021
-86.61 39.68 20130211 053523 20130313 053523
-85.11 35.64 20130219 200740 20130321 200740
-76.55 50.97 20130523 200422 20130622 200422
-76.11 36.35 20130209 102318 20130311 102318
-86.35 47.6 20130126 124832 20130225 124832
-101.06 40.95 20130429 054740 20130529 054740
-100.59 53.07 20130113 130609 20130212 130609
-95.44 54.6 20130126 121503 20130225 121503
-94.69 35.52 20130222 143138 20130324 143138
-108.72 52.82 20130203 140836 20130305 140836
-81.41 53.53 20130525 092610 20130624 092610
-98.72 52.43 20130521 040103 20130620 040103
-104.94 49.79 20130107 150241 20130206 150241
-102.84 54.5 20130128 154337 20130227 154337
-94.25 48.62 20130525 212041 20130624 212041
-106.2 36.81 20130510 122134 20130609 122134
-87.74 50.3 20130125 205237 20130224 205237
-94.36 40.33 20130309 205711 20130408 205711
-91.82 46.88 20130301 083959 20130331 083959
-83.82 41.94 20130507 073211 20130606 073211
-91.09 44.59 20130415 172928 20130515 172928
-109.21 38.21 20130128 163114 20130227 163114
-100.5 48.3 20130530 122218 20130629 122218
-97.81 47.21 20130405 125624 20130505 125624
-78.38 38.32 20130207 211015 20130309 211015
-106.37 39.35 20130312 042830 20130411 042830
-84.65 40.45 20130524 234614 20130623 234614
-95.36 49.81 20130513 161258 20130612 161258
-92.23 50.83 20130421 023127 20130521 023127
-104.24 53.03 20130203 131403 20130305 131403
-105.4 40.37 20130312 111225 20130411 111225
-89.1 52.65 20130312 000227 20130411 000227
-91.84 43.02 20130315 212737 20130414 212737
-85.16 50.89 20130114 074905 20130213 074905
-90.25 43.18 20130129 142234 20130228 142234
-90.98 41.05 20130226 054531 20130328 054531
-91.35 46.64 20130511 184117 20130610 184117
-88.92 52.16 20130224 200332 20130326 200332
-108.94 43.09 20130129 142439 20130228 142439
-95.72 48.67 20130125 070221 20130224 070221
-78.4 39.61 20130422 003209 20130522 003209
-90.11 43.01 20130203 012903 20130305 012903
-76.77 50 20130204 144908 20130306 144908
-107.67 48.69 20130106 085508 20130205 085508
-106.37 40.49 20130520 032522 20130619 032522
-82.26 45.74 20130427 075509 20130527 075509
-94.18 48.97 20130404 123745 20130504 123745
-85.89 52.25 20130427 084645 20130527 084645
-102.12 36.41 20130114 224325 20130213 224325
-104.97 38.94 20130227 045250 20130329 045250
-96.84 48.54 20130508 080032 20130607 080032
-104.79 49.6 20130228 203121 20130330 203121
-84.77 41.44 20130115 165038 20130214 165038
-83.64 48.95 20130113 035224 20130212 035224
-102.91 54.86 20130215 031756 20130317 031756
-104.72 38.06 20130131 135204 20130302 135204
-85.1 46.34 20130509 230407 20130608 230407
-103.28 48.38 20130305 133449 20130404 133449
-78.13 52.66 20130110 153520 20130209 153520
-95.46 43.79 20130217 181042 20130319 181042
-109.89 40.08 20130203 003705 20130305 003705
-110.24 46.59 20130127 000757 20130226 000757
-108.07 50.93 20130419 072325 20130519 072325
-85.28 36.29 20130526 141906 20130625 141906
-110.69 47.07 20130516 013110 20130615 013110
-89.28 36 20130517 155936 20130616 155936
-88.54 51.87 20130427 013506 20130527 013506
-98.49 50.92 20130411 215454 20130511 215454
-82.27 44.03 20130109 031341 20130208 031341
-78.9 42.02 20130203 230359 20130305 230359
-102.09 40.76 20130215 191341 20130317 191341
-106.09 54.14 20130413 170559 20130513 170559
-110.95 40.83 20130127 140110 20130226 140110
-83.29 40.8 20130524 194807 20130623 194807
-99.69 43.78 20130512 121401 20130611 121401
-94.83 48.4 20130429 232237 20130529 232237
-102.28 41.54 20130125 174257 20130224 174257
-88.1 49.91 20130218 233902 20130320 233902
-89.97 49.72 20130210 122642 20130312 122642
-108.83 41.51 20130204 152144 20130306 152144
-89.09 50.15 20130121 051634 20130220 051634
-99.26 38.9 20130521 033431 20130620 033431
-85.01 43.76 20130204 010636 20130306 010636
-89.98 47.74 20130327 011933 20130426 011933
-89.25 53.65 20130429 084317 20130529 084317
-87.4 36.55 20130131 073116 20130302 073116
-107.98 41.09 20130205 192303 20130307 192303
-78.84 54.11 20130516 233216 20130615 233216
-101.19 40.29 20130213 103628 20130315 103628
-85.87 36.54 20130323 065754 20130422 065754
-100.27 50.05 20130227 030535 20130329 030535
-80.49 40.76 20130314 101646 20130413 101646
-94.35 43.11 20130113 153343 20130212 153343
-107.38 39.66 20130219 124721 20130321 124721
-80.57 37.13 20130510 024521 20130609 024521
-94.31 42.07 20130405 061254 20130505 061254
-90.86 36.41 20130411 003802 20130511 003802
-89.32 41.59 20130317 114156 20130416 114156
-95.31 37.95 20130320 165514 20130419 165514
-79.73 48.88 20130301 145936 20130331 145936
-76.75 37.73 20130503 230617 20130602 230617
-97.58 49.9 20130307 124554 20130406 124554
-83.21 46.48 20130509 042601 20130608 042601
-93.6 44.14 20130305 131745 20130404 131745
-94 54.35 20130218 035955 20130320 035955
-90.63 44.65 20130204 051321 20130306 051321
-81.6 51.09 20130205 060132 20130307 060132
-91.61 36.01 20130127 155256 20130226 155256
-104.98 53.84 20130512 145754 20130611 145754
-76.91 48.9 20130106 051940 20130205 051940
-96.41 36.25 20130303 135544 20130402 135544
-93.93 39.27 20130128 202014 20130227 202014
-105.89 52.48 20130107 123953 20130206 123953
-76.1 43.66 20130512 201759 20130611 201759
-100.86 41.87 20130219 120700 20130321 120700
-83.06 41.62 20130131 050959 20130302 050959
-108.59 41.64 20130307 144434 20130406 144434
-83.23 43.79 20130122 131203 20130221 131203
-94.26 37.74 20130117 013002 20130216 013002
-87.91 41.74 20130110 150404 20130209 150404
-78.13 48.3 20130308 145840 20130407 145840
-104.85 49.09 20130326 075212 20130425 075212
-90.97 50.74 20130415 124224 20130515 124224
-104.2 39.15 20130423 192643 20130523 192643
-108.35 36.71 20130306 094438 20130405 094438
-106.17 45.97 20130402 093557 20130502 093557
-108.09 47.98 20130109 092219 20130208 092219
-96.4 39.1 20130114 020825 20130213 020825
-89.23 51.46 20130226 194428 20130328 194428
-88.44 43.4 20130327 233643 20130426 233643
-85.44 51.41 20130425 185114 20130525 185114
-104.03 48.57 20130404 033323 20130504 033323
-100.64 45.65 20130111 052544 20130210 052544
-87.38 48.91 20130123 173018 20130222 173018
-94.64 51.18 20130327 210236 20130426 210236
-109.7 38.76 20130209 091724 20130311 091724
-107.21 45.53 20130204 064626 20130306 064626
-84.79 45.08 20130114 030011 20130213 030011
-89.57 38.95 20130303 033711 20130402 033711
-109.45 49.15 20130425 013752 20130525 013752
-98.21 54.91 20130306 191241 20130405 191241
-101.02 49.82 20130117 160808 20130216 160808
-87.49 44.22 20130515 151753 20130614 151753
-99.31 46 20130409 092321 20130509 092321
-85.51 46.71 20130106 105957 20130205 105957
-92.9 42.69 20130414 045303 20130514 045303
-86.35 50.21 20130214 212746 20130316 212746
-83.84 45.09 20130307 161648 20130406 161648
-85.05 36.6 20130131 161334 20130302 161334
-107.4 49.19 20130314 195359 20130413 195359
-85.08 36.72 20130221 131429 20130323 131429
-78 35.72 20130318 214938 20130417 214938
-105.5 53.1 20130411 045901 20130511 045901
-96.89 45.93 20130119 103838 20130218 103838
-108.7 40.02 20130303 004539 20130402 004539
-97.76 54.85 20130426 001902 20130526 001902
-80.79 46.83 20130518 105223 20130617 105223
-84.83 45.33 20130404 170621 20130504 170621
-102.82 51.25 20130130 154537 20130301 154537
-84.46 48.6 20130426 222416 20130526 222416
-80.72 53.74 20130408 073849 20130508 073849
-82.54 44.81 20130227 004413 20130329 004413
-102.75 52.22 20130302 064914 20130401 064914
-106.61 46.88 20130216 193329 20130318 193329
-83.38 44.95 20130131 191204 20130302 191204
-87.1 50.71 20130422 111922 20130522 111922
-80.48 51.33 20130427 120037 20130527 120037
-97.26 47.43 20130316 174944 20130415 174944
-78 42.96 20130113 122521 20130212 122521
-108.96 52.36 20130408 030354 20130508 030354
-95.94 51.83 20130131 062354 20130302 062354
-96.72 40.09 20130517 082510 20130616 082510
-100.35 53.02 20130221 185059 20130323 185059
-82.06 41.16 20130302 202602 20130401 202602
-95.8 41.3 20130505 000644 20130604 000644
-86.52 53.26 20130303 165911 20130402 165911
-92.04 41.65 20130205 115841 20130307 115841
-90.2 51.43 20130503 134001 20130602 134001
-88.11 51.33 20130312 230633 20130411 230633
-81.3 39.03 20130420 111436 20130520 111436
-88.47 37.75 20130418 090729 20130518 090729
-98.01 50.32 20130313 091410 20130412 091410
-90.47 37.89 20130119 060232 20130218 060232
-106.62 47.14 20130528 203842 20130627 203842
-84.02 42.62 20130327 070453 20130426 070453
-92.78 46.44 20130423 143633 20130523 143633
-103.94 50.44 20130417 134023 20130517 134023
-104.96 39.32 20130130 212925 20130301 212925
-96.93 49.43 20130430 174028 20130530 174028
-93.03 44.31 20130218 183809 20130320 183809
-98.71 40.4 20130207 203245 20130309 203245
-79.73 51.41 20130130 193057 20130301 193057
-104.91 47.01 20130425 155038 20130525 155038
-92.13 44.31 20130228 044558 20130330 044558
-110.85 36.85 20130328 195157 20130427 195157
-99.75 47.64 20130504 235916 20130603 235916
-103.78 35.77 20130520 074251 20130619 074251
-92.34 37.12 20130318 114555 20130417 114555
-106.61 51.2 20130421 022237 20130521 022237
-107.9 39.59 20130529 032559 20130628 032559
-82.48 54.64 20130521 082650 20130620 082650
-108.94 44.89 20130223 214812 20130325 214812
-106.96 45.5 20130406 021051 20130506 021051
-108.97 35.91 20130506 080839 20130605 080839
-110.52 46.29 20130521 081428 20130620 081428
-87.1 38.96 20130209 072742 20130311 072742
-96.08 41.07 20130514 033355 20130613 033355
-76.71 52.84 20130126 082519 20130225 082519
-81.01 47.66 20130127 111424 20130226 111424
-86.5 51.59 20130125 093024 20130224 093024
-93.76 40.07 20130108 152030 20130207 152030
-108.59 37.22 20130502 184344 20130601 184344
-91.29 51.01 20130519 161604 20130618 161604
-77.94 35.47 20130306 112555 20130405 112555
-92.89 39.38 20130421 020920 20130521 020920
-102.73 40.94 20130218 100900 20130320 100900
-86.15 42.74 20130106 113249 20130205 113249
-99.53 50.56 20130315 153728 20130414 153728
-94.98 45.9 20130422 200900 20130522 200900
-77.82 41.39 20130123 001812 20130222 001812
-92.87 51.3 20130119 063325 20130218 063325
-109.34 40.54 20130130 081701 20130301 081701
-109.82 47.85 20130502 091401 20130601 091401
-82.4 45.71 20130123 132647 20130222 132647
-79.73 39.96 20130211 125222 20130313 125222
-86.03 45.89 20130202 225541 20130304 225541
-76.71 44.06 20130128 014925 20130227 014925
-105.52 39.76 20130404 032549 20130504 032549
-101.04 50.68 20130412 055942 20130512 055942
-87.12 53.7 20130409 010503 20130509 010503
-82.98 41.68 20130411 174228 20130511 174228
-102.8 40.49 20130114 192408 20130213 192408
-79.79 40.88 20130107 173504 20130206 173504
-95.83 36.81 20130429 141245 20130529 141245
-81.55 42.51 20130330 081246 20130429 081246
-90.63 50.02 20130406 053519 20130506 053519
-91.72 51.31 20130521 043407 20130620 043407
-107.93 46.23 20130111 125603 20130210 125603
-82.87 49.22 20130515 021534 20130614 021534
-84.4 50.78 20130203 111331 20130305 111331
-82.63 37.03 20130315 055654 20130414 055654
-86.78 38.57 20130315 115512 20130414 115512
-96 40.64 20130423 113555 20130523 113555
-109.82 44.21 20130114 004004 20130213 004004
-94.48 52.33 20130105 105002 20130204 105002
-88.21 54.71 20130220 143507 20130322 143507
-91.03 35.41 20130113 211111 20130212 211111
-81.57 48.11 20130522 201244 20130621 201244
-100.42 51.79 20130420 043922 20130520 043922
-81.14 44.76 20130226 123517 20130328 123517
-76.32 38.01 20130413 233524 20130513 233524
-96.54 41.77 20130314 120202 20130413 120202
-82.33 36.59 20130130 223610 20130301 223610
-97.68 54.97 20130309 205503 20130408 205503
-109.58 49.2 20130414 014426 20130514 014426
-79.73 52.71 20130106 110110 20130205 110110
-80.35 35.3 20130303 185624 20130402 185624
-94.52 49.72 20130422 074926 20130522 074926
-85.2 52.66 20130404 232113 20130504 232113
-91.99 43.23 20130107 024757 20130206 024757
-79.52 41.36 20130220 132321 20130322 132321
-109.55 36.41 20130430 070344 20130530 070344
-81.69 38.28 20130317 054311 20130416 054311
-107.94 47.46 20130405 221302 20130505 221302
-95.87 45.75 20130526 233959 20130625 233959
-102.38 44.71 20130529 132728 20130628 132728
-105.47 35.17 20130327 203908 20130426 203908
-103.27 54.25 20130423 001528 20130523 001528
-82.7 46.27 20130516 012826 20130615 012826
-108.46 52.84 20130315 213559 20130414 213559
-84.3 43.03 20130426 094028 20130526 094028
-83.1 48.53 20130502 185750 20130601 185750
-103.34 52.69 20130313 093534 20130412 093534
-81.91 54.2 20130112 151952 20130211 151952
-108.82 54.28 20130208 014633 20130310 014633
-99.95 43.37 20130110 032550 20130209 032550
-88.48 43.94 20130521 201109 20130620 201109
-98.76 39.8 20130204 061915 20130306 061915
-78.6 38.11 20130326 085655 20130425 085655
-84.18 50.87 20130518 030623 20130617 030623
-99.59 47 20130216 032606 20130318 032606
-91.08 42.74 20130128 133940 20130227 133940
-90.41 48.11 20130412 124216 20130512 124216
-80.9 35.49 20130326 015437 20130425 015437
-76.63 45.4 20130218 082105 20130320 082105
-96.25 46.08 20130426 181241 20130526 181241
-99 35.44 20130201 140331 20130303 140331
-77.18 47.84 20130417 070030 20130517 070030
-78.14 40.16 20130417 050352 20130517 050352
-80.79 54.91 20130104 195606 20130203 195606
-108.74 41.92 20130515 233920 20130614 233920
-90.04 52.45 20130127 044827 20130226 044827
-87.26 53.79 20130212 005830 20130314 005830
-106.54 44.16 20130216 155106 20130318 155106
-79.01 44.79 20130502 041753 20130601 041753
-78.99 46.98 20130205 130506 20130307 130506
-103.24 38.77 20130513 173428 20130612 173428
-76.42 40.18 20130119 031031 20130218 031031
-108.62 43.75 20130525 011325 20130624 011325
-80.06 47.37 20130120 165115 20130219 165115
-79.52 49.23 20130319 082311 20130418 082311
-84.17 52.8 20130513 170646 20130612 170646
-104.18 48.59 20130325 102843 20130424 102843
-89.63 52.56 20130125 224345 20130224 224345
-76.02 37.16 20130516 183733 20130615 183733
-98.99 51.33 20130417 021517 20130517 021517
-107.14 48.58 20130225 203914 20130327 203914
-105.23 42.38 20130116 065120 20130215 065120
-98.53 44.9 20130303 024530 20130402 024530
