-107.85 42.63 20130413 024707 20130513 024707
-84.8 54.98 20130306 001706 20130405 001706
-109.38 48.97 20130501 102835 20130531 102835
-106.38 40.95 20130319 222156 20130418 222156
-76.69 39.05 20130214 190318 20130316 190318
-80.04 50.99 20130316 214331 20130415 214331
-100.78 47.9 20130404 183002 20130504 183002
-97.12 41.16 20130517 173543 20130616 173543
-104.58 49.03 20130528 155641 20130627 155641
-106.57 39.54 20130119 052314 20130218 052314
-94.33 43.95 20130429 092026 20130529 092026
-90.85 53.04 20130208 051401 20130310 051401
-80.09 50.4 20130531 181625 20130630 181625
-100.33 41.74 20130406 111757 20130506 111757
-95.36 45.33 20130118 221652 20130217 221652
-84.86 44.12 20130301 045704 20130331 045704
-81.71 48.39 20130115 181354 20130214 181354
-76.34 48.74 20130301 020004 20130331 020004
-91.26 37.74 20130330 165326 20130429 165326
-104.14 51.77 20130227 014223 20130329 014223
-103.07 49.71 20130216 234137 20130318 234137
-109.33 51.07 20130509 101330 20130608 101330
-104.36 50.49 20130501 134637 20130531 134637
-94.5 39.69 20130505 004912 20130604 004912
-80.89 41.52 20130316 150930 20130415 150930
-83.36 54.51 20130423 055159 20130523 055159
-87.99 48.01 20130312 182459 20130411 182459
-102.78 46.98 20130519 040559 20130618 040559
-94.1 54.43 20130508 200152 20130607 200152
-92.96 45.78 20130517 014701 20130616 014701
-108.88 40.95 20130322 121132 20130421 121132
-97.35 48.82 20130312 095248 20130411 095248
-95.31 43.48 20130205 001637 20130307 001637
-89.69 41.45 20130522 075932 20130621 075932
-106.35 47.82 20130313 201028 20130412 201028
-79.95 54.27 20130506 233224 20130605 233224
-90.17 52.09 20130304 101007 20130403 101007
-86.69 44.26 20130114 141941 20130213 141941
-80.96 39.55 20130126 164829 20130225 164829
-100.64 41.46 20130107 140003 20130206 140003
-87.34 46.38 20130118 064504 20130217 064504
-91 50.32 20130526 192003 20130625 192003
-110.74 53.6 20130116 120503 20130215 120503
-80.99 53.85 20130214 185059 20130316 185059
-105.4 50.08 20130226 233312 20130328 233312
-89.04 38.42 20130425 231556 20130525 231556
-92.64 51.69 20130105 113446 20130204 113446
-87.49 43.11 20130426 000929 20130526 000929
-103.42 46.92 20130123 003752 20130222 003752
-99.38 48.14 20130522 022801 20130621 022801
-83.33 52.14 20130321 005906 20130420 005906
-79.61 43.06 20130422 182412 20130522 182412
-97.77 43.99 20130419 160431 20130519 160431
-93.64 45.66 20130204 222125 20130306 222125
-82.03 44.64 20130526 160205 20130625 160205
-91.84 46.65 20130315 072355 20130414 072355
-80.36 52.36 20130125 151638 20130224 151638
-102.16 50.08 20130419 003452 20130519 003452
-97.48 46.25 20130512 060605 20130611 060605
-110.49 49.89 20130408 144556 20130508 144556
-94.67 42.26 20130228 142602 20130330 142602
-92.12 48.57 20130325 113106 20130424 113106
-91.87 35.71 20130405 032832 20130505 032832
-102.15 42.15 20130128 042033 20130227 042033
-110.93 40.6 20130523 235305 20130622 235305
-85.09 46.99 20130321 160523 20130420 160523
-101.75 46.74 20130515 052616 20130614 052616
-105.45 52.46 20130108 162600 20130207 162600
-93.39 49.05 20130211 131432 20130313 131432
-89.81 54.29 20130529 103038 20130628 103038
-76.63 42.09 20130204 225256 20130306 225256
-103.61 45.77 20130204 132903 20130306 132903
-86.41 36.14 20130311 184534 20130410 184534
-98.14 45 20130524 003705 20130623 003705
-110.52 40.62 20130512 074356 20130611 074356
-95.6 44.61 20130312 090933 20130411 090933
-104.27 52.58 20130301 125119 20130331 125119
-108.63 36.63 20130508 122434 20130607 122434
-107.99 44.07 20130328 115907 20130427 115907
-76.69 37.91 20130314 155735 20130413 155735
-89.5 37.32 20130227 073754 20130329 073754
-106.43 47.45 20130524 010033 20130623 010033
-84.99 50.65 20130418 140320 20130518 140320
-82.38 49.77 20130115 163619 20130214 163619
-77.44 46.24 20130530 125133 20130629 125133
-87.23 43.61 20130131 124936 20130302 124936
-82.44 53.24 20130321 032247 20130420 032247
-92.65 39.29 20130207 194508 20130309 194508
-91.08 51.61 20130213 104848 20130315 104848
-85.26 35.48 20130415 140812 20130515 140812
-80.2 50.82 20130311 023222 20130410 023222
-88.26 52.6 20130519 155015 20130618 155015
-89.78 35.53 20130215 062959 20130317 062959
-90.39 47.4 20130215 081849 20130317 081849
-90.97 46.15 20130523 000903 20130622 000903
-83.86 35.53 20130212 202151 20130314 202151
-79.98 35.41 20130328 122639 20130427 122639
-105.74 43.08 20130419 010315 20130519 010315
-84.27 48.1 20130104 172956 20130203 172956
-86.36 37.63 20130219 143949 20130321 143949
-86.35 46.31 20130327 125135 20130426 125135
-90.72 51.99 20130419 052315 20130519 052315
-108.98 50.16 20130331 012342 20130430 012342
-95.02 35.73 20130424 005414 20130524 005414
-92.32 40.12 20130526 071022 20130625 071022
-85.56 41.42 20130307 042217 20130406 042217
-103.31 48.92 20130410 061234 20130510 061234
-84.26 40.79 20130504 030121 20130603 030121
-89.85 38.48 20130212 155445 20130314 155445
-96.29 41.54 20130425 155120 20130525 155120
-98.41 44.73 20130114 050631 20130213 050631
-79.49 52.01 20130309 092211 20130408 092211
-101.42 50.48 20130416 094902 20130516 094902
-77.83 41.83 20130528 034523 20130627 034523
-84.36 52.87 20130310 174329 20130409 174329
-104.42 41.14 20130502 155550 20130601 155550
-103.98 41.4 20130505 015417 20130604 015417
-88.03 50.18 20130507 091115 20130606 091115
-92.18 43.32 20130121 124855 20130220 124855
-88 37.3 20130130 025948 20130301 025948
-104.45 43.45 20130512 165610 20130611 165610
-94.62 51.1 20130318 073950 20130417 073950
-104.6 35.34 20130202 083920 20130304 083920
-85.13 41.21 20130425 165935 20130525 165935
-86 39.78 20130520 043130 20130619 043130
-86.62 48.72 20130522 005320 20130621 005320
-108.4 45.09 20130418 073933 20130518 073933
-78.23 47.02 20130112 180751 20130211 180751
-94.15 41.69 20130203 222308 20130305 222308
-95.04 41.44 20130107 120845 20130206 120845
-92.29 39.98 20130311 073536 20130410 073536
-91.29 54.72 20130427 184919 20130527 184919
-95.37 36.21 20130208 123007 20130310 123007
-99.7 40.32 20130216 121504 20130318 121504
-96.58 52.81 20130415 163244 20130515 163244
-96.37 49.01 20130422 160453 20130522 160453
-97.71 38.65 20130426 183856 20130526 183856
-84.92 35.12 20130223 100249 20130325 100249
-96.79 37.98 20130425 234224 20130525 234224
-105.53 47.01 20130513 014640 20130612 014640
-82.75 50.52 20130110 191401 20130209 191401
-104.56 44.93 20130115 143028 20130214 143028
-110.93 35.84 20130206 164551 20130308 164551
-97.23 42.9 20130211 181916 20130313 181916
-81.2 52.58 20130211 060703 20130313 060703
-95.21 43.92 20130304 023052 20130403 023052
-108.46 42.25 20130114 010530 20130213 010530
-95.71 45.94 20130202 055725 20130304 055725
-81.15 47.49 20130330 051920 20130429 051920
-107.75 40.66 20130330 003336 20130429 003336
-80.22 39.1 20130217 142950 20130319 142950
-79.23 43.02 20130427 161201 20130527 161201
-82.69 53.33 20130530 210241 20130629 210241
-95.18 52.75 20130126 053049 20130225 053049
-79.66 41.3 20130113 191901 20130212 191901
-99.18 44.17 20130111 170152 20130210 170152
-91.83 51.35 20130202 060849 20130304 060849
-105.06 48.96 20130509 204213 20130608 204213
-97.61 46.13 20130405 091728 20130505 091728
-82.74 51.26 20130215 013750 20130317 013750
-85.3 42.54 20130214 203530 20130316 203530
-95.72 51.58 20130224 181858 20130326 181858
-95.82 45.85 20130110 142152 20130209 142152
-102.34 47.2 20130401 150659 20130501 150659
-88.78 43.08 20130228 112029 20130330 112029
-108.4 40.03 20130205 090650 20130307 090650
-95.64 48.53 20130524 031500 20130623 031500
-89.76 48.65 20130520 022915 20130619 022915
-91.51 54.98 20130421 190520 20130521 190520
-84.86 38.61 20130309 170924 20130408 170924
-100.85 47.04 20130114 010327 20130213 010327
-105.27 46.06 20130514 120518 20130613 120518
-93.5 38.77 20130305 205708 20130404 205708
-89.04 39.55 20130206 232019 20130308 232019
-80.24 40.48 20130423 065343 20130523 065343
-96.42 46.77 20130313 220642 20130412 220642
-100.81 43.34 20130419 174633 20130519 174633
-93.93 35.4 20130123 122204 20130222 122204
-85.18 53.9 20130301 135557 20130331 135557
-76.36 36.75 20130207 124257 20130309 124257
-95.84 50.44 20130212 004300 20130314 004300
-88.49 46.57 20130203 101459 20130305 101459
-81.1 47.83 20130424 191729 20130524 191729
-102.99 51.91 20130601 041052 20130701 041052
-108.58 49.81 20130312 163259 20130411 163259
-97.61 39.16 20130218 154758 20130320 154758
-88.19 52.56 20130417 071417 20130517 071417
-98.25 47.98 20130327 150930 20130426 150930
-92.84 40.42 20130424 232053 20130524 232053
-78.27 40.93 20130524 215124 20130623 215124
-89.96 45.49 20130531 124454 20130630 124454
-92.35 41.2 20130328 073027 20130427 073027
-91.81 41.75 20130120 043933 20130219 043933
-96.57 38.67 20130219 030923 20130321 030923
-84.13 36.15 20130430 055221 20130530 055221
-102.84 54.56 20130411 190537 20130511 190537
-85.25 53.9 20130501 023001 20130531 023001
-103.6 48.51 20130115 000254 20130214 000254
-87.88 50.89 20130128 181406 20130227 181406
-102.28 48.64 20130414 181350 20130514 181350
-108.96 50.94 20130313 113505 20130412 113505
-95.94 37.86 20130326 134316 20130425 134316
-102.5 49.24 20130331 021944 20130430 021944
-109.89 54.6 20130513 163510 20130612 163510
-95.82 42.38 20130223 234458 20130325 234458
-99.88 50.29 20130222 103412 20130324 103412
-105.97 52.91 20130215 121542 20130317 121542
-87.05 38.09 20130527 180719 20130626 180719
-91.86 41.04 20130220 190731 20130322 190731
-76.72 37.32 20130201 061641 20130303 061641
-100.85 38.38 20130410 223001 20130510 223001
-96.65 48.28 20130513 180236 20130612 180236
-105.04 54.21 20130505 204335 20130604 204335
-98.85 54.57 20130406 065539 20130506 065539
-95.85 37.14 20130221 082808 20130323 082808
-88.6 49.41 20130320 174858 20130419 174858
-80.21 54.14 20130303 184434 20130402 184434
-77.72 49.79 20130410 092055 20130510 092055
-102.16 53.05 20130417 083344 20130517 083344
-85.49 52.56 20130503 173117 20130602 173117
-85.95 40.54 20130124 072505 20130223 072505
-90.73 38.7 20130402 164340 20130502 164340
-77.62 54.73 20130117 161341 20130216 161341
-81.47 41.38 20130412 011403 20130512 011403
-92.17 47.31 20130515 050624 20130614 050624
-78.09 51.6 20130302 062725 20130401 062725
-96.86 35.15 20130303 064309 20130402 064309
-82.53 41.69 20130208 215013 20130310 215013
-93.49 36.97 20130513 192210 20130612 192210
-99.49 42.14 20130402 120925 20130502 120925
-92.48 54.81 20130223 211838 20130325 211838
-82.02 45.03 20130425 050043 20130525 050043
-105.11 50.73 20130103 204741 20130202 204741
-91.43 51.34 20130223 012541 20130325 012541
-94.69 48.85 20130121 044753 20130220 044753
-90.82 47.36 20130515 023920 20130614 023920
-89.83 51.62 20130315 073714 20130414 073714
-81.06 44.09 20130502 063023 20130601 063023
-98.61 44.6 20130303 062518 20130402 062518
-103.88 51.34 20130202 134703 20130304 134703
-101.48 53.11 20130520 065527 20130619 065527
-88.59 43.34 20130112 061541 20130211 061541
-91.13 46.83 20130216 233455 20130318 233455
-85.88 37.46 20130406 142232 20130506 142232
-109.37 51.54 20130204 032519 20130306 032519
-92.07 44.64 20130317 122339 20130416 122339
-95.18 46.74 20130225 141134 20130327 141134
-83.15 40.18 20130313 041752 20130412 041752
-105.35 48.27 20130311 095601 20130410 095601
-78.61 47.64 20130517 081559 20130616 081559
-109.45 43.12 20130202 173927 20130304 173927
-86.31 42.63 20130115 023752 20130214 023752
-86.51 35.66 20130509 234629 20130608 234629
-98.1 38.07 20130410 144759 20130510 144759
-105.47 48.39 20130110 044114 20130209 044114
-103.33 41.47 20130112 012551 20130211 012551
-97.22 44.65 20130526 145148 20130625 145148
-103.85 42.01 20130601 034630 20130701 034630
-104.86 48.39 20130317 161526 20130416 161526
-86.49 51.15 20130304 184029 20130403 184029
-83.15 49.12 20130225 130118 20130327 130118
-79.31 44.52 20130528 211123 20130627 211123
-97.19 44.02 20130110 065408 20130209 065408
-84.98 46.41 20130321 085449 20130420 085449
-99.08 35.96 20130412 020350 20130512 020350
-97.76 54.35 20130221 124250 20130323 124250
-91.66 35.8 20130516 200433 20130615 200433
-90.11 48.37 20130511 112048 20130610 112048
-81.96 36.92 20130421 120223 20130521 120223
-91.65 53.95 20130514 060321 20130613 060321
-105.14 44.38 20130301 171931 20130331 171931
-107.54 47.34 20130119 234345 20130218 234345
-96.42 49.71 20130408 184011 20130508 184011
-89.74 54.23 20130211 151540 20130313 151540
-81.64 39.36 20130111 082802 20130210 082802
-106.31 38.73 20130327 055504 20130426 055504
-108.36 36.05 20130410 025948 20130510 025948
-88.13 38.1 20130518 182229 20130617 182229
-92.1 47.14 20130416 202949 20130516 202949
-108.04 51.41 20130210 190925 20130312 190925
-78.74 37.37 20130116 092150 20130215 092150
-93.79 53.61 20130126 234226 20130225 234226
-79 45.92 20130116 192849 20130215 192849
-89.39 50.83 20130331 174519 20130430 174519
-86.16 50.05 20130307 213712 20130406 213712
-83.3 43.2 20130117 080941 20130216 080941
-83.93 42.36 20130524 143835 20130623 143835
-100.81 45.71 20130316 161236 20130415 161236
-101.21 38.54 20130312 061453 20130411 061453
-101.21 45.11 20130430 205446 20130530 205446
-81.05 47.04 20130403 193641 20130503 193641
-93.14 51.66 20130423 020133 20130523 020133
-97.8 54.37 20130104 110835 20130203 110835
-83.51 35.32 20130311 214335 20130410 214335
-108.22 38.24 20130530 150705 20130629 150705
-79.69 38.34 20130214 161402 20130316 161402
-106.8 39.02 20130131 053000 20130302 053000
-108.28 43.53 20130112 192428 20130211 192428
-95.29 51.08 20130530 002605 20130629 002605
-88.74 49.97 20130106 070254 20130205 070254
-94.78 51.4 20130505 131204 20130604 131204
-95.92 37.83 20130123 075240 20130222 075240
-86.77 39.16 20130418 025401 20130518 025401
-84.06 50.32 20130503 200533 20130602 200533
-91.14 36.43 20130329 213859 20130428 213859
-104.02 44.59 20130301 102958 20130331 102958
-88.88 42.54 20130417 134653 20130517 134653
-110.12 51.47 20130103 164752 20130202 164752
-105.53 50.71 20130116 022637 20130215 022637
-78.61 47.56 20130203 124126 20130305 124126
-76.57 37.44 20130401 192342 20130501 192342
-82.63 47.26 20130523 065525 20130622 065525
-91.74 42.58 20130316 180058 20130415 180058
-92.21 38.16 20130211 075636 20130313 075636
-91.7 39.01 20130122 055909 20130221 055909
-83.83 47.51 20130227 020446 20130329 020446
-78.93 50.02 20130404 085215 20130504 085215
-100.22 39.08 20130428 065358 20130528 065358
-86.06 45.52 20130509 044637 20130608 044637
-105.4 50.61 20130213 043839 20130315 043839
-92.88 42.77 20130331 064637 20130430 064637
-83.86 41.72 20130116 212626 20130215 212626
-101.88 42.45 20130216 200720 20130318 200720
-105.23 36.97 20130307 190116 20130406 190116
-88.81 51.37 20130210 072535 20130312 072535
-104.58 43.92 20130428 141500 20130528 141500
-102.8 51.97 20130425 195220 20130525 195220
-88.54 41.61 20130106 082652 20130205 082652
-86.64 50.89 20130221 050130 20130323 050130
-83.94 47.01 20130117 043407 20130216 043407
-81.66 43.62 20130409 084041 20130509 084041
-106.96 36.73 20130426 042713 20130526 042713
-103.38 41.46 20130416 204307 20130516 204307
-94.72 51.44 20130223 030055 20130325 030055
-107.22 44.9 20130324 165300 20130423 165300
-105.36 52.62 20130508 195041 20130607 195041
-91.08 46.52 20130327 051821 20130426 051821
-91.01 49.85 20130408 203744 20130508 203744
-106.73 41.47 20130329 121811 20130428 121811
-110.34 42.17 20130107 232839 20130206 232839
-105.26 41.11 20130501 104655 20130531 104655
-103.48 51.8 20130309 045726 20130408 045726
-86.4 49.06 20130518 005737 20130617 005737
-102.84 44.3 20130112 020643 20130211 020643
-98.21 45.65 20130412 141200 20130512 141200
-80.84 52.88 20130301 195116 20130331 195116
-108.15 46.48 20130329 222252 20130428 222252
-102.09 47.5 20130314 094956 20130413 094956
-89.69 54.59 20130410 052931 20130510 052931
-108.53 41.4 20130508 104136 20130607 104136
-80.7 42.76 20130404 160035 20130504 160035
-93.29 38.99 20130310 160644 20130409 160644
-78.55 43.97 20130226 102201 20130328 102201
-82.85 35.03 20130427 082651 20130527 082651
-89.97 43.94 20130212 095758 20130314 095758
-97.92 48.3 20130129 103227 20130228 103227
-108.12 46.01 20130401 113819 20130501 113819
