-5.32 53.76 20141004 221831 20141103 221831
6.01 45.91 20141029 155001 20141128 155001
18.3 52.38 20140928 035031 20141028 035031
13.42 46.88 20141114 023234 20141214 023234
1.14 41.37 20141013 073414 20141112 073414
17 43.38 20140822 110909 20140921 110909
15.14 57.77 20141011 101136 20141110 101136
-7.61 49.21 20141005 011713 20141104 011713
5.47 48.51 20140831 055443 20140930 055443
4.16 41.55 20140812 060230 20140911 060230
-6.13 41.8 20141030 121121 20141129 121121
21.09 53.85 20140923 171058 20141023 171058
-4.42 47.05 20140818 062908 20140917 062908
-0.99 46.24 20140916 125040 20141016 125040
-8.9 54.38 20140814 070835 20140913 070835
10.24 45 20141025 121427 20141124 121427
12.68 59.73 20141110 183512 20141210 183512
4.59 58.19 20140819 023641 20140918 023641
4.61 54.16 20140818 095920 20140917 095920
10.1 50.47 20141009 073438 20141108 073438
-1.11 41.39 20141022 180048 20141121 180048
-7.3 48.53 20141107 140457 20141207 140457
-0.42 53.66 20141015 002540 20141114 002540
2.98 51.62 20140917 135058 20141017 135058
-5.2 55.28 20140901 152256 20141001 152256
19.61 52.61 20141127 202350 20141227 202350
1.6 41.43 20140912 142034 20141012 142034
10.78 46.42 20141028 134550 20141127 134550
7.68 47.85 20140917 124149 20141017 124149
3.6 43.45 20140920 051802 20141020 051802
-6 41.28 20140917 114227 20141017 114227
6.01 45.11 20141010 123642 20141109 123642
0.25 55.52 20141027 112932 20141126 112932
22.64 54.11 20141018 124103 20141117 124103
-3.15 57.85 20140910 102600 20141010 102600
19.62 54.08 20140824 100956 20140923 100956
14.87 47.51 20141110 032552 20141210 032552
6.27 54.6 20140912 162620 20141012 162620
18.34 51.35 20140901 053657 20141001 053657
16.61 45.62 20141012 205200 20141111 205200
24.74 45.71 20141119 184653 20141219 184653
13.53 45.01 20141014 071352 20141113 071352
20.64 55.08 20141101 074326 20141201 074326
25.47 43.6 20140818 175158 20140917 175158
8.67 46.96 20141002 113804 20141101 113804
10.82 48.27 20141116 101533 20141216 101533
10.75 50.05 20141017 232045 20141116 232045
18.25 43.33 20141110 031501 20141210 031501
25.96 52.08 20141024 190121 20141123 190121
13.01 49.89 20141105 213748 20141205 213748
2.84 58.86 20140811 050349 20140910 050349
-0.61 49.76 20141012 133425 20141111 133425
12.8 54.56 20141113 091723 20141213 091723
-0.47 43.41 20140808 231313 20140907 231313
1.92 51.3 20140916 132208 20141016 132208
7.49 54.65 20140928 171836 20141028 171836
14.46 56.98 20140903 025004 20141003 025004
10.27 56.75 20141120 040101 20141220 040101
-7.86 58.22 20140823 024110 20140922 024110
21.16 48.44 20140824 181617 20140923 181617
24.75 43.53 20141026 192513 20141125 192513
-0.53 58.12 20140916 133048 20141016 133048
21.69 54.06 20141123 121634 20141223 121634
2.47 47.8 20140903 121430 20141003 121430
9.61 58.34 20140830 034803 20140929 034803
9.2 44.18 20141005 110924 20141104 110924
16.7 50.83 20140919 024917 20141019 024917
8.78 44.7 20140901 231148 20141001 231148
-1.21 53.75 20141012 093235 20141111 093235
22.41 50.61 20141005 154651 20141104 154651
4.12 52.63 20141016 003605 20141115 003605
3.51 49.96 20141104 211928 20141204 211928
-8.65 52.46 20140905 051351 20141005 051351
21.82 58.02 20141122 192851 20141222 192851
-0.4 49.69 20141013 120317 20141112 120317
20.15 44.5 20140903 211156 20141003 211156
-1.88 42.68 20141012 165159 20141111 165159
-0.85 47.37 20140828 060152 20140927 060152
7.19 53.01 20140831 232503 20140930 232503
2.62 49.22 20140930 124628 20141030 124628
-5.65 51.33 20141103 004004 20141203 004004
15.8 48.29 20140904 142020 20141004 142020
23.3 46.86 20140807 154126 20140906 154126
19.75 46.99 20141002 211727 20141101 211727
1.83 56.65 20141101 072218 20141201 072218
15.45 54.36 20140930 075801 20141030 075801
-1.89 43.48 20141004 081115 20141103 081115
-1.95 44.05 20141129 094713 20141229 094713
-8.99 52.8 20140912 044741 20141012 044741
5.87 55.91 20141022 231913 20141121 231913
11.33 59.98 20140815 072400 20140914 072400
14.9 43.56 20141021 114238 20141120 114238
4.17 46.07 20140823 015324 20140922 015324
1.57 48.22 20140803 184723 20140902 184723
21.15 53.84 20141114 150402 20141214 150402
-5.81 45.63 20140824 131424 20140923 131424
25.36 47.83 20140912 172045 20141012 172045
-6.32 41.09 20140810 153545 20140909 153545
-0.92 41.33 20141109 161357 20141209 161357
-1.77 58.38 20140831 223206 20140930 223206
5.36 56.23 20140819 212307 20140918 212307
25.76 51.06 20141104 114913 20141204 114913
10.44 45.64 20141108 211339 20141208 211339
11.98 43.37 20141014 003906 20141113 003906
7.08 45.07 20140925 145845 20141025 145845
17.27 44.21 20141005 163911 20141104 163911
2.55 42.42 20140810 205446 20140909 205446
5.81 58.46 20140827 060909 20140926 060909
21.34 58.7 20140820 211751 20140919 211751
5.5 56.22 20140921 231548 20141021 231548
16.52 53.59 20141025 215333 20141124 215333
18.69 41.91 20140911 041107 20141011 041107
13.84 49.71 20140914 101548 20141014 101548
-5.57 53.79 20140905 160356 20141005 160356
4.11 47.15 20141124 191841 20141224 191841
-2.46 44 20140930 100206 20141030 100206
15.52 48.65 20140923 032108 20141023 032108
10.97 43.73 20140823 100616 20140922 100616
-5.42 53.54 20141124 202243 20141224 202243
0.23 44.83 20140919 025156 20141019 025156
5.73 42.33 20141125 040934 20141225 040934
4.06 54.71 20140818 202935 20140917 202935
10.69 47.77 20141110 041226 20141210 041226
16.75 49.74 20140918 093746 20141018 093746
-2.48 41.92 20141129 143337 20141229 143337
4.83 44.88 20140808 223716 20140907 223716
3.33 58.9 20141007 190708 20141106 190708
12.94 51.07 20140809 103739 20140908 103739
17.05 46.4 20140912 111255 20141012 111255
5.76 50.14 20140910 051813 20141010 051813
17.73 44.47 20141013 015539 20141112 015539
7.36 45.24 20140909 080155 20141009 080155
-7.06 53.45 20141003 034506 20141102 034506
4.01 59.86 20141014 164357 20141113 164357
-2.09 51.32 20140914 100942 20141014 100942
-3.93 58.54 20141113 190224 20141213 190224
-5.5 52.62 20140914 203914 20141014 203914
17.14 48.83 20141026 163912 20141125 163912
5.32 47.98 20140925 065809 20141025 065809
-6.28 45.49 20141017 171710 20141116 171710
-0.16 45.08 20141020 005042 20141119 005042
14.13 42.02 20140825 040925 20140924 040925
11.27 42.74 20141102 022950 20141202 022950
-5.89 46.51 20141024 014543 20141123 014543
-1.86 44.84 20140918 171726 20141018 171726
4.58 47.96 20141018 145023 20141117 145023
4.41 59.53 20141014 193713 20141113 193713
12.16 55.67 20140922 231553 20141022 231553
12.07 57.22 20141025 114901 20141124 114901
16.74 50.88 20140816 230942 20140915 230942
-3.25 55.37 20140810 074744 20140909 074744
-2.8 41.13 20141102 172954 20141202 172954
21.28 53.37 20140803 180935 20140902 180935
5.88 49.5 20141023 105552 20141122 105552
10.56 49.14 20140805 103917 20140904 103917
-0.45 49.87 20140828 040947 20140927 040947
3.51 42.99 20140921 092145 20141021 092145
4.62 49.9 20140804 154438 20140903 154438
11.57 57.87 20141109 014916 20141209 014916
-1.27 59.81 20140827 002007 20140926 002007
15.74 59.45 20140903 082420 20141003 082420
16.19 49.81 20141029 182752 20141128 182752
10.86 47.26 20140911 074657 20141011 074657
-3.79 58.69 20141104 090331 20141204 090331
-0.89 45.12 20140921 053653 20141021 053653
2.88 58.52 20140810 190539 20140909 190539
21.08 57.16 20141118 203859 20141218 203859
9.94 45.86 20141016 193916 20141115 193916
4.22 51.6 20140831 200428 20140930 200428
-5.19 59.97 20140917 165802 20141017 165802
14.01 48.37 20140830 024004 20140929 024004
8.36 57.3 20140822 015340 20140921 015340
8.33 41.02 20141105 151613 20141205 151613
-6.59 54.37 20141006 114911 20141105 114911
24.99 51.32 20141011 152836 20141110 152836
17.81 54.25 20141129 060928 20141229 060928
-5.66 47.39 20141003 213848 20141102 213848
22.95 41.62 20140817 200543 20140916 200543
24.83 46.91 20140912 050311 20141012 050311
7.38 57.39 20140910 022540 20141010 022540
12.03 47.85 20141026 020433 20141125 020433
25.04 42.53 20141029 223230 20141128 223230
0.72 57.31 20141112 074333 20141212 074333
15.5 46.73 20141106 181235 20141206 181235
2.65 58.33 20140926 041556 20141026 041556
-0.92 55.99 20140817 165708 20140916 165708
24.69 43.81 20140804 065022 20140903 065022
-3.23 56.83 20140806 081750 20140905 081750
2.6 55.5 20141020 113722 20141119 113722
1.6 53.26 20141115 073444 20141215 073444
17.74 57.04 20141128 185342 20141228 185342
0.19 50.35 20140919 080942 20141019 080942
-1.09 45.43 20140917 011658 20141017 011658
23.23 44.24 20140921 095103 20141021 095103
-0.29 59.88 20141005 135940 20141104 135940
-1.53 46.51 20140906 165439 20141006 165439
1.37 46.23 20141102 083909 20141202 083909
15.28 57.38 20141023 052503 20141122 052503
-6.81 46.66 20140906 210100 20141006 210100
21.58 57.75 20141110 134250 20141210 134250
-4.29 46.38 20140924 110701 20141024 110701
7.88 59 20141126 055827 20141226 055827
13.38 45.16 20140903 073245 20141003 073245
6.43 54.44 20141012 094113 20141111 094113
25.73 52.31 20141026 140810 20141125 140810
24.82 51.45 20140925 145517 20141025 145517
5.88 59.8 20140910 023808 20141010 023808
-5.16 43.86 20140823 001729 20140922 001729
23.02 44.92 20141008 160909 20141107 160909
7.82 50.9 20141022 184249 20141121 184249
-2.81 51.45 20141113 050927 20141213 050927
-0.32 49.77 20141123 172918 20141223 172918
1.08 44.61 20140928 105830 20141028 105830
2.31 54.15 20141011 203116 20141110 203116
20 52.16 20141111 012151 20141211 012151
9.3 49.43 20141103 122325 20141203 122325
17.39 48.55 20140904 035256 20141004 035256
1.02 57.01 20141023 122427 20141122 122427
11.4 51.91 20140811 233224 20140910 233224
1.36 42.72 20140829 003653 20140928 003653
7.25 48.51 20141114 044609 20141214 044609
22.14 44.61 20141105 185056 20141205 185056
17.03 47.2 20141109 043633 20141209 043633
13.94 49.88 20141012 203556 20141111 203556
16.73 56.6 20141112 234129 20141212 234129
7.06 51.3 20141024 070238 20141123 070238
5.64 57.64 20140913 090714 20141013 090714
-6.34 57.18 20140909 020043 20141009 020043
3.06 57.77 20140916 022616 20141016 022616
24.78 46.75 20140807 225831 20140906 225831
16.74 41.58 20141002 221822 20141101 221822
-4.96 52.41 20140930 095944 20141030 095944
14.27 56.29 20141125 091533 20141225 091533
-0.57 57.91 20140908 035614 20141008 035614
20.69 57.66 20141122 101314 20141222 101314
-4.66 47.52 20141006 120226 20141105 120226
-3.5 56.76 20141024 193227 20141123 193227
-7.38 58.66 20141116 193715 20141216 193715
5.54 59.2 20141115 152625 20141215 152625
-7.16 55.05 20140819 111538 20140918 111538
-0.27 57.54 20140920 020953 20141020 020953
-5.8 57.68 20140826 003026 20140925 003026
23.94 45.44 20140825 095108 20140924 095108
-4.08 52.9 20140806 004558 20140905 004558
13.98 49.34 20140926 231306 20141026 231306
4.24 45.02 20141031 172117 20141130 172117
3.61 52.94 20140819 225057 20140918 225057
9.51 52.79 20140925 100906 20141025 100906
14.71 46 20141027 001822 20141126 001822
-4.04 59.58 20140829 102451 20140928 102451
1.6 46.11 20141130 224523 20141230 224523
-0.61 51.52 20141129 123323 20141229 123323
-0.64 45.18 20141127 010427 20141227 010427
10.49 52.02 20141111 183048 20141211 183048
6.86 52.44 20140924 012657 20141024 012657
24.28 43 20141002 142535 20141101 142535
-5.45 42.61 20140916 170252 20141016 170252
-4.61 42.86 20140922 105711 20141022 105711
3.05 49.53 20141118 044704 20141218 044704
9.88 48.96 20140809 223859 20140908 223859
8.36 47.47 20140811 191259 20140910 191259
14.23 50.16 20141017 203404 20141116 203404
-7.31 54.01 20140810 033056 20140909 033056
24.58 53.96 20140825 053012 20140924 053012
-2.17 59.82 20140909 000121 20141009 000121
5.92 41.33 20141103 153203 20141203 153203
23.17 51.94 20140830 234857 20140929 234857
6.22 42.44 20141119 044033 20141219 044033
20.42 52.76 20141118 004040 20141218 004040
13.28 59.29 20141120 052356 20141220 052356
3.46 59.3 20140811 084731 20140910 084731
19.58 49.35 20141122 130302 20141222 130302
14.31 47.71 20140925 173630 20141025 173630
3.62 42.14 20141003 052259 20141102 052259
20.59 53.16 20141028 124224 20141127 124224
20.68 55.72 20141125 235737 20141225 235737
-8.78 48.88 20140817 114822 20140916 114822
14 49.56 20140929 015515 20141029 015515
-8.35 49.34 20140926 202823 20141026 202823
11.26 48.81 20141015 154617 20141114 154617
13.35 56.12 20141009 235642 20141108 235642
25.79 52.63 20140911 154648 20141011 154648
1.15 48.58 20140826 102151 20140925 102151
-6.4 43.83 20140831 143727 20140930 143727
14.47 58.06 20141119 054741 20141219 054741
-8.39 44.35 20141012 103000 20141111 103000
-2.49 50.97 20140811 065713 20140910 065713
-6.3 56.58 20141012 111443 20141111 111443
13.88 59.03 20140914 002213 20141014 002213
18.53 58.85 20141106 191337 20141206 191337
-6.36 42.88 20141104 183944 20141204 183944
6.97 46.52 20140823 180654 20140922 180654
21.35 58.31 20140821 201603 20140920 201603
-3.34 41.8 20141020 221117 20141119 221117
17.31 54.24 20141130 012438 20141230 012438
8.01 41.39 20140825 000929 20140924 000929
-1.51 41.14 20141013 045125 20141112 045125
18.42 43.75 20140814 215916 20140913 215916
20.66 51.26 20141005 193143 20141104 193143
-0.91 45.65 20141019 222257 20141118 222257
22.1 57.53 20141116 234457 20141216 234457
6.79 41.89 20141005 212803 20141104 212803
4 56.24 20140815 170740 20140914 170740
-1.07 49.69 20141019 101452 20141118 101452
2.66 53.25 20140925 220335 20141025 220335
16.58 42.06 20141007 155016 20141106 155016
-7.89 54.19 20141121 212627 20141221 212627
-7.32 47.95 20141124 124841 20141224 124841
-4.8 47.33 20141003 052104 20141102 052104
9.27 59.78 20140918 010922 20141018 010922
-4.08 50.15 20140815 121347 20140914 121347
-5.64 58.99 20141104 115328 20141204 115328
3.11 42.91 20141128 223408 20141228 223408
24.46 49.25 20140927 210208 20141027 210208
-8.63 51.53 20140912 062342 20141012 062342
6.08 49.84 20140923 124944 20141023 124944
18.64 55.66 20141010 175426 20141109 175426
4.58 45.79 20141013 194153 20141112 194153
15.4 54.95 20141027 092909 20141126 092909
-6.44 44.73 20141006 122241 20141105 122241
6.36 44.49 20141020 141902 20141119 141902
-4.93 41.92 20140919 060855 20141019 060855
2.48 42.48 20141115 191426 20141215 191426
-8.63 45.64 20141005 174910 20141104 174910
3.76 41.2 20141101 121347 20141201 121347
1.39 57.39 20140901 222014 20141001 222014
12.76 48.88 20141027 142910 20141126 142910
16.75 52.14 20141017 101258 20141116 101258
24.33 57.16 20141126 222949 20141226 222949
3.2 52.71 20140817 095523 20140916 095523
4.47 58.11 20140905 132633 20141005 132633
7.4 47.49 20140927 203138 20141027 203138
25.82 56.8 20140927 003028 20141027 003028
25.7 41.72 20141123 195330 20141223 195330
12.07 48.3 20140919 182600 20141019 182600
-0.12 59.39 20140913 193426 20141013 193426
-6.5 56.91 20141029 084856 20141128 084856
14.12 47.35 20141001 145548 20141031 145548
4.57 53.28 20140807 014403 20140906 014403
13.56 48.4 20140906 214053 20141006 214053
6.53 44.45 20140921 153256 20141021 153256
10.26 58.76 20140908 071137 20141008 071137
2.37 54.22 20141110 213054 20141210 213054
6.96 41.94 20141027 011511 20141126 011511
16.93 53.89 20141004 225123 20141103 225123
-0.55 55.01 20140816 031411 20140915 031411
14.06 56.19 20141201 021709 20141231 021709
-3.29 41.31 20141201 023753 20141231 023753
-6.35 47.67 20141116 055827 20141216 055827
3.75 49.83 20140811 054741 20140910 054741
-0.41 52.56 20140928 020415 20141028 020415
9.01 55.15 20140921 174321 20141021 174321
-5.21 57.9 20141120 221106 20141220 221106
6.01 41.87 20141129 172444 20141229 172444
16.26 42.19 20140904 211258 20141004 211258
18.12 58.53 20141016 153017 20141115 153017
-0.06 45.26 20140829 080739 20140928 080739
15.35 52.59 20141105 163512 20141205 163512
