142.28 -10.81 20120828 033511 20120927 033511
135.06 -3.94 20120926 143634 20121026 143634
128.13 -21.67 20121109 011350 20121209 011350
122.18 3.67 20120906 190454 20121006 190454
142.12 -16.49 20120918 233806 20121018 233806
115.55 -2.22 20120904 191630 20121004 191630
155.54 4.19 20120904 200209 20121004 200209
136.34 -23.96 20120820 041922 20120919 041922
145.54 -31.13 20121201 015331 20121231 015331
122.05 -20.65 20120919 150526 20121019 150526
136.42 -19.21 20120830 095758 20120929 095758
138.37 -4.87 20120904 021750 20121004 021750
157.57 -8.55 20120925 183102 20121025 183102
153.54 -1.96 20121021 224205 20121120 224205
149.96 -24.5 20121014 151834 20121113 151834
148.82 -14.59 20121008 001504 20121107 001504
125.06 -31.08 20121019 144835 20121118 144835
128.43 -19.51 20121107 052848 20121207 052848
136.54 -25.31 20121101 093247 20121201 093247
151.19 -30.3 20120804 113912 20120903 113912
155.79 -18.47 20120927 054600 20121027 054600
131.28 -32.35 20120921 043813 20121021 043813
124.44 -6.26 20121129 124829 20121229 124829
127.4 -26.37 20120901 173034 20121001 173034
119.19 -12.72 20120929 012336 20121029 012336
130.36 -0.67 20120924 010620 20121024 010620
146.36 -17.53 20120929 054912 20121029 054912
131.56 -26.49 20121116 092715 20121216 092715
130.64 -16.48 20120831 135546 20120930 135546
124.19 -20.96 20121019 082135 20121118 082135
148.68 -19.1 20120910 120702 20121010 120702
143.27 -22.92 20121122 131449 20121222 131449
126.38 -27.48 20121010 054424 20121109 054424
116.87 -22.97 20120924 073428 20121024 073428
136.69 -30.22 20121010 183830 20121109 183830
114.16 -23.44 20121126 135250 20121226 135250
126.22 -25.24 20120830 112037 20120929 112037
133.22 -33.41 20121004 203251 20121103 203251
140.71 -20.14 20121025 003724 20121124 003724
138.49 1.06 20121115 104304 20121215 104304
121.82 -18.31 20121113 141114 20121213 141114
150.32 -27.88 20120915 082242 20121015 082242
134.62 -16.27 20120930 205402 20121030 205402
151.96 -13.1 20121102 074725 20121202 074725
121.41 4.47 20120805 000418 20120904 000418
140.73 -32.62 20120908 114545 20121008 114545
151.34 -33.75 20120913 021246 20121013 021246
135.38 -6.59 20121130 230747 20121230 230747
142.83 -28.55 20121013 111716 20121112 111716
135.18 2.32 20121114 125321 20121214 125321
116.94 -12.26 20120913 003756 20121013 003756
132.88 -7.91 20121029 162425 20121128 162425
136.07 4.28 20121031 135412 20121130 135412
116.29 -9.43 20121104 162051 20121204 162051
125.21 -31.86 20120921 014209 20121021 014209
129.22 -34.1 20121115 082852 20121215 082852
119.8 -23.43 20121116 034249 20121216 034249
150.35 -30.93 20120911 044542 20121011 044542
133.99 -20.13 20120830 201925 20120929 201925
114.22 0.04 20121104 045141 20121204 045141
143.13 2.57 20120808 114338 20120907 114338
140.46 -12.51 20121021 012733 20121120 012733
155.98 -4.89 20120905 164628 20121005 164628
158.86 -27.69 20120822 084241 20120921 084241
158.7 -20.85 20120907 102552 20121007 102552
126.38 -6.86 20120915 124142 20121015 124142
122.94 -29.06 20121114 193306 20121214 193306
119.01 4.82 20120809 144606 20120908 144606
114.09 -24.27 20120923 082642 20121023 082642
155.07 -15.28 20120817 150432 20120916 150432
152.12 -0.28 20121006 225627 20121105 225627
126.21 -17.84 20121008 065408 20121107 065408
128.97 -26.43 20120922 072621 20121022 072621
151.46 -15.21 20121018 222545 20121117 222545
127.06 -25.29 20121013 100500 20121112 100500
119.26 -15.71 20120817 211251 20120916 211251
118.59 1.37 20120827 161936 20120926 161936
151.73 4.42 20121102 152012 20121202 152012
132.22 -16.64 20120824 054820 20120923 054820
133.22 -20.67 20121031 003157 20121130 003157
150.07 -13.18 20120826 045729 20120925 045729
131.44 0.1 20120817 120637 20120916 120637
115.52 -25.13 20121110 001503 20121210 001503
136.28 -31.5 20121122 114704 20121222 114704
121.7 -13.73 20121117 195518 20121217 195518
146.19 -6.81 20120807 102242 20120906 102242
157.13 1.06 20121119 172246 20121219 172246
134.04 2.44 20121019 114836 20121118 114836
130.92 -21.65 20120805 105053 20120904 105053
130.43 0.73 20121121 191806 20121221 191806
131.8 -17.54 20121020 095801 20121119 095801
149.67 -11.15 20121112 015114 20121212 015114
141.38 -8.46 20121113 041208 20121213 041208
121.31 -24.44 20121125 172603 20121225 172603
116.18 -7.8 20121122 030228 20121222 030228
113.49 4.77 20120827 004440 20120926 004440
143.24 -1.99 20121009 075109 20121108 075109
138.96 -22.4 20121003 161224 20121102 161224
142.46 -34.2 20120915 233524 20121015 233524
118.33 0.97 20121127 144724 20121227 144724
119.69 -11.45 20121113 010710 20121213 010710
128.35 -6.17 20120819 122656 20120918 122656
140.66 -24.68 20121121 095257 20121221 095257
116.34 0.14 20121112 125620 20121212 125620
156.83 -25.53 20121019 202517 20121118 202517
158.93 -2.21 20121110 212710 20121210 212710
136.52 -9.19 20121026 055904 20121125 055904
136.42 -4.93 20121129 065412 20121229 065412
122.99 -4.71 20121013 222012 20121112 222012
122.67 -26.16 20120811 013938 20120910 013938
130.38 -13.21 20120816 132650 20120915 132650
122.47 -18.57 20121124 032158 20121224 032158
131.46 -11.75 20120812 130505 20120911 130505
139.21 -26.5 20120920 050000 20121020 050000
126.82 -33.28 20120822 200744 20120921 200744
131.94 -25.87 20121008 170203 20121107 170203
146.84 -17.87 20120921 001448 20121021 001448
129.16 -18.08 20121008 004923 20121107 004923
133.88 -4.33 20120831 123644 20120930 123644
127.85 -9.83 20120830 091419 20120929 091419
151.97 -1.66 20120919 054001 20121019 054001
158.38 -6.76 20120907 093503 20121007 093503
152.02 -25.95 20121009 005032 20121108 005032
151.32 4.96 20120917 052321 20121017 052321
129.94 -27.14 20120811 091805 20120910 091805
142.63 -11.12 20121026 121545 20121125 121545
138.96 -10.8 20121112 100231 20121212 100231
127.76 -20.97 20120823 104537 20120922 104537
151.78 -11.17 20120812 222522 20120911 222522
138.4 -21.24 20121009 004955 20121108 004955
124.37 -24.67 20120919 064109 20121019 064109
120.27 -20.96 20121116 125653 20121216 125653
139.91 -5.02 20121017 033353 20121116 033353
123.75 -33.56 20120911 045200 20121011 045200
136.61 -27.43 20120906 104204 20121006 104204
136.94 -19.12 20120826 021252 20120925 021252
122.45 2.6 20121010 095843 20121109 095843
145.44 -22.32 20121129 094831 20121229 094831
131.71 -8.81 20121016 072339 20121115 072339
150.56 -7.75 20120913 110902 20121013 110902
148.52 -0.61 20121101 140341 20121201 140341
113.48 -31.91 20121116 085749 20121216 085749
121.41 -27.7 20120915 173703 20121015 173703
114.84 -3.08 20120805 155057 20120904 155057
122.15 -17.88 20121126 062430 20121226 062430
153.2 -32.76 20120829 221150 20120928 221150
131.17 -7.86 20121106 153019 20121206 153019
148.28 -31.59 20121116 125129 20121216 125129
113.85 -13.94 20120928 214403 20121028 214403
136.64 -30.14 20121030 104822 20121129 104822
158.63 -16.61 20121113 032039 20121213 032039
121.24 -32.73 20121012 202424 20121111 202424
153.53 -20.83 20121003 214028 20121102 214028
140.01 -5.72 20121101 124159 20121201 124159
142.35 -7.72 20121127 112944 20121227 112944
145.24 -18.39 20120928 003308 20121028 003308
140.68 -16.87 20120905 073025 20121005 073025
123.24 3.78 20121125 182216 20121225 182216
151.8 -0.9 20120908 172315 20121008 172315
123.53 -26.36 20121019 224705 20121118 224705
133.1 -26.8 20121002 042902 20121101 042902
132.51 4.92 20121117 045244 20121217 045244
117.87 0.15 20120809 170640 20120908 170640
127.77 -29.08 20120922 151034 20121022 151034
127.83 -30.48 20120920 082451 20121020 082451
146.39 -21.35 20121004 062707 20121103 062707
142.31 -16.72 20120918 210034 20121018 210034
140.46 2.41 20120818 033857 20120917 033857
151.76 -8.36 20120807 213711 20120906 213711
148.51 -28.94 20120906 192021 20121006 192021
145.44 -6.85 20121127 175838 20121227 175838
120.52 -12.87 20121126 175744 20121226 175744
127.31 -2.74 20121109 120145 20121209 120145
133.15 -11.33 20120910 112033 20121010 112033
155.7 -5.48 20120905 134215 20121005 134215
114.18 -1.65 20120822 190406 20120921 190406
135.45 -2.57 20121121 031648 20121221 031648
157.85 -17.78 20121001 201717 20121031 201717
158.32 -10.26 20120813 130527 20120912 130527
122.6 -34.46 20120822 021031 20120921 021031
118.74 0.84 20121117 000042 20121217 000042
125.72 -31.93 20120929 025028 20121029 025028
117.25 -17.81 20121116 095648 20121216 095648
120.44 -33.94 20120827 024206 20120926 024206
136.98 -4.63 20120918 152534 20121018 152534
124.32 0.89 20121028 065214 20121127 065214
156.15 -25.93 20121006 082114 20121105 082114
153.13 -24.71 20120829 214808 20120928 214808
149.88 -30.22 20120908 131613 20121008 131613
151.77 3.13 20121031 000711 20121130 000711
115.31 -33.98 20120907 153422 20121007 153422
137.39 -33.2 20121122 124808 20121222 124808
140.9 -3.35 20120923 220508 20121023 220508
135.37 -8.12 20120824 085727 20120923 085727
113.65 -8.45 20120911 022144 20121011 022144
139.9 -14.31 20120825 071617 20120924 071617
155.44 3.21 20121116 095407 20121216 095407
144.63 -16.99 20121117 210118 20121217 210118
146.89 -13.38 20121103 174757 20121203 174757
136.43 0.64 20120829 000251 20120928 000251
153.55 -2.32 20120828 200626 20120927 200626
137.12 4.18 20121026 060652 20121125 060652
147.05 -16.91 20121104 212426 20121204 212426
118.85 -13.25 20121117 041204 20121217 041204
152.27 -14.13 20121130 174233 20121230 174233
136.1 -6.24 20121103 002826 20121203 002826
119.99 -20.69 20121118 132624 20121218 132624
150.99 -25.7 20121008 090126 20121107 090126
158.88 -28.31 20121005 053719 20121104 053719
127.08 -2.03 20121029 222320 20121128 222320
151.73 1.33 20121008 110428 20121107 110428
132.11 -11.61 20120821 024053 20120920 024053
153.24 -14.61 20120820 170537 20120919 170537
136.25 -13.76 20121130 183055 20121230 183055
143.22 -5.66 20120826 153227 20120925 153227
132.73 -21.03 20121005 201031 20121104 201031
148.35 -10.75 20120817 154956 20120916 154956
146.3 -10.55 20120815 041210 20120914 041210
133.36 -24.04 20121019 183352 20121118 183352
153.5 -23.82 20121006 141209 20121105 141209
132.95 -26.36 20121108 020939 20121208 020939
146.58 -11.65 20120924 154826 20121024 154826
143.43 -4.65 20121126 002749 20121226 002749
129.88 -32.8 20121113 104222 20121213 104222
144.8 -11.42 20121110 183919 20121210 183919
147.05 -19.83 20121124 014402 20121224 014402
118.63 -29.59 20120911 013907 20121011 013907
139.9 -11.89 20120917 160830 20121017 160830
120.2 -1.12 20120816 145812 20120915 145812
141.49 -5.32 20120808 140858 20120907 140858
117.21 -11.74 20121024 161421 20121123 161421
123.91 -12.64 20121002 093403 20121101 093403
116.87 1.3 20120913 201347 20121013 201347
156.75 -14.15 20121004 011029 20121103 011029
123.42 -20.67 20121015 071151 20121114 071151
135.98 -34.22 20120807 011618 20120906 011618
136.88 0.78 20120810 113055 20120909 113055
126.4 -15.15 20121118 153802 20121218 153802
140.46 -34.85 20121106 014459 20121206 014459
155.94 -16.09 20121101 125505 20121201 125505
140.28 -6.44 20121130 133524 20121230 133524
120.2 -31.12 20120803 183014 20120902 183014
121.32 -17.54 20120822 104355 20120921 104355
118.44 -25.58 20120804 205819 20120903 205819
144.23 -17.31 20121124 153737 20121224 153737
137.34 -9.03 20120830 165902 20120929 165902
141.96 -26.53 20121022 171422 20121121 171422
156.63 -12.94 20120828 171112 20120927 171112
151.12 -6.18 20120909 045620 20121009 045620
123.57 -13.67 20121116 064352 20121216 064352
156.59 -4.55 20121020 104116 20121119 104116
121.4 -17.23 20120813 130920 20120912 130920
123.86 -30.89 20121017 162311 20121116 162311
142.69 -19.5 20121128 085740 20121228 085740
157.03 -21.21 20121026 222143 20121125 222143
147.55 -15.82 20120905 030945 20121005 030945
157.9 -3.99 20120825 131741 20120924 131741
131.75 -26.62 20120829 162903 20120928 162903
136.16 -7.81 20121112 185804 20121212 185804
129.94 -14.32 20121025 024905 20121124 024905
149.72 -26.45 20121106 093630 20121206 093630
131.9 -11.43 20121127 210609 20121227 210609
128.46 -19.67 20120820 125531 20120919 125531
128.54 -10.82 20120922 144403 20121022 144403
141.69 -29.03 20121005 164755 20121104 164755
134.25 2.37 20121107 070954 20121207 070954
122.12 -33.19 20121022 062107 20121121 062107
120.65 -1.67 20121118 143244 20121218 143244
130.15 -13.63 20121121 020013 20121221 020013
134.87 1.2 20121001 170821 20121031 170821
120.58 -31.11 20121012 193255 20121111 193255
139.45 -34.13 20120807 054126 20120906 054126
138.94 -26.63 20120928 212403 20121028 212403
153.11 2.2 20120816 211432 20120915 211432
120.35 -27.12 20121023 174354 20121122 174354
145.19 -30.87 20121014 003957 20121113 003957
125.1 0.32 20121121 161448 20121221 161448
137.45 -22.95 20121014 161857 20121113 161857
152.5 -15.65 20120918 034149 20121018 034149
125.87 -11.86 20121112 133259 20121212 133259
121.34 -11.02 20121116 183127 20121216 183127
120.15 -7.87 20120823 122927 20120922 122927
131.71 -2.05 20120819 005856 20120918 005856
153.21 -30.33 20120805 065001 20120904 065001
133.55 -18.44 20120812 205326 20120911 205326
140.26 -28.46 20120810 070959 20120909 070959
130.2 3.03 20121019 163146 20121118 163146
121.1 -17 20120929 080832 20121029 080832
150.71 -18.47 20120808 081041 20120907 081041
152.08 -3.18 20121126 140300 20121226 140300
124.93 -14.68 20121124 091255 20121224 091255
129.7 -19.25 20121011 052153 20121110 052153
131.52 -9.93 20120818 113105 20120917 113105
117.56 -28.96 20121112 034947 20121212 034947
151.69 -23.19 20121014 032035 20121113 032035
158.14 -25.39 20121001 030554 20121031 030554
141.24 -0.6 20120903 055332 20121003 055332
115.25 -1.44 20120809 045856 20120908 045856
135.68 -3.97 20121122 142558 20121222 142558
141.81 -29.52 20121024 025655 20121123 025655
122.47 -6.13 20121125 090124 20121225 090124
134.66 -29.81 20121002 154946 20121101 154946
123 -18.08 20120815 105553 20120914 105553
130.13 -22.5 20121103 183643 20121203 183643
125.66 -6.22 20121129 032256 20121229 032256
115.33 -28.3 20121010 160907 20121109 160907
122.87 -27.94 20121129 005553 20121229 005553
136.23 -24.11 20121002 035718 20121101 035718
158.46 -10.85 20121112 192319 20121212 192319
129.3 3.43 20120817 082052 20120916 082052
114.89 -6.61 20120818 121409 20120917 121409
146.35 -27.73 20120824 200112 20120923 200112
120.95 -30.95 20120904 044652 20121004 044652
133.99 -2.91 20121026 142632 20121125 142632
130.33 -0.92 20121127 201254 20121227 201254
118.47 -22.47 20121007 151411 20121106 151411
157.65 -17.51 20120816 011219 20120915 011219
121.21 -25.44 20121001 045426 20121031 045426
113.52 -12.44 20121130 203106 20121230 203106
142.04 1.5 20121027 025324 20121126 025324
148.4 -24.71 20120810 132738 20120909 132738
113.21 -26.06 20120911 122522 20121011 122522
116.71 -28.18 20120814 002426 20120913 002426
127.26 -27.62 20121101 045137 20121201 045137
133.19 -28.96 20121003 002912 20121102 002912
143.09 -7.9 20120817 011050 20120916 011050
135.27 -29.83 20121023 151548 20121122 151548
136.8 -14.4 20120923 151513 20121023 151513
129.13 -24.43 20121129 070725 20121229 070725
113.57 -23.22 20120822 193034 20120921 193034
135.24 -5.62 20120915 090009 20121015 090009
114.32 2.55 20121007 204921 20121106 204921
137.53 -22.76 20121024 222050 20121123 222050
141.88 -13.83 20120919 032116 20121019 032116
116 -26.61 20120913 071538 20121013 071538
139.84 -24 20120913 154938 20121013 154938
122.23 -9.48 20121125 112351 20121225 112351
140.61 -9.2 20121125 160232 20121225 160232
133.34 -21.24 20120823 234205 20120922 234205
116.13 -8.9 20121111 201911 20121211 201911
115.01 0.85 20121112 134753 20121212 134753
151.85 -25.5 20120808 171649 20120907 171649
116.27 -27.33 20121017 032509 20121116 032509
136.12 1.29 20120808 112203 20120907 112203
127.85 -34.04 20121030 180222 20121129 180222
151.81 -6.26 20120909 124222 20121009 124222
144.67 -34.53 20120905 150431 20121005 150431
153.77 -24.46 20121121 172333 20121221 172333
117.1 -25.94 20120831 172405 20120930 172405
148.11 -7.96 20120829 213617 20120928 213617
128.77 -2.23 20120830 090606 20120929 090606
126.06 -28.32 20121106 070913 20121206 070913
120.53 -5.75 20121023 094917 20121122 094917
157.75 -7.4 20121106 001002 20121206 001002
143.41 -32.92 20120825 181409 20120924 181409
136.47 -14.59 20120903 220719 20121003 220719
126.43 -23.65 20120927 004817 20121027 004817
