26.74 57.45 20110217 224815 20110319 224815
2.18 55.41 20110317 175638 20110416 175638
18.27 57.42 20110210 203920 20110312 203920
23.1 62.16 20110305 080716 20110404 080716
2.73 55.4 20110109 142349 20110208 142349
23.02 63.11 20110429 142812 20110529 142812
24.15 51.79 20110401 105352 20110501 105352
14.41 57.31 20110104 075958 20110203 075958
23.31 60.14 20110427 050748 20110527 050748
3.33 63 20110116 032115 20110215 032115
28.68 61.34 20110103 122107 20110202 122107
15.97 52.15 20110521 183721 20110620 183721
16.1 65.85 20110529 015804 20110628 015804
20.28 61.25 20110403 131922 20110503 131922
30.13 51.99 20110530 062446 20110629 062446
28.61 65.99 20110516 120106 20110615 120106
9.42 57.29 20110529 111801 20110628 111801
9.73 53.34 20110128 130853 20110227 130853
12.92 68.02 20110213 224445 20110315 224445
5 56.43 20110329 234708 20110428 234708
11.86 69.02 20110425 010303 20110525 010303
34.36 62.49 20110526 063144 20110625 063144
26.57 62.35 20110317 174159 20110416 174159
7.02 68.91 20110408 125828 20110508 125828
8.41 65.11 20110524 135512 20110623 135512
8.74 57.86 20110501 003639 20110531 003639
27.81 64.29 20110322 034539 20110421 034539
5.76 68.32 20110429 081733 20110529 081733
7.34 69.53 20110128 090627 20110227 090627
22.22 64.92 20110520 165129 20110619 165129
6.1 62.38 20110225 221309 20110327 221309
31.91 60.08 20110426 025923 20110526 025923
34.08 51.03 20110127 185046 20110226 185046
9.34 67.68 20110129 100753 20110228 100753
26.03 56.3 20110118 183255 20110217 183255
16.89 66.27 20110518 172113 20110617 172113
10.19 69.34 20110214 030949 20110316 030949
22.76 60.8 20110211 050044 20110313 050044
4.38 66.25 20110203 000852 20110305 000852
6.85 54.22 20110512 022512 20110611 022512
21.62 51.52 20110221 080108 20110323 080108
31.21 58.99 20110129 013448 20110228 013448
2.7 65.62 20110326 225407 20110425 225407
25.95 68.61 20110115 020004 20110214 020004
6.42 54.83 20110323 084925 20110422 084925
11.44 51.79 20110301 195625 20110331 195625
2.72 64.14 20110410 230437 20110510 230437
20.59 62.73 20110525 005310 20110624 005310
31.69 56.67 20110423 133411 20110523 133411
6.21 68.47 20110513 235019 20110612 235019
27.39 63.53 20110520 203836 20110619 203836
28.77 55.96 20110521 163829 20110620 163829
25.26 65.62 20110205 113506 20110307 113506
4.14 68.37 20110421 105352 20110521 105352
18.72 66.39 20110526 224236 20110625 224236
18.39 63.02 20110501 034010 20110531 034010
26.94 59.15 20110124 214743 20110223 214743
15.88 53.2 20110110 101129 20110209 101129
7.01 57.06 20110516 135816 20110615 135816
6.34 59.54 20110201 220154 20110303 220154
22.17 64.97 20110310 104236 20110409 104236
13.36 54.52 20110329 003207 20110428 003207
14.95 55.02 20110208 020303 20110310 020303
33 63.89 20110525 223004 20110624 223004
12.1 61.83 20110106 152909 20110205 152909
28.77 69.57 20110512 054211 20110611 054211
18.29 64.51 20110531 181833 20110630 181833
18.19 69.93 20110525 033735 20110624 033735
36.79 63.99 20110221 013209 20110323 013209
21.34 58.81 20110423 114306 20110523 114306
21.95 56.37 20110516 173153 20110615 173153
26.52 67.94 20110520 050256 20110619 050256
18.39 59.89 20110301 142642 20110331 142642
8.35 65.79 20110108 014959 20110207 014959
17.09 55.14 20110524 172310 20110623 172310
7.25 58.79 20110520 071346 20110619 071346
17.04 69.33 20110422 192901 20110522 192901
8.38 53.53 20110223 130403 20110325 130403
20.43 64.2 20110130 041219 20110301 041219
5.02 68.26 20110111 083718 20110210 083718
24.41 59.57 20110310 180404 20110409 180404
6.45 67.99 20110206 160700 20110308 160700
3.67 64.27 20110521 085116 20110620 085116
31.33 69.58 20110420 143630 20110520 143630
13.08 55.57 20110315 010950 20110414 010950
2.21 54.72 20110204 081402 20110306 081402
34.88 65.11 20110408 061333 20110508 061333
12.34 55.57 20110312 053933 20110411 053933
36.08 66.33 20110330 114219 20110429 114219
6.4 69.74 20110202 052007 20110304 052007
6.94 63.68 20110109 220827 20110208 220827
8.56 51.42 20110412 190954 20110512 190954
10.53 57.8 20110316 135430 20110415 135430
19.58 60.57 20110301 013605 20110331 013605
6.95 57.12 20110402 112707 20110502 112707
15.46 54.12 20110130 091252 20110301 091252
35.49 69.88 20110507 091041 20110606 091041
8.03 62.27 20110401 032507 20110501 032507
27.12 66.24 20110219 105237 20110321 105237
29.05 58.31 20110401 032911 20110501 032911
32.86 66.87 20110104 091705 20110203 091705
25.94 54.88 20110107 025229 20110206 025229
11.87 62.12 20110503 030649 20110602 030649
32.77 51.37 20110105 082323 20110204 082323
5.3 59.7 20110504 151110 20110603 151110
21.12 64.25 20110527 002954 20110626 002954
9.46 65.61 20110507 234143 20110606 234143
18.4 63.62 20110522 082250 20110621 082250
13.42 54.33 20110213 154830 20110315 154830
5.45 52.4 20110418 063851 20110518 063851
12.75 53.22 20110414 174845 20110514 174845
16.71 58.24 20110128 082631 20110227 082631
20.22 65.14 20110131 093314 20110302 093314
34.56 52.22 20110429 105127 20110529 105127
16.09 66.54 20110503 190527 20110602 190527
3.38 69.71 20110121 144505 20110220 144505
11.49 55.29 20110513 131940 20110612 131940
33.57 55.74 20110121 212535 20110220 212535
22.92 68.66 20110422 012924 20110522 012924
2.62 53.81 20110121 094500 20110220 094500
36.6 69.99 20110211 121547 20110313 121547
16.43 60.8 20110426 055815 20110526 055815
14.01 62.37 20110402 012658 20110502 012658
36.84 56.43 20110329 001652 20110428 001652
7.45 68.81 20110110 045333 20110209 045333
30.43 52.66 20110129 100344 20110228 100344
9.33 62.25 20110506 114812 20110605 114812
28.37 58.76 20110225 024542 20110327 024542
23.6 62.66 20110509 140608 20110608 140608
23.93 67.06 20110425 082329 20110525 082329
8.11 60.14 20110403 190526 20110503 190526
25.39 59.85 20110527 092812 20110626 092812
9.85 63.34 20110325 201611 20110424 201611
11.45 53.39 20110311 061530 20110410 061530
25.35 52.33 20110430 113324 20110530 113324
25.15 52.58 20110104 110025 20110203 110025
11.82 58.18 20110409 011525 20110509 011525
5.79 52.5 20110310 120410 20110409 120410
2.29 63.44 20110211 113102 20110313 113102
16.57 51.76 20110412 200919 20110512 200919
33.43 59.58 20110322 015939 20110421 015939
25.71 55.65 20110424 181311 20110524 181311
23.29 67.83 20110312 192157 20110411 192157
4.25 61.86 20110211 160510 20110313 160510
15.1 67.85 20110121 085752 20110220 085752
4.36 62.78 20110201 210224 20110303 210224
28.78 53.3 20110330 105626 20110429 105626
27.62 59.87 20110404 053051 20110504 053051
21.79 53.51 20110120 073047 20110219 073047
7.46 58.56 20110430 210106 20110530 210106
4.13 59.64 20110119 093619 20110218 093619
5.07 68.79 20110325 101918 20110424 101918
28.27 62.16 20110409 203545 20110509 203545
14.56 56.2 20110413 221224 20110513 221224
23.97 51.87 20110309 193050 20110408 193050
34.17 55.92 20110201 194851 20110303 194851
36.09 59.71 20110511 094758 20110610 094758
21.83 65.64 20110104 193344 20110203 193344
28.69 51.91 20110217 075406 20110319 075406
10.44 64.15 20110301 035624 20110331 035624
31.54 53.6 20110226 151649 20110328 151649
7.86 56.3 20110513 004551 20110612 004551
18.24 66.79 20110422 170003 20110522 170003
23.41 63.35 20110212 235321 20110314 235321
8.94 55.37 20110112 173944 20110211 173944
8.03 59.94 20110322 210601 20110421 210601
19.14 54.21 20110329 172851 20110428 172851
30.49 59.28 20110514 145050 20110613 145050
3.88 54.24 20110329 230104 20110428 230104
35.96 66.5 20110428 140658 20110528 140658
19.52 54.72 20110522 172511 20110621 172511
7.74 51.1 20110518 182603 20110617 182603
18.11 61.98 20110110 164859 20110209 164859
7.08 64 20110514 201701 20110613 201701
9.18 57.84 20110226 130155 20110328 130155
21.84 60.22 20110420 014317 20110520 014317
30.5 68.99 20110421 030017 20110521 030017
2.74 51.4 20110107 040552 20110206 040552
16.07 66.07 20110321 073805 20110420 073805
11.34 58.26 20110512 214028 20110611 214028
16.88 58.63 20110505 170714 20110604 170714
25.44 65.05 20110515 064411 20110614 064411
5.96 51.77 20110519 182559 20110618 182559
3.17 61.19 20110417 204310 20110517 204310
17.12 59.63 20110208 013049 20110310 013049
4.58 53.25 20110210 122156 20110312 122156
21.09 63.59 20110416 092041 20110516 092041
13.18 52.17 20110516 011826 20110615 011826
7.35 67.06 20110430 213100 20110530 213100
9.6 63.9 20110227 230923 20110329 230923
27.98 64.66 20110207 214244 20110309 214244
6.97 53.56 20110508 223546 20110607 223546
21.33 54.78 20110415 182331 20110515 182331
9.32 54.99 20110329 010157 20110428 010157
3.03 56.27 20110311 131359 20110410 131359
29.42 57.61 20110325 023746 20110424 023746
22.74 56.71 20110226 145007 20110328 145007
21.81 53.79 20110319 004009 20110418 004009
19.4 65.69 20110410 015746 20110510 015746
32.54 63.17 20110419 152945 20110519 152945
28.09 56.2 20110512 055914 20110611 055914
3.32 62.5 20110119 031048 20110218 031048
26.68 63.41 20110405 011745 20110505 011745
25.69 55.05 20110123 101506 20110222 101506
24.01 69.11 20110312 012307 20110411 012307
13.17 61.99 20110206 045639 20110308 045639
29.64 62.5 20110131 192533 20110302 192533
24.68 55.31 20110217 113001 20110319 113001
10.9 59.43 20110208 193304 20110310 193304
32.05 55.15 20110115 005008 20110214 005008
2.26 56.52 20110318 091549 20110417 091549
20.04 64.93 20110315 173920 20110414 173920
23.76 55.25 20110308 182435 20110407 182435
27.26 62.86 20110404 020337 20110504 020337
28.35 54.73 20110203 041611 20110305 041611
31.64 51.03 20110319 133033 20110418 133033
30.64 58.43 20110524 230947 20110623 230947
29.84 64.54 20110530 005750 20110629 005750
11.88 66.82 20110126 053213 20110225 053213
25.4 62.21 20110516 032933 20110615 032933
6.24 69.78 20110524 225908 20110623 225908
30.68 65.64 20110508 173134 20110607 173134
20.41 66.58 20110419 023914 20110519 023914
4.37 55.3 20110430 121007 20110530 121007
2.02 59.27 20110509 041557 20110608 041557
10.31 56.23 20110513 204020 20110612 204020
24.18 59.77 20110323 175533 20110422 175533
25.3 65.1 20110312 052256 20110411 052256
15.2 62.4 20110331 060600 20110430 060600
21.05 64.67 20110512 160049 20110611 160049
17 55.59 20110219 203018 20110321 203018
6.55 52.19 20110408 100756 20110508 100756
7.81 62.82 20110407 045340 20110507 045340
4.46 67.96 20110405 074739 20110505 074739
12.11 59.77 20110521 033146 20110620 033146
8.43 53.68 20110111 013321 20110210 013321
12.83 67.82 20110206 022718 20110308 022718
22.84 54.69 20110130 022109 20110301 022109
26.48 56.91 20110524 002117 20110623 002117
22.7 64.75 20110201 093937 20110303 093937
35.92 69.57 20110319 120644 20110418 120644
8.46 67.36 20110404 182309 20110504 182309
29.21 56.84 20110316 174111 20110415 174111
18.39 58.76 20110207 003805 20110309 003805
35.27 53.36 20110326 181206 20110425 181206
8.39 57.59 20110124 014635 20110223 014635
15.75 56.04 20110420 192600 20110520 192600
19.55 64.12 20110327 000755 20110426 000755
14.34 62.19 20110520 101313 20110619 101313
21.11 56.84 20110330 122236 20110429 122236
11.01 52.06 20110514 160457 20110613 160457
22.98 61.05 20110518 031203 20110617 031203
17.39 68.34 20110526 041709 20110625 041709
23.02 64.39 20110201 135151 20110303 135151
32.46 69.12 20110516 095746 20110615 095746
27.38 55.9 20110114 234929 20110213 234929
31.59 60.78 20110114 232829 20110213 232829
18.14 51.74 20110330 191141 20110429 191141
12.08 64.86 20110324 171716 20110423 171716
19.74 62.13 20110331 182629 20110430 182629
31.06 58.68 20110417 133052 20110517 133052
4.74 68.27 20110314 015902 20110413 015902
17.48 53.34 20110223 161748 20110325 161748
31.85 54.72 20110114 232225 20110213 232225
27.36 64.63 20110526 011229 20110625 011229
3.15 54.39 20110403 043952 20110503 043952
33.82 66.76 20110320 032852 20110419 032852
29.54 68.93 20110429 233256 20110529 233256
2.21 57.39 20110323 070727 20110422 070727
31.4 56.52 20110410 014333 20110510 014333
17.34 54.07 20110531 025621 20110630 025621
11.96 61.15 20110512 103214 20110611 103214
3.62 64.37 20110403 201912 20110503 201912
36.95 66.21 20110404 023701 20110504 023701
7.81 69.8 20110424 161936 20110524 161936
10.81 53.06 20110307 015939 20110406 015939
21.37 65.7 20110106 163825 20110205 163825
5.88 61.64 20110129 054716 20110228 054716
29.99 54.16 20110215 065359 20110317 065359
10.11 61.48 20110531 084304 20110630 084304
20.6 54.03 20110129 103736 20110228 103736
11.66 56.76 20110131 060651 20110302 060651
33.35 54.04 20110223 003340 20110325 003340
35.34 54.76 20110527 025210 20110626 025210
11.5 64.42 20110317 051703 20110416 051703
7.95 65.4 20110311 180140 20110410 180140
16.39 56.84 20110327 182402 20110426 182402
20.87 54.79 20110509 174650 20110608 174650
35.7 56.62 20110122 024923 20110221 024923
12.69 60.14 20110312 191413 20110411 191413
32.22 64.45 20110319 071758 20110418 071758
26.06 58.69 20110316 172309 20110415 172309
11.51 66.62 20110519 044130 20110618 044130
24.61 52.17 20110131 161340 20110302 161340
5.33 63.37 20110513 163154 20110612 163154
8.89 67.98 20110218 161923 20110320 161923
29.62 55.31 20110315 083307 20110414 083307
11.56 53.79 20110413 182757 20110513 182757
21.02 54.5 20110503 115828 20110602 115828
20.59 51.92 20110220 040819 20110322 040819
25.43 62.74 20110126 053053 20110225 053053
21.37 54.18 20110209 175819 20110311 175819
11.33 67.24 20110206 203049 20110308 203049
4.21 63.59 20110413 021916 20110513 021916
27.81 59.25 20110401 171728 20110501 171728
6.27 55.9 20110212 144637 20110314 144637
25.37 62.77 20110222 044614 20110324 044614
4.08 64.01 20110311 071111 20110410 071111
8.46 60.99 20110207 050719 20110309 050719
17.17 51.45 20110318 234847 20110417 234847
33.61 53.92 20110330 102636 20110429 102636
29.1 57.66 20110310 132745 20110409 132745
12.41 62.8 20110528 080518 20110627 080518
10.65 62.38 20110414 184304 20110514 184304
11.27 64.18 20110415 193435 20110515 193435
21.1 51.83 20110213 064053 20110315 064053
11.69 65.73 20110414 063749 20110514 063749
10.25 59.19 20110319 034724 20110418 034724
4.25 52.59 20110128 113106 20110227 113106
16.49 61.36 20110504 125051 20110603 125051
17.55 52.88 20110318 174134 20110417 174134
24.29 56.19 20110511 032947 20110610 032947
30.01 69.05 20110504 054051 20110603 054051
34.77 63.04 20110223 092817 20110325 092817
18.65 60.52 20110309 140308 20110408 140308
26.87 51.4 20110517 124027 20110616 124027
14.39 68.62 20110214 161418 20110316 161418
21.65 55.19 20110316 142415 20110415 142415
23.99 60.22 20110401 163953 20110501 163953
14.68 54.72 20110305 122413 20110404 122413
28.31 56.5 20110213 073720 20110315 073720
15.94 55.89 20110118 133256 20110217 133256
36.72 55.68 20110601 014706 20110701 014706
19.92 60.28 20110217 081403 20110319 081403
19.69 61.68 20110522 210210 20110621 210210
6.64 51.22 20110207 035417 20110309 035417
4.99 52.31 20110315 172528 20110414 172528
34.97 53.2 20110128 034205 20110227 034205
15.5 57.35 20110403 084553 20110503 084553
11.83 51.67 20110116 021418 20110215 021418
30.02 63.73 20110410 142700 20110510 142700
7.64 62.97 20110422 070507 20110522 070507
28.53 61.21 20110114 120943 20110213 120943
16.69 66.38 20110227 061401 20110329 061401
22.83 68.35 20110225 164041 20110327 164041
33.4 61.06 20110204 104112 20110306 104112
24.81 64.12 20110313 064322 20110412 064322
26.71 64.22 20110419 232606 20110519 232606
22.29 63.84 20110531 041951 20110630 041951
36.29 57.46 20110421 145656 20110521 145656
14.01 60.99 20110114 194844 20110213 194844
15.43 55.51 20110319 060230 20110418 060230
3.62 58.75 20110412 171955 20110512 171955
30.44 67.08 20110117 234343 20110216 234343
4.87 64.81 20110515 184935 20110614 184935
3.1 55.66 20110320 230012 20110419 230012
26.6 66.23 20110218 230541 20110320 230541
