-88.02 49.13 20130519 113653 20130618 113653
-82.2 37.28 20130517 184914 20130616 184914
-89.32 38.61 20130115 030029 20130214 030029
-98.1 41.29 20130411 140201 20130511 140201
-81.98 49.62 20130509 153311 20130608 153311
-101.78 43.83 20130511 073142 20130610 073142
-81.53 46.42 20130126 022343 20130225 022343
-78.19 36.12 20130114 180409 20130213 180409
-76.17 40.78 20130323 140742 20130422 140742
-92.38 46.85 20130128 081243 20130227 081243
-96.67 52.94 20130412 122626 20130512 122626
-88.23 42.13 20130129 011555 20130228 011555
-107.63 40.99 20130318 055155 20130417 055155
-99.59 44.26 20130124 145352 20130223 145352
-107.65 39.07 20130520 222151 20130619 222151
-86.45 38.12 20130430 032937 20130530 032937
-85.15 44.81 20130112 102929 20130211 102929
-85.35 47.61 20130208 190759 20130310 190759
-95.18 38.47 20130309 230642 20130408 230642
-80.58 51.76 20130416 101913 20130516 101913
-79.9 48.22 20130314 051554 20130413 051554
-100.84 44.37 20130402 101436 20130502 101436
-96.81 45.3 20130324 225323 20130423 225323
-85.99 38.1 20130302 155735 20130401 155735
-97.98 53.11 20130109 212051 20130208 212051
-110.54 40.03 20130127 030159 20130226 030159
-91.98 43.65 20130315 090648 20130414 090648
-82.83 50.8 20130522 063547 20130621 063547
-97.13 37.85 20130518 092606 20130617 092606
-88.38 45.57 20130418 124140 20130518 124140
-78.24 37.19 20130213 085624 20130315 085624
-94.04 50.38 20130225 023218 20130327 023218
-94.64 39.55 20130524 012616 20130623 012616
-81.93 36.09 20130218 233743 20130320 233743
-80.42 46.41 20130330 170250 20130429 170250
-79.16 49.24 20130118 134428 20130217 134428
-99.17 48.35 20130327 204923 20130426 204923
-106.79 35.32 20130329 182334 20130428 182334
-96.65 44.7 20130516 024244 20130615 024244
-90.04 38.39 20130430 131238 20130530 131238
-94.41 50.11 20130531 201356 20130630 201356
-76.18 43.08 20130326 150531 20130425 150531
-93.86 47.83 20130120 085420 20130219 085420
-106.38 43.84 20130116 043134 20130215 043134
-79.51 43.96 20130222 194134 20130324 194134
-85.64 44.9 20130425 160650 20130525 160650
-82.53 50.92 20130318 100421 20130417 100421
-109.52 48.31 20130529 053810 20130628 053810
-100.39 39.82 20130509 075938 20130608 075938
-90.18 50.07 20130323 232313 20130422 232313
-103.11 41.2 20130424 035521 20130524 035521
-98.68 52.71 20130401 015609 20130501 015609
-87.78 41.19 20130222 012512 20130324 012512
-106.5 51.61 20130426 164919 20130526 164919
-77.79 54.36 20130328 120447 20130427 120447
-104.99 45.61 20130509 131220 20130608 131220
-94.45 35.19 20130306 002244 20130405 002244
-94.62 37.07 20130211 111923 20130313 111923
-109.21 52.48 20130308 184205 20130407 184205
-78.8 38.26 20130505 190233 20130604 190233
-89.5 45.24 20130401 002323 20130501 002323
-87.52 52.45 20130409 035003 20130509 035003
-77.47 42.74 20130117 232656 20130216 232656
-108.72 44.9 20130422 002912 20130522 002912
-94.6 54.56 20130109 092128 20130208 092128
-98.54 43.37 20130221 163924 20130323 163924
-95.67 44.02 20130321 052050 20130420 052050
-102.36 52.66 20130429 130244 20130529 130244
-85.07 40.18 20130507 005221 20130606 005221
-110.69 35.49 20130428 170443 20130528 170443
-104.09 42.37 20130126 223944 20130225 223944
-95.01 37.99 20130412 013759 20130512 013759
-107.62 40.05 20130201 105339 20130303 105339
-105.93 48.61 20130121 014324 20130220 014324
-82.93 38.95 20130526 192611 20130625 192611
-100.93 35.69 20130415 164516 20130515 164516
-79.72 46.91 20130410 144858 20130510 144858
-109.05 41.49 20130205 163225 20130307 163225
-96.24 38.81 20130209 124411 20130311 124411
-108.26 43.46 20130413 193429 20130513 193429
-109.04 54.5 20130123 124312 20130222 124312
-101.6 51.36 20130427 203814 20130527 203814
-79.59 41.44 20130517 171120 20130616 171120
-95.45 49.47 20130524 044910 20130623 044910
-106.43 51.85 20130213 023214 20130315 023214
-106.56 43.29 20130116 213352 20130215 213352
-109.7 35.09 20130206 101637 20130308 101637
-85.51 42.62 20130126 154747 20130225 154747
-106.69 43.17 20130414 205315 20130514 205315
-89.53 47.88 20130427 170047 20130527 170047
-95.19 49.81 20130221 221145 20130323 221145
-110.69 36.77 20130519 144442 20130618 144442
-110.99 38.43 20130326 001729 20130425 001729
-78.49 38.18 20130508 214752 20130607 214752
-93.13 51.17 20130505 031241 20130604 031241
-87.93 41.04 20130223 140944 20130325 140944
-98.79 52.02 20130124 060804 20130223 060804
-84.53 41.22 20130418 103121 20130518 103121
-80.01 42.79 20130513 223228 20130612 223228
-107.54 52.66 20130427 203137 20130527 203137
-109.98 37.14 20130520 203022 20130619 203022
-95.09 35.31 20130126 030333 20130225 030333
-80.95 42.94 20130516 195034 20130615 195034
-102.01 36.6 20130227 165733 20130329 165733
-89.62 37.29 20130526 103643 20130625 103643
-93.93 52.77 20130205 165051 20130307 165051
-85.48 40.32 20130116 073522 20130215 073522
-99 48.2 20130517 072620 20130616 072620
-86.86 53.69 20130523 221937 20130622 221937
-81.96 44.57 20130119 142056 20130218 142056
-91.96 41.9 20130527 155532 20130626 155532
-79.32 53.06 20130326 230621 20130425 230621
-83.46 54.76 20130503 011208 20130602 011208
-77.47 39.79 20130501 161745 20130531 161745
-86.52 38.12 20130128 065346 20130227 065346
-106.79 48.16 20130506 145357 20130605 145357
-104.85 52.34 20130517 042628 20130616 042628
-85.06 37.92 20130401 055228 20130501 055228
-77.66 53.51 20130428 034349 20130528 034349
-77.45 51.26 20130308 012803 20130407 012803
-89.5 40.6 20130113 221246 20130212 221246
-86.03 51.58 20130112 031013 20130211 031013
-88.26 53.85 20130414 165034 20130514 165034
-92.9 54.84 20130113 085251 20130212 085251
-97.06 38.75 20130430 180919 20130530 180919
-101.71 50.99 20130529 113433 20130628 113433
-95.77 40.81 20130526 215542 20130625 215542
-80.06 46.04 20130216 150924 20130318 150924
-81.4 54.87 20130305 134031 20130404 134031
-104.69 42.01 20130421 112116 20130521 112116
-110.01 49.95 20130328 014035 20130427 014035
-105.42 54.9 20130104 083053 20130203 083053
-87.24 49.87 20130507 105533 20130606 105533
-92.96 40.25 20130512 203954 20130611 203954
-79.92 52.03 20130120 114908 20130219 114908
-105.69 51.45 20130211 035142 20130313 035142
-105.69 50.77 20130324 154957 20130423 154957
-96.28 37.78 20130402 203519 20130502 203519
-104.22 37.16 20130119 001040 20130218 001040
-98.15 39.41 20130209 120730 20130311 120730
-106.97 44.7 20130106 103211 20130205 103211
-95.62 47.38 20130503 233556 20130602 233556
-89.52 40.07 20130307 121805 20130406 121805
-97.78 52.94 20130515 222916 20130614 222916
-101.06 48.91 20130131 023658 20130302 023658
-78.4 53.58 20130427 181100 20130527 181100
-90.05 46.12 20130214 213904 20130316 213904
-82.59 41.42 20130414 141456 20130514 141456
-110.6 49.92 20130410 014139 20130510 014139
-108.81 47.75 20130426 063951 20130526 063951
-81.21 53.41 20130228 213057 20130330 213057
-94.55 42.94 20130404 024312 20130504 024312
-87.42 53.03 20130224 170056 20130326 170056
-105.66 37.73 20130415 200812 20130515 200812
-94.07 41.61 20130316 120827 20130415 120827
-83.83 38.69 20130506 175724 20130605 175724
-96.49 47.88 20130202 051426 20130304 051426
-109.2 50.74 20130129 141146 20130228 141146
-96.08 45.85 20130223 110630 20130325 110630
-77.35 47.19 20130418 064950 20130518 064950
-94.85 53.93 20130116 141551 20130215 141551
-79.72 43.72 20130408 145447 20130508 145447
-95.15 38.44 20130131 143940 20130302 143940
-106.8 36.16 20130208 142741 20130310 142741
-94.59 48.48 20130217 053112 20130319 053112
-102.53 40.42 20130130 125457 20130301 125457
-105.55 46.95 20130424 164825 20130524 164825
-81.4 50.77 20130430 215759 20130530 215759
-93.18 51.79 20130213 125625 20130315 125625
-89.38 37.96 20130519 062807 20130618 062807
-92.75 45.43 20130330 041448 20130429 041448
-76.39 40.3 20130524 083530 20130623 083530
-90.55 50.92 20130202 113001 20130304 113001
-106.27 50.76 20130507 133116 20130606 133116
-110.81 35.34 20130114 083856 20130213 083856
-106.64 36.05 20130529 150027 20130628 150027
-82.89 49.9 20130517 015835 20130616 015835
-97.58 35.01 20130321 102056 20130420 102056
-106.25 42.08 20130419 212946 20130519 212946
-92.05 38.21 20130131 174812 20130302 174812
-86.39 38.34 20130208 074121 20130310 074121
-93.08 49.8 20130325 125048 20130424 125048
-90.58 52.57 20130210 172629 20130312 172629
-81.98 41.28 20130427 051239 20130527 051239
-82.65 50.35 20130311 150120 20130410 150120
-90.83 53.27 20130405 013352 20130505 013352
-101.36 35.35 20130510 124655 20130609 124655
-82.49 53.42 20130129 220058 20130228 220058
-91.83 50.66 20130331 054347 20130430 054347
-91.05 45.83 20130213 223226 20130315 223226
-101.48 47.97 20130120 211007 20130219 211007
-84.8 51.85 20130201 185909 20130303 185909
-110.43 54.31 20130117 223004 20130216 223004
-89.87 47.01 20130119 191942 20130218 191942
-93.05 40.18 20130428 162947 20130528 162947
-87.69 50.67 20130422 060443 20130522 060443
-83.7 47.7 20130118 044614 20130217 044614
-77.93 40.61 20130121 184400 20130220 184400
-83.46 41.69 20130222 000505 20130324 000505
-81.86 41.22 20130403 091137 20130503 091137
-81.85 49.81 20130319 040204 20130418 040204
-97.4 39.81 20130123 205858 20130222 205858
-107.21 50.93 20130119 123222 20130218 123222
-105.63 36.98 20130123 042749 20130222 042749
-92.93 36.51 20130207 013138 20130309 013138
-78.3 42.87 20130410 045137 20130510 045137
-98.75 43.68 20130320 032211 20130419 032211
-82.08 47.25 20130107 051645 20130206 051645
-77.64 42.14 20130311 163550 20130410 163550
-88.87 37.2 20130107 012539 20130206 012539
-84.06 44.58 20130426 020954 20130526 020954
-105.67 46.06 20130520 185623 20130619 185623
-84.02 42.92 20130418 061933 20130518 061933
-101.36 48.98 20130414 164847 20130514 164847
-98.63 41 20130504 194012 20130603 194012
-96.86 46.37 20130307 215255 20130406 215255
-90.33 46.85 20130215 203631 20130317 203631
-86.43 54.73 20130402 104524 20130502 104524
-92.99 54.3 20130113 182254 20130212 182254
-107.8 37.59 20130329 042927 20130428 042927
-86.73 53.11 20130309 180249 20130408 180249
-78.17 39.28 20130514 134429 20130613 134429
-109.32 54.73 20130429 101655 20130529 101655
-90.37 48.81 20130225 053258 20130327 053258
-79.29 49.39 20130121 025621 20130220 025621
-77.32 43.82 20130105 050921 20130204 050921
-82.53 54.81 20130130 144730 20130301 144730
-92.17 41.86 20130207 124352 20130309 124352
-103.82 39.5 20130503 182559 20130602 182559
-85.45 50.03 20130518 122507 20130617 122507
-107.1 37.95 20130511 023656 20130610 023656
-103.68 35.2 20130414 151230 20130514 151230
-88.12 53.69 20130601 061050 20130701 061050
-107.95 38.86 20130111 100937 20130210 100937
-97.42 54.48 20130216 174136 20130318 174136
-100.76 48.81 20130114 231723 20130213 231723
-80.17 36.12 20130518 111740 20130617 111740
-100.96 35.19 20130505 153153 20130604 153153
-82.57 43.98 20130329 211812 20130428 211812
-87.71 49.2 20130204 041049 20130306 041049
-104.64 40.89 20130202 070842 20130304 070842
-97.79 44.67 20130322 105830 20130421 105830
-84.83 37.38 20130112 010936 20130211 010936
-102.9 36.79 20130321 230821 20130420 230821
-77.29 42.89 20130504 073118 20130603 073118
-102.81 37.52 20130204 150133 20130306 150133
-94.69 53.91 20130212 010732 20130314 010732
-100.47 37.73 20130301 083112 20130331 083112
-93.04 52.82 20130110 054640 20130209 054640
-103.13 41.55 20130128 100258 20130227 100258
-79.59 45.58 20130321 060415 20130420 060415
-99.86 44.42 20130523 212704 20130622 212704
-104.7 45.43 20130416 152904 20130516 152904
-99.78 51.21 20130218 104100 20130320 104100
-109.69 53.08 20130507 142548 20130606 142548
-89.58 53.28 20130504 013409 20130603 013409
-96.82 39.54 20130120 141309 20130219 141309
-103.63 52.71 20130403 064649 20130503 064649
-82.61 42.08 20130526 164959 20130625 164959
-85.79 35.86 20130529 204209 20130628 204209
-93.68 54.93 20130129 084811 20130228 084811
-90 47.54 20130319 042029 20130418 042029
-88.16 38.57 20130402 071659 20130502 071659
-92.53 45.38 20130125 170445 20130224 170445
-88.48 37.87 20130120 044759 20130219 044759
-91.3 35.28 20130411 192525 20130511 192525
-86.05 49.34 20130404 214115 20130504 214115
-95.85 49.96 20130128 215105 20130227 215105
-104.25 40.46 20130517 041410 20130616 041410
-87.19 43.7 20130511 143628 20130610 143628
-97.46 46.98 20130302 031223 20130401 031223
-85.45 37.29 20130515 014827 20130614 014827
-102.38 43.18 20130424 212008 20130524 212008
-102.69 36.29 20130309 154948 20130408 154948
-76.63 40.98 20130203 173845 20130305 173845
-103.5 54.32 20130425 182311 20130525 182311
-95.34 43.38 20130521 080756 20130620 080756
-76.86 49.58 20130521 192913 20130620 192913
-90.78 40.15 20130519 050758 20130618 050758
-98.68 54.75 20130327 115748 20130426 115748
-89.63 46.84 20130324 211616 20130423 211616
-106.94 37.43 20130505 133110 20130604 133110
-101.89 49.81 20130511 190253 20130610 190253
-84.18 38.4 20130518 025044 20130617 025044
-102.8 45.66 20130429 161452 20130529 161452
-97.03 41.99 20130526 170816 20130625 170816
-83.97 48.5 20130224 205431 20130326 205431
-77.06 38.52 20130325 013139 20130424 013139
-100.5 47.82 20130328 092538 20130427 092538
-80.84 51.08 20130424 154354 20130524 154354
-95.59 49.71 20130219 150837 20130321 150837
-93.37 52.65 20130209 044811 20130311 044811
-80.1 41.83 20130330 152507 20130429 152507
-85.53 52.63 20130215 141823 20130317 141823
-108.72 36.23 20130403 173335 20130503 173335
-89.17 46.29 20130508 090507 20130607 090507
-77.64 48.12 20130524 102915 20130623 102915
-87.55 42.63 20130303 074456 20130402 074456
-91.61 39.65 20130514 141713 20130613 141713
-78.52 49.37 20130115 125018 20130214 125018
-88.6 53.83 20130216 120941 20130318 120941
-109.58 41.82 20130220 030500 20130322 030500
-85.52 39.22 20130207 114433 20130309 114433
-102.72 42.69 20130418 181800 20130518 181800
-110.88 52.25 20130122 143440 20130221 143440
-83.44 35.8 20130523 063805 20130622 063805
-109.77 54.65 20130310 043246 20130409 043246
-85.39 40.11 20130115 074408 20130214 074408
-78.96 40.63 20130305 050534 20130404 050534
-108.63 38.12 20130520 220327 20130619 220327
-92.73 53.77 20130421 172402 20130521 172402
-104.25 48.17 20130327 104554 20130426 104554
-80.08 49.64 20130521 121303 20130620 121303
-81.87 53.69 20130312 050639 20130411 050639
-81.78 41.15 20130517 045406 20130616 045406
-100.52 50.8 20130215 100221 20130317 100221
-84.16 48.31 20130128 012039 20130227 012039
-108.17 39.72 20130110 005948 20130209 005948
-101.26 35.6 20130202 192937 20130304 192937
-81.48 35.18 20130214 190037 20130316 190037
-90.16 49.49 20130117 141524 20130216 141524
-94.73 39.67 20130310 204606 20130409 204606
-99.52 39.24 20130423 183139 20130523 183139
-76.97 46.64 20130124 033328 20130223 033328
-76.69 36.04 20130514 131445 20130613 131445
-101.02 36.15 20130504 112253 20130603 112253
-80.43 45.77 20130131 062527 20130302 062527
-92.18 53.96 20130122 203248 20130221 203248
-103.91 35.74 20130531 184438 20130630 184438
-110.86 48.39 20130422 063510 20130522 063510
-99.24 53.32 20130507 005523 20130606 005523
-86.76 37.89 20130511 202408 20130610 202408
-82.67 54.03 20130429 212042 20130529 212042
-91.89 51.74 20130506 135350 20130605 135350
-104.26 51.13 20130413 093720 20130513 093720
-94.64 47.4 20130215 060245 20130317 060245
-87.43 52.58 20130420 125350 20130520 125350
-89.9 42.07 20130512 041146 20130611 041146
-88.07 38.16 20130213 040628 20130315 040628
-83.39 40.56 20130214 214842 20130316 214842
-84.88 37.43 20130218 014109 20130320 014109
-104.33 45.2 20130601 025939 20130701 025939
-81.15 44.05 20130315 174058 20130414 174058
-94.33 41.8 20130504 221426 20130603 221426
-85.76 47.23 20130501 002203 20130531 002203
-83.42 42.66 20130501 003606 20130531 003606
-87.95 43.14 20130412 202620 20130512 202620
-87.67 47.45 20130318 082633 20130417 082633
-90.59 54.54 20130505 160022 20130604 160022
-109.34 52.46 20130121 121951 20130220 121951
-98.33 40.9 20130417 042119 20130517 042119
-94.67 42.63 20130228 132055 20130330 132055
-78.17 49.47 20130407 064940 20130507 064940
-109.63 46.88 20130513 194637 20130612 194637
-87.75 54.66 20130205 134105 20130307 134105
-101.35 44.12 20130221 072411 20130323 072411
-91.86 52.64 20130517 215358 20130616 215358
