145.19 -24.75 20121126 225942 20121226 225942
145.96 -22.33 20121111 082751 20121211 082751
117.99 -1.5 20120922 134223 20121022 134223
115.25 -26.09 20121022 144328 20121121 144328
156.48 -4.49 20121128 014257 20121228 014257
147.54 -13.61 20121026 061424 20121125 061424
157.39 -22.68 20121120 085026 20121220 085026
124.13 -21.75 20121021 044704 20121120 044704
144.19 -0.75 20121105 234927 20121205 234927
115.02 -33.95 20121012 032035 20121111 032035
148.61 -3.94 20120808 032024 20120907 032024
140.98 -0.54 20121124 192831 20121224 192831
123.64 -33.87 20121110 195824 20121210 195824
137.29 -15.98 20121115 024413 20121215 024413
141.28 0.93 20121002 202045 20121101 202045
143.42 -32.11 20121105 133308 20121205 133308
144.92 -19.52 20120825 120945 20120924 120945
124.78 -20.6 20120901 083417 20121001 083417
125.14 -11.06 20121014 072528 20121113 072528
128.71 1.15 20120905 105950 20121005 105950
140.68 -13.93 20121125 001559 20121225 001559
115.96 -9.24 20121028 140129 20121127 140129
142.67 3.88 20120927 032922 20121027 032922
141.16 -7.6 20120813 054025 20120912 054025
145.59 -19.49 20121108 102707 20121208 102707
156.63 -33.59 20120925 122636 20121025 122636
135.93 -10.65 20121126 113846 20121226 113846
113.12 3.74 20121123 011246 20121223 011246
152.71 -16.35 20120929 070836 20121029 070836
121.23 -6.33 20121114 205335 20121214 205335
155.79 -14.63 20120901 044507 20121001 044507
137.41 -5.27 20121101 155957 20121201 155957
158.01 2.13 20121122 094545 20121222 094545
122.62 -4.6 20120822 183407 20120921 183407
116.55 -29.04 20121110 140519 20121210 140519
128.18 -1.15 20121124 083841 20121224 083841
151.55 -29.07 20120927 050258 20121027 050258
133.54 -31.99 20121110 105906 20121210 105906
155.34 -2.18 20120829 145320 20120928 145320
148.11 -29.14 20120828 213000 20120927 213000
141.8 -9.51 20121110 124556 20121210 124556
135.83 -9.77 20120912 010049 20121012 010049
136.84 0.87 20121001 225234 20121031 225234
150.15 -15.7 20120823 114053 20120922 114053
120.37 -28.36 20121120 032144 20121220 032144
135.23 -35 20121012 040154 20121111 040154
141.04 -21.85 20120825 234509 20120924 234509
121.46 -33.74 20121023 202830 20121122 202830
125.69 2.38 20120904 232512 20121004 232512
158.83 -12.47 20121124 094149 20121224 094149
146.4 -27.18 20121124 083655 20121224 083655
117.01 -14.8 20120928 010314 20121028 010314
143.85 -16.93 20120829 063344 20120928 063344
121.81 -34.13 20121118 072908 20121218 072908
153.02 -29.96 20121114 161642 20121214 161642
150.95 -32.42 20121003 141000 20121102 141000
116.22 -24.13 20121026 172459 20121125 172459
155.41 -25.94 20120905 061838 20121005 061838
128.57 -5.51 20120825 040416 20120924 040416
113.81 -0.87 20120816 071014 20120915 071014
147.4 0.69 20120906 172329 20121006 172329
154.36 -3.03 20121008 022049 20121107 022049
147.23 -9.44 20120919 022427 20121019 022427
132.32 4.12 20121007 081100 20121106 081100
126.91 -12.76 20121126 011318 20121226 011318
139.39 1.87 20121118 095807 20121218 095807
130.31 -2.5 20120910 022043 20121010 022043
153.81 1.2 20120902 070825 20121002 070825
156.76 -10.53 20120907 040746 20121007 040746
115.38 -16.53 20120921 182008 20121021 182008
131.08 -0.98 20120813 195541 20120912 195541
144.81 -6.25 20121010 184253 20121109 184253
113.58 -5.63 20120826 001610 20120925 001610
148.15 -8.57 20120928 084040 20121028 084040
121.36 -24.82 20120910 202248 20121010 202248
113.57 -24.2 20121103 174944 20121203 174944
121.35 4.8 20121011 153753 20121110 153753
157.01 -5.28 20121118 121509 20121218 121509
115.62 -14.98 20121015 130731 20121114 130731
125.61 1.21 20121114 013100 20121214 013100
138.93 -3.41 20120918 200327 20121018 200327
113.79 -22.28 20121130 045803 20121230 045803
150.02 -5.06 20120927 011251 20121027 011251
120.92 -7.34 20120912 050332 20121012 050332
145.62 4.77 20121004 232854 20121103 232854
123.22 -3.85 20121003 014440 20121102 014440
114.42 -6.54 20120911 200237 20121011 200237
152.46 -6.33 20121125 074816 20121225 074816
146.51 -29.02 20121004 171459 20121103 171459
130.34 -10.62 20121126 102140 20121226 102140
113.61 -1.08 20121111 225145 20121211 225145
156.16 -16.82 20120806 182930 20120905 182930
151.67 -8.15 20120808 102059 20120907 102059
116.63 -13.7 20121014 113824 20121113 113824
145.33 -10.45 20120923 183552 20121023 183552
150.05 -31.15 20121031 105847 20121130 105847
138.56 4.07 20120828 070939 20120927 070939
143.05 -15.56 20121009 090231 20121108 090231
146.32 -15.5 20121016 205139 20121115 205139
149.33 -26.57 20120806 161617 20120905 161617
137.56 1.7 20121023 014703 20121122 014703
117.89 -24.73 20120827 014636 20120926 014636
134.79 3.39 20121114 221906 20121214 221906
158.58 -1.73 20120808 043040 20120907 043040
138.85 -4.6 20120930 014236 20121030 014236
142.73 -12.91 20120917 170909 20121017 170909
123.91 -10.83 20121108 015634 20121208 015634
141.22 -19.42 20121112 010906 20121212 010906
121.47 3.31 20121116 055940 20121216 055940
115.66 -6.65 20121116 191607 20121216 191607
116.56 1.47 20120815 050758 20120914 050758
147 -10.39 20121102 194857 20121202 194857
123.78 -24.41 20121006 093842 20121105 093842
153.61 -0.75 20120913 073422 20121013 073422
139.6 -3.47 20120817 190727 20120916 190727
120.65 -31.02 20121029 081558 20121128 081558
153.97 -14.61 20121016 022223 20121115 022223
120.58 -23.64 20120815 052825 20120914 052825
153.14 -33.3 20121117 202817 20121217 202817
125.14 -21.81 20121112 004922 20121212 004922
128.68 2.11 20121124 161707 20121224 161707
158.44 -26.12 20121112 003246 20121212 003246
144.18 3.21 20120808 183302 20120907 183302
142.72 -32.3 20121123 174558 20121223 174558
132.66 -16.97 20120912 004807 20121012 004807
146.7 -4.09 20121029 094300 20121128 094300
123.34 -9.97 20120808 104825 20120907 104825
149.16 -20.89 20120919 225323 20121019 225323
149.07 -21.78 20120810 104422 20120909 104422
131.88 -6.69 20120929 135321 20121029 135321
150.07 -28.11 20120912 021417 20121012 021417
143.22 -2.26 20120907 113020 20121007 113020
150.93 1.46 20120917 043630 20121017 043630
132.08 -4.69 20121109 070441 20121209 070441
139.2 -9.44 20121104 102528 20121204 102528
142.42 -24.77 20121020 130213 20121119 130213
149.91 -23.05 20120823 133509 20120922 133509
136.38 -10.01 20121104 175429 20121204 175429
124.23 -20.66 20120923 202149 20121023 202149
122.67 -28.97 20120815 015946 20120914 015946
139.89 -29.04 20121121 033115 20121221 033115
127 -12.42 20121111 082925 20121211 082925
129.62 -29.7 20120915 181150 20121015 181150
127 -10.3 20121030 144241 20121129 144241
149.84 2.62 20120827 041036 20120926 041036
154.81 -15.95 20121001 192243 20121031 192243
138.97 0.01 20120805 224939 20120904 224939
151.47 4.58 20120908 215251 20121008 215251
152.75 -1.33 20120817 071640 20120916 071640
137.46 -24.59 20120925 113137 20121025 113137
126.29 -1.11 20121107 021908 20121207 021908
134.21 4.47 20121017 134225 20121116 134225
117.25 -14.32 20121013 024948 20121112 024948
137.21 -4.82 20120825 055204 20120924 055204
119.95 1.97 20121112 234533 20121212 234533
136.22 -1.88 20121027 132033 20121126 132033
122.74 -17.17 20120908 040350 20121008 040350
155.05 -0.45 20121113 182536 20121213 182536
130.76 -27.76 20120814 095625 20120913 095625
149.36 -21.26 20120903 105425 20121003 105425
113.48 1.52 20120822 121800 20120921 121800
153.48 -11.56 20121128 232735 20121228 232735
127.09 -7.99 20120808 155055 20120907 155055
157.38 -1.32 20121019 222636 20121118 222636
138.24 -20.32 20120903 034755 20121003 034755
133.51 -34.61 20121005 185516 20121104 185516
133.17 3.02 20121013 114505 20121112 114505
122.59 -21.65 20121003 191108 20121102 191108
141.14 -25.06 20121115 015137 20121215 015137
132.12 -22.93 20121122 060415 20121222 060415
129.99 -29.95 20120805 155103 20120904 155103
121.26 -17.51 20121008 081825 20121107 081825
156.24 -21.15 20120824 145341 20120923 145341
121.91 -21.6 20120930 205641 20121030 205641
158 -29.71 20121101 200656 20121201 200656
146.9 -33.51 20120901 075304 20121001 075304
147.5 -5.67 20121029 100501 20121128 100501
144.44 -30.66 20120809 221437 20120908 221437
132.05 3.13 20120828 231516 20120927 231516
121.62 0.37 20121029 053442 20121128 053442
138.42 -15.43 20120903 003954 20121003 003954
136.92 -21.86 20120923 020758 20121023 020758
143.75 -16.36 20120827 203457 20120926 203457
131.01 -6.97 20120914 152732 20121014 152732
145.73 -2.5 20121017 190207 20121116 190207
122.8 -13.92 20121017 064314 20121116 064314
114.91 -11.34 20120818 134438 20120917 134438
139.48 -32.97 20121031 042548 20121130 042548
146.37 0.29 20120809 061153 20120908 061153
144.3 -8.72 20121028 024954 20121127 024954
120.78 -15.33 20121011 204444 20121110 204444
134.08 -27.52 20121014 121523 20121113 121523
140.43 -7.57 20120919 053028 20121019 053028
130.04 -30 20121015 120156 20121114 120156
138.19 -16.5 20121106 071003 20121206 071003
155.98 -26.27 20120804 160941 20120903 160941
151.18 4.71 20120927 083543 20121027 083543
136.96 -29.06 20120919 051109 20121019 051109
149.78 -3.98 20121028 081052 20121127 081052
158 -25.16 20120821 055250 20120920 055250
120.86 -32.61 20120924 110830 20121024 110830
144.83 -4 20120922 050602 20121022 050602
149.95 -31.09 20120814 152343 20120913 152343
149.76 -18.64 20120924 185218 20121024 185218
138.44 -30.83 20121020 072927 20121119 072927
144.73 -3.44 20121102 005019 20121202 005019
130.65 -26.69 20120902 185723 20121002 185723
118.56 -34.53 20121018 221618 20121117 221618
129.33 -11.28 20121012 055002 20121111 055002
149.72 -19.72 20120903 145034 20121003 145034
130.27 -23.96 20121020 112049 20121119 112049
144.81 -4.79 20120827 232853 20120926 232853
135.65 -13.27 20120825 134557 20120924 134557
121.98 -30.93 20121129 002117 20121229 002117
132.51 3.44 20120820 123625 20120919 123625
150.63 -2.99 20121117 034125 20121217 034125
146.25 -14.82 20121013 213843 20121112 213843
145.4 -6.14 20121111 063653 20121211 063653
125.16 -28.32 20121019 082028 20121118 082028
128 -7.8 20120908 081117 20121008 081117
148.29 2.11 20121019 102615 20121118 102615
152.9 -1.97 20121031 094412 20121130 094412
120.63 -22.42 20120922 171032 20121022 171032
129.39 -33.91 20121010 091610 20121109 091610
125.95 -13.51 20121027 141311 20121126 141311
131.86 -18.87 20121125 154946 20121225 154946
123.9 -18.01 20121009 090843 20121108 090843
120.37 1.36 20121115 031221 20121215 031221
143.99 -20.83 20120930 023224 20121030 023224
157.63 -24.53 20121017 233129 20121116 233129
118.93 -11.09 20120823 212331 20120922 212331
127.82 -19.42 20120810 015704 20120909 015704
141.79 -24.87 20121029 090145 20121128 090145
156.89 -14.08 20121103 014117 20121203 014117
114.32 -19.11 20120811 145656 20120910 145656
155.96 -10.41 20120914 082314 20121014 082314
135.4 -12.97 20120804 152410 20120903 152410
135.06 -20.57 20120906 123659 20121006 123659
136.23 -16.89 20121106 135219 20121206 135219
139.14 -6.85 20121017 163054 20121116 163054
135 -25.12 20120804 034900 20120903 034900
134.68 -28.66 20121021 092038 20121120 092038
126.51 -19.29 20120928 020449 20121028 020449
128.37 4.07 20121028 092238 20121127 092238
131.04 -34.02 20121011 104701 20121110 104701
122.89 -1.22 20121029 233353 20121128 233353
154.9 -11.95 20121003 000858 20121102 000858
133.88 -24.1 20120812 003733 20120911 003733
151.77 0.38 20121015 094256 20121114 094256
150.46 -6.52 20120915 104620 20121015 104620
149.42 -31.67 20121028 090058 20121127 090058
149.13 -4.31 20121118 211836 20121218 211836
125.37 -29.67 20121011 010847 20121110 010847
118.69 -30.13 20121002 070126 20121101 070126
140.19 -9.17 20120901 212102 20121001 212102
117.81 -22.32 20120814 064556 20120913 064556
152.27 -25.41 20121106 132128 20121206 132128
114.19 -28.05 20121118 181442 20121218 181442
117.27 0.27 20120803 152636 20120902 152636
138.09 -10.61 20120829 113122 20120928 113122
129.77 2.99 20121012 082131 20121111 082131
144.67 -33.38 20120817 090645 20120916 090645
140.33 -4.54 20121011 065925 20121110 065925
154.85 -23.99 20121107 164551 20121207 164551
128.11 2.99 20121003 134824 20121102 134824
137.72 -24.69 20120923 062722 20121023 062722
125.5 -3.75 20120925 041944 20121025 041944
137.22 -5.11 20121103 075103 20121203 075103
114.88 -1.38 20121120 004932 20121220 004932
132.98 -3 20120913 070206 20121013 070206
151.5 0.47 20121001 064634 20121031 064634
114.65 -21.56 20120829 180522 20120928 180522
143.18 -29.87 20121101 060545 20121201 060545
139.06 -19.87 20120923 090147 20121023 090147
137.85 -0.71 20121124 105523 20121224 105523
121.75 -32.3 20121011 191714 20121110 191714
134.65 -24.89 20121111 104628 20121211 104628
133.92 -10.76 20120829 171708 20120928 171708
113.65 -31.71 20120812 111253 20120911 111253
143.81 -22.61 20121025 141009 20121124 141009
141.16 -18.11 20120910 164213 20121010 164213
114.47 -29.84 20120803 170717 20120902 170717
146.74 -2.85 20120916 004617 20121016 004617
148.85 2.3 20120826 063812 20120925 063812
128.79 4.4 20121101 171310 20121201 171310
130.94 -0.66 20120818 030713 20120917 030713
131.63 -16.94 20121012 012930 20121111 012930
123.52 -33.45 20121119 010546 20121219 010546
125.74 -15.17 20121127 030057 20121227 030057
114.54 -0.62 20121017 184338 20121116 184338
155.17 -18.52 20120826 181632 20120925 181632
132.08 -0.89 20120819 111542 20120918 111542
114.73 -8.28 20121022 144307 20121121 144307
148.65 -32.38 20120930 093326 20121030 093326
118.41 1.97 20120803 112127 20120902 112127
142.44 -17.32 20120915 185318 20121015 185318
136.46 -19.76 20121103 222322 20121203 222322
145.74 -18.31 20121022 001832 20121121 001832
140.76 -34.31 20121011 180857 20121110 180857
141.38 -10.04 20121113 161919 20121213 161919
130.35 -10.53 20120907 144420 20121007 144420
121.87 -18.17 20120925 174357 20121025 174357
152.26 -26.66 20120824 045412 20120923 045412
143.38 -4.19 20121003 222812 20121102 222812
144.88 -12.41 20120807 102150 20120906 102150
133 -14.69 20121018 184019 20121117 184019
118.39 -29.19 20120913 145922 20121013 145922
138.2 -6.36 20121112 063221 20121212 063221
144.22 -28.92 20121117 083600 20121217 083600
135.88 3.35 20121025 232931 20121124 232931
125.49 -24.95 20120829 230220 20120928 230220
154.85 -14.54 20120807 083947 20120906 083947
153.69 -3.07 20120919 041830 20121019 041830
138.41 -27.22 20120902 034918 20121002 034918
113.19 -23.8 20120919 013808 20121019 013808
137.58 -21.39 20121017 214903 20121116 214903
125.11 -7.42 20121110 125241 20121210 125241
125.75 -13.21 20121026 065603 20121125 065603
155.8 -5.12 20121109 093000 20121209 093000
128.94 4.02 20120807 013526 20120906 013526
134.11 -8.18 20120808 210411 20120907 210411
133.68 3.85 20121016 061339 20121115 061339
132.44 -32.21 20121114 045740 20121214 045740
151.57 -5.18 20121011 021839 20121110 021839
143.47 -16.71 20120910 234829 20121010 234829
140.06 -32.2 20120930 045612 20121030 045612
153.93 4.04 20121114 023529 20121214 023529
136.85 2.75 20121008 080638 20121107 080638
124.17 -3.23 20121108 192722 20121208 192722
144.04 -30.41 20120805 112701 20120904 112701
117.85 -28.64 20121017 020931 20121116 020931
134.06 -22.71 20120816 040958 20120915 040958
152.34 -0.83 20120906 031015 20121006 031015
130.39 -33.94 20120806 200439 20120905 200439
127.15 -18.97 20120829 072015 20120928 072015
151.45 -5.07 20120819 162515 20120918 162515
117.77 -33.81 20121023 014925 20121122 014925
135.67 -21.69 20121113 000128 20121213 000128
114.85 -24.86 20120822 080048 20120921 080048
155.15 -21.67 20121007 234917 20121106 234917
154.92 -3.33 20121110 113918 20121210 113918
114.67 -14.07 20120925 195526 20121025 195526
157.13 -20.98 20120825 114029 20120924 114029
151.77 -5.55 20120830 031545 20120929 031545
124.54 -17.11 20120808 002550 20120907 002550
139.18 -15.1 20121026 051219 20121125 051219
118.8 -2.54 20120808 205942 20120907 205942
149.22 -15.16 20120809 082957 20120908 082957
151.3 4.36 20120925 222430 20121025 222430
157.37 -27.85 20120921 074434 20121021 074434
144.83 3.18 20120929 070617 20121029 070617
114.98 -9.3 20121121 043453 20121221 043453
145.75 -15.54 20120920 114651 20121020 114651
153.28 -11.65 20121130 075436 20121230 075436
142.33 -11.75 20121125 142734 20121225 142734
138.41 -13.59 20120821 042941 20120920 042941
120.53 4.87 20120827 004036 20120926 004036
158.58 -14.34 20120808 072139 20120907 072139
