-77.81 54.95 20130329 103519 20130428 103519
-103.44 50.64 20130306 030942 20130405 030942
-81.14 51.12 20130411 032801 20130511 032801
-94 38.46 20130221 005008 20130323 005008
-79.41 44.93 20130426 043052 20130526 043052
-109.43 49.33 20130218 121127 20130320 121127
-93.27 51.6 20130207 065351 20130309 065351
-106.41 46.65 20130415 061551 20130515 061551
-99.13 42.38 20130222 153650 20130324 153650
-106.44 35.79 20130402 082348 20130502 082348
-91.84 49.17 20130426 165007 20130526 165007
-99.52 37.13 20130417 045858 20130517 045858
-77.59 50.19 20130201 130726 20130303 130726
-108.17 53.25 20130518 013042 20130617 013042
-101.16 52.09 20130315 213256 20130414 213256
-98.23 54.76 20130410 152006 20130510 152006
-90.89 36.38 20130125 224611 20130224 224611
-90.1 53.3 20130515 163726 20130614 163726
-103.47 42.38 20130106 014958 20130205 014958
-97.97 38.82 20130527 184905 20130626 184905
-93.81 48.68 20130227 010044 20130329 010044
-82.77 43.74 20130120 073409 20130219 073409
-82.13 35.55 20130202 143138 20130304 143138
-103.02 45.17 20130121 004557 20130220 004557
-103.91 54.34 20130301 130642 20130331 130642
-99.52 51.02 20130221 062303 20130323 062303
-91.21 38.33 20130127 222128 20130226 222128
-93.92 39.1 20130125 034745 20130224 034745
-110.3 38.09 20130313 190636 20130412 190636
-108.28 52.78 20130128 170314 20130227 170314
-83.88 52.79 20130511 102655 20130610 102655
-81.84 41.58 20130205 111100 20130307 111100
-90.87 48.8 20130410 144419 20130510 144419
-87.16 53.24 20130414 130538 20130514 130538
-101.02 41.38 20130113 161723 20130212 161723
-105.11 45.03 20130121 013909 20130220 013909
-76.71 45.47 20130405 192727 20130505 192727
-90.15 42.12 20130208 100838 20130310 100838
-78.64 35.49 20130411 071017 20130511 071017
-82.62 43.61 20130222 072837 20130324 072837
-83.25 51.98 20130506 090425 20130605 090425
-92.88 43.15 20130530 193058 20130629 193058
-97.65 47.69 20130504 075156 20130603 075156
-90.56 40.46 20130414 122939 20130514 122939
-93.84 44.27 20130401 124810 20130501 124810
-91.9 46.83 20130330 050254 20130429 050254
-107.88 38.22 20130108 030637 20130207 030637
-95.88 47.12 20130411 055922 20130511 055922
-102.14 52.02 20130527 140224 20130626 140224
-76.22 40.84 20130502 174644 20130601 174644
-100.6 50.31 20130312 140729 20130411 140729
-92.03 53.44 20130428 074301 20130528 074301
-88.77 41.75 20130329 232302 20130428 232302
-93.77 51.33 20130119 234348 20130218 234348
-79.51 36.72 20130105 094502 20130204 094502
-81.71 50.25 20130327 105321 20130426 105321
-88.48 50.8 20130505 140425 20130604 140425
-77.57 50.93 20130320 064510 20130419 064510
-93.44 43.99 20130414 105259 20130514 105259
-82.1 44.72 20130329 055221 20130428 055221
-100.43 52.4 20130120 035008 20130219 035008
-101.97 47 20130305 010049 20130404 010049
-103.22 39.42 20130319 115554 20130418 115554
-102.32 42.02 20130209 202033 20130311 202033
-89.1 39.7 20130519 043656 20130618 043656
-79.79 35.16 20130412 150533 20130512 150533
-87.39 39.04 20130215 021211 20130317 021211
-93.83 50.78 20130130 140031 20130301 140031
-85.54 53.42 20130224 071113 20130326 071113
-103.08 52.67 20130209 043736 20130311 043736
-106.21 48.36 20130204 192122 20130306 192122
-107 48.56 20130524 091848 20130623 091848
-90.7 50.75 20130114 161345 20130213 161345
-89 35.66 20130531 072600 20130630 072600
-102.58 44.39 20130430 032921 20130530 032921
-80.73 50.49 20130403 065444 20130503 065444
-98.09 46.75 20130118 133138 20130217 133138
-92.66 40.48 20130511 215759 20130610 215759
-87.84 41.61 20130406 093618 20130506 093618
-97.86 42.1 20130117 024149 20130216 024149
-107.83 43.22 20130430 054414 20130530 054414
-95.88 49.61 20130410 234959 20130510 234959
-76.07 48.63 20130108 162537 20130207 162537
-99.08 40.96 20130521 095744 20130620 095744
-106.52 48.64 20130116 042452 20130215 042452
-100.92 49.33 20130303 050143 20130402 050143
-85.24 51.51 20130301 053737 20130331 053737
-106.12 41.79 20130324 193053 20130423 193053
-87.45 46.45 20130110 220329 20130209 220329
-92.69 42.69 20130201 220514 20130303 220514
-90.27 48.52 20130527 224059 20130626 224059
-77.05 38.04 20130216 064157 20130318 064157
-107.73 39.77 20130302 110203 20130401 110203
-92.79 42.31 20130405 082038 20130505 082038
-94.72 41.97 20130502 042900 20130601 042900
-82.71 45.12 20130128 125815 20130227 125815
-99.63 46.68 20130505 122808 20130604 122808
-102.44 40.83 20130418 090137 20130518 090137
-86.4 44.43 20130406 122455 20130506 122455
-110.84 43.04 20130408 101554 20130508 101554
-81.64 53.48 20130113 074041 20130212 074041
-108.96 50.45 20130331 060959 20130430 060959
-104.5 46.26 20130206 054729 20130308 054729
-92.89 37.14 20130525 223814 20130624 223814
-91.36 38.81 20130415 224559 20130515 224559
-106.23 36.94 20130312 154902 20130411 154902
-103.45 35.97 20130421 012136 20130521 012136
-101.82 44.23 20130105 122106 20130204 122106
-104.43 46.05 20130501 103958 20130531 103958
-99.28 39.8 20130224 181221 20130326 181221
-95.12 54.29 20130531 023346 20130630 023346
-91.03 36.76 20130106 101702 20130205 101702
-109.22 35.81 20130211 220518 20130313 220518
-88.39 50.32 20130419 193448 20130519 193448
-88.51 40 20130511 055459 20130610 055459
-94.22 36.34 20130131 223218 20130302 223218
-77.4 38.06 20130417 110208 20130517 110208
-102.82 43.43 20130206 014416 20130308 014416
-93.01 43.84 20130306 234855 20130405 234855
-83.13 35.08 20130313 195322 20130412 195322
-110.93 49.64 20130103 100038 20130202 100038
-100.45 37.44 20130424 004147 20130524 004147
-109.54 52.57 20130530 183128 20130629 183128
-100.52 51.43 20130207 082834 20130309 082834
-106.95 47.39 20130326 075951 20130425 075951
-80.77 50.91 20130518 161508 20130617 161508
-86.41 52.62 20130505 140108 20130604 140108
-101.44 42.11 20130219 071039 20130321 071039
-109.71 48.53 20130330 053625 20130429 053625
-92.67 52.08 20130106 203914 20130205 203914
-107.15 52.9 20130302 163832 20130401 163832
-85.43 54.45 20130426 112514 20130526 112514
-104.62 54.09 20130519 053539 20130618 053539
-82.77 50.59 20130527 134322 20130626 134322
-80.81 39.25 20130106 233256 20130205 233256
-93.08 37.77 20130307 010642 20130406 010642
-94.62 45.99 20130226 083048 20130328 083048
-88.5 47.26 20130412 063159 20130512 063159
-89.03 54.66 20130308 073145 20130407 073145
-102.15 46.46 20130122 230331 20130221 230331
-84 47.03 20130311 005023 20130410 005023
-82.55 54.24 20130424 135948 20130524 135948
-83.51 51.05 20130403 113615 20130503 113615
-82.07 43.09 20130430 053123 20130530 053123
-93.14 35.67 20130312 152259 20130411 152259
-88.7 52.94 20130405 141147 20130505 141147
-100.43 36.5 20130130 041108 20130301 041108
-101.14 45.55 20130406 195024 20130506 195024
-84.19 49.96 20130415 101129 20130515 101129
-108.39 53.02 20130414 074958 20130514 074958
-109.63 46.48 20130511 105859 20130610 105859
-96.97 53.79 20130504 044011 20130603 044011
-83.3 42.27 20130418 151504 20130518 151504
-110.45 41.94 20130309 092846 20130408 092846
-109.19 49.33 20130222 014501 20130324 014501
-85.41 39.26 20130115 193207 20130214 193207
-88.02 40.76 20130204 173511 20130306 173511
-84.64 49.82 20130424 204602 20130524 204602
-83.05 53.14 20130228 131653 20130330 131653
-78.4 39.81 20130530 152107 20130629 152107
-103.54 41.68 20130406 172704 20130506 172704
-80.87 48.91 20130124 151437 20130223 151437
-101.78 37.33 20130107 001210 20130206 001210
-80.43 40.62 20130422 111529 20130522 111529
-90.39 38.11 20130501 034414 20130531 034414
-84.72 41.28 20130330 064751 20130429 064751
-86.17 42.27 20130528 074617 20130627 074617
-96.13 46.68 20130202 054906 20130304 054906
-100.84 50.64 20130402 110636 20130502 110636
-79.51 45.35 20130427 120835 20130527 120835
-105.98 36.88 20130302 013749 20130401 013749
-94.74 48.4 20130323 083649 20130422 083649
-92.19 50.14 20130523 073533 20130622 073533
-81.9 47.98 20130519 093342 20130618 093342
-94.16 48.43 20130513 034941 20130612 034941
-101.65 37.13 20130220 115229 20130322 115229
-90.68 47.77 20130323 102840 20130422 102840
-78.59 36.31 20130529 003538 20130628 003538
-84.35 52.43 20130423 164145 20130523 164145
-108.26 53.08 20130331 142100 20130430 142100
-106.53 47.48 20130301 060009 20130331 060009
-81.91 50.93 20130315 063255 20130414 063255
-81.34 41.56 20130221 132457 20130323 132457
-79.02 39 20130307 071945 20130406 071945
-106.77 45.65 20130422 093653 20130522 093653
-89.93 41.25 20130307 100526 20130406 100526
-103.09 51.77 20130208 204830 20130310 204830
-76.07 39.63 20130424 181157 20130524 181157
-94.19 36.86 20130414 111410 20130514 111410
-82.19 50.83 20130501 112509 20130531 112509
-91.83 53.22 20130131 121406 20130302 121406
-106.13 50.7 20130418 182716 20130518 182716
-102.74 50.97 20130422 201924 20130522 201924
-81.92 46.91 20130509 214911 20130608 214911
-97.08 46.05 20130501 170354 20130531 170354
-77.55 42.74 20130408 122717 20130508 122717
-94.93 36.95 20130414 222259 20130514 222259
-79.42 48.83 20130220 023723 20130322 023723
-80.69 52.32 20130202 100352 20130304 100352
-85.3 42.06 20130117 234553 20130216 234553
-79.09 47.83 20130413 052919 20130513 052919
-108.11 46.89 20130524 230807 20130623 230807
-101.84 53.27 20130123 114453 20130222 114453
-109.72 43.26 20130112 040448 20130211 040448
-88.24 54.48 20130215 085344 20130317 085344
-108.87 54.75 20130214 101547 20130316 101547
-77.81 41.37 20130518 191823 20130617 191823
-97.14 47.5 20130403 205057 20130503 205057
-102.4 53.01 20130301 232045 20130331 232045
-105.75 49.46 20130205 233604 20130307 233604
-91.21 42 20130505 102406 20130604 102406
-87 47.42 20130204 103814 20130306 103814
-103.3 42.89 20130116 171525 20130215 171525
-102.54 47.75 20130416 010307 20130516 010307
-93.07 45.42 20130413 210859 20130513 210859
-101.57 48.21 20130203 204601 20130305 204601
-96.83 43.09 20130109 150109 20130208 150109
-99.11 46.86 20130502 012209 20130601 012209
-101.49 46.42 20130205 192301 20130307 192301
-109.79 43.37 20130127 065516 20130226 065516
-108.85 35.1 20130320 123529 20130419 123529
-104.9 40.02 20130222 125008 20130324 125008
-86.46 48.02 20130122 121543 20130221 121543
-93.86 42.5 20130320 203713 20130419 203713
-79.24 47.41 20130210 115312 20130312 115312
-93.18 53.32 20130420 070855 20130520 070855
-104.17 44.02 20130512 042640 20130611 042640
-104.57 38.83 20130118 115253 20130217 115253
-96.19 36.26 20130409 100755 20130509 100755
-107 47.3 20130427 101509 20130527 101509
-82.77 40.83 20130410 043127 20130510 043127
-106.37 52.66 20130331 055840 20130430 055840
-98.36 50.14 20130429 092355 20130529 092355
-102.26 45.16 20130422 020323 20130522 020323
-82.49 42.84 20130526 100727 20130625 100727
-107.58 50.3 20130420 013509 20130520 013509
-77.53 45.39 20130312 204350 20130411 204350
-101.68 38.63 20130419 154619 20130519 154619
-95.03 46.28 20130510 002049 20130609 002049
-84.03 52.62 20130123 121648 20130222 121648
-80.42 37.42 20130408 031517 20130508 031517
-83.74 52.15 20130130 204529 20130301 204529
-87.76 50.49 20130407 123257 20130507 123257
-86.54 50.44 20130424 132905 20130524 132905
-108.19 53.07 20130415 202648 20130515 202648
-85.16 52.75 20130318 095700 20130417 095700
-103.97 54.56 20130502 200319 20130601 200319
-107.03 35.73 20130326 194949 20130425 194949
-98.32 43.31 20130226 131606 20130328 131606
-76.32 40.51 20130411 182937 20130511 182937
-84.48 54.71 20130426 221857 20130526 221857
-87.31 37.56 20130322 151407 20130421 151407
-102.49 36.77 20130203 173512 20130305 173512
-86.26 50.69 20130108 184301 20130207 184301
-106.46 41.49 20130316 080712 20130415 080712
-87.78 49.38 20130306 004430 20130405 004430
-85.52 47.94 20130424 143017 20130524 143017
-99.31 36.01 20130212 053833 20130314 053833
-98.14 52.14 20130526 073529 20130625 073529
-109.8 52.03 20130317 043257 20130416 043257
-93.94 52 20130204 143223 20130306 143223
-89.72 39.97 20130307 032644 20130406 032644
-78.08 35.14 20130427 011828 20130527 011828
-109.62 44.4 20130523 042712 20130622 042712
-101.36 36.14 20130108 041044 20130207 041044
-98.99 42.85 20130126 153003 20130225 153003
-101.08 41.46 20130504 131039 20130603 131039
-109.34 49.8 20130515 024614 20130614 024614
-97.68 37.94 20130103 110214 20130202 110214
-77.22 48.93 20130413 035046 20130513 035046
-94.4 49.53 20130527 091835 20130626 091835
-88.21 39.57 20130427 110256 20130527 110256
-99.18 47.96 20130417 160706 20130517 160706
-100.36 39.69 20130209 200846 20130311 200846
-106.21 49.38 20130210 075306 20130312 075306
-93.57 48.16 20130327 180913 20130426 180913
-78.46 52.68 20130418 031257 20130518 031257
-85.51 49.97 20130517 084257 20130616 084257
-101.08 36.89 20130401 072618 20130501 072618
-87.91 35.77 20130419 055911 20130519 055911
-87.01 54.28 20130328 051528 20130427 051528
-84.08 44.32 20130110 164014 20130209 164014
-108.9 51.68 20130206 032931 20130308 032931
-108.97 36.97 20130204 010410 20130306 010410
-93.08 51.59 20130310 174030 20130409 174030
-103.89 38.88 20130417 232234 20130517 232234
-77.9 39.35 20130228 062557 20130330 062557
-90.88 51.39 20130122 224124 20130221 224124
-107.44 49.48 20130523 064003 20130622 064003
-84.25 39.45 20130519 051016 20130618 051016
-100.01 47.55 20130415 101018 20130515 101018
-103.06 47.54 20130112 024504 20130211 024504
-85.65 46.51 20130523 084530 20130622 084530
-86.58 48 20130413 123610 20130513 123610
-93.42 51.29 20130417 044206 20130517 044206
-103.41 50.81 20130524 231549 20130623 231549
-105.07 48.4 20130326 164750 20130425 164750
-92.59 53.17 20130321 025720 20130420 025720
-84.38 39.58 20130302 165819 20130401 165819
-81.37 43.24 20130319 182326 20130418 182326
-89.52 47.75 20130106 014032 20130205 014032
-89.3 45.06 20130510 003307 20130609 003307
-108.79 44.82 20130507 222444 20130606 222444
-110.8 35.64 20130524 204518 20130623 204518
-82.28 45.54 20130126 073159 20130225 073159
-107.29 50.97 20130523 143019 20130622 143019
-106.36 54.17 20130108 054313 20130207 054313
-87.07 36.91 20130204 114006 20130306 114006
-102.71 50.68 20130519 084713 20130618 084713
-107.38 35.06 20130418 064557 20130518 064557
-100.78 39.06 20130131 025933 20130302 025933
-76.24 45.62 20130428 014538 20130528 014538
-84.53 53.75 20130306 050228 20130405 050228
-83.79 44.47 20130127 083505 20130226 083505
-94.03 47.22 20130325 023302 20130424 023302
-89.08 44.42 20130522 233232 20130621 233232
-99.78 49.86 20130111 033116 20130210 033116
-105.9 45.27 20130106 223713 20130205 223713
-77.54 49.4 20130115 045307 20130214 045307
-90.73 47.63 20130118 140644 20130217 140644
-85.46 43.7 20130209 083916 20130311 083916
-95.11 35.22 20130330 051601 20130429 051601
-104.12 45.37 20130518 112908 20130617 112908
-88.06 46 20130326 221936 20130425 221936
-94.27 48.92 20130125 122550 20130224 122550
-103.68 43.02 20130111 223939 20130210 223939
-106.68 53.82 20130420 205515 20130520 205515
-87.17 47.16 20130302 102202 20130401 102202
-81.43 43.11 20130209 060205 20130311 060205
-76.09 40.75 20130501 184045 20130531 184045
-95.26 36.62 20130223 011803 20130325 011803
-109.16 52.91 20130520 153041 20130619 153041
-109.81 39.51 20130328 144811 20130427 144811
-85.12 48.95 20130523 195605 20130622 195605
-87.39 48.91 20130405 095029 20130505 095029
-103.25 51.25 20130320 162026 20130419 162026
-89.88 40.47 20130130 213146 20130301 213146
-83.27 51.09 20130324 002246 20130423 002246
-99.67 45.97 20130416 152612 20130516 152612
-93.57 39.75 20130330 104122 20130429 104122
-104.92 50.97 20130526 123707 20130625 123707
-80.35 51.8 20130114 203426 20130213 203426
-109.92 40.34 20130510 183943 20130609 183943
-86.23 50.05 20130512 093341 20130611 093341
-107.19 49.72 20130409 120326 20130509 120326
-108.77 49.58 20130131 044059 20130302 044059
-82.6 38.42 20130309 103209 20130408 103209
-103.77 36.01 20130317 051556 20130416 051556
-84.25 54.46 20130416 204609 20130516 204609
-94.36 47.02 20130128 153031 20130227 153031
-108.67 52.01 20130530 022633 20130629 022633
-103.08 49.79 20130218 164152 20130320 164152
-108.34 53.49 20130206 144952 20130308 144952
-103.03 44.56 20130203 212929 20130305 212929
-88 41.19 20130201 135855 20130303 135855
-82.79 48.59 20130409 174628 20130509 174628
-107.8 38.67 20130402 211309 20130502 211309
