117.39 1.63 20121007 085242 20121106 085242
117.29 -20.58 20121019 013437 20121118 013437
142.69 2.15 20120825 161504 20120924 161504
115.11 3.36 20121126 214524 20121226 214524
124.22 -23.08 20121107 003317 20121207 003317
140.18 4.67 20120913 104345 20121013 104345
146.56 2.2 20120805 092732 20120904 092732
135.95 4.99 20121025 121425 20121124 121425
130.29 -10.88 20121018 073449 20121117 073449
145.92 -25 20121104 150631 20121204 150631
150.34 -14.48 20120909 175048 20121009 175048
157.98 -12.95 20120911 084541 20121011 084541
127.21 -26.21 20121107 042532 20121207 042532
114.97 -10.3 20120830 062704 20120929 062704
145.99 -28.75 20120925 165327 20121025 165327
116.92 -9.14 20121027 171214 20121126 171214
130.81 4.57 20121105 224826 20121205 224826
117.27 -21.45 20121005 203004 20121104 203004
146.55 -11 20121114 204213 20121214 204213
117.22 -15.12 20121019 134023 20121118 134023
155.36 -11.91 20121122 155310 20121222 155310
129.59 -31.35 20120905 200824 20121005 200824
156.32 4.85 20121022 014439 20121121 014439
154.11 -20.12 20120829 171410 20120928 171410
118.57 -33.35 20121109 020927 20121209 020927
122.78 -29.43 20120920 193020 20121020 193020
136.74 1.4 20120822 155859 20120921 155859
115.91 -1.85 20120808 001538 20120907 001538
128.32 -10.29 20121027 165627 20121126 165627
130.78 -29.58 20121005 191417 20121104 191417
158.9 -18.39 20120828 151233 20120927 151233
143.87 -24.95 20121124 024153 20121224 024153
124.91 0.5 20121125 221418 20121225 221418
121.21 -20.59 20121110 024517 20121210 024517
138.53 -8.3 20121011 125719 20121110 125719
158.7 2.91 20120824 173322 20120923 173322
149.21 -4.86 20121104 032804 20121204 032804
125.81 -25.77 20121106 191342 20121206 191342
135.05 -31.45 20121103 135202 20121203 135202
141 -16.94 20121111 202855 20121211 202855
125.15 -27.66 20121110 094317 20121210 094317
134.12 -24.76 20121031 002431 20121130 002431
143.1 -31.36 20120929 002055 20121029 002055
128.97 -30.67 20120812 032714 20120911 032714
156.34 3.57 20120815 041817 20120914 041817
140.61 -23.88 20120925 103300 20121025 103300
128.9 3.31 20121106 103603 20121206 103603
137.68 -9.58 20121010 032921 20121109 032921
141.8 -5.63 20121031 044346 20121130 044346
155.69 -13.81 20120918 141519 20121018 141519
156.46 4.59 20120806 005458 20120905 005458
113.74 -33.05 20120821 110733 20120920 110733
139.78 -11.65 20121130 044119 20121230 044119
117.44 -14.06 20121028 001551 20121127 001551
113.74 -19.17 20121031 064741 20121130 064741
131.85 -0.17 20121009 102612 20121108 102612
130.32 -12.69 20121002 231004 20121101 231004
132.64 -11.4 20121114 085504 20121214 085504
144.46 -5.7 20120804 091112 20120903 091112
124.26 -6.26 20120819 085757 20120918 085757
128.72 -17 20120915 092634 20121015 092634
135.32 -19.7 20120910 143424 20121010 143424
139.89 -11.22 20120919 184423 20121019 184423
134.27 -19.14 20120819 093300 20120918 093300
134.99 -7.96 20120830 162420 20120929 162420
125.24 -26.55 20121105 054108 20121205 054108
137.08 -27.81 20121029 045609 20121128 045609
128.31 -28.49 20120821 125045 20120920 125045
141.59 3.51 20121028 181916 20121127 181916
143.46 -34.19 20121128 161854 20121228 161854
149.46 -7.2 20121025 063947 20121124 063947
140.93 -7.89 20120829 140625 20120928 140625
133.72 -0.8 20120809 122156 20120908 122156
151.98 -18.76 20121008 130943 20121107 130943
134.55 -18.3 20121022 081214 20121121 081214
136.73 -33.54 20120825 211155 20120924 211155
123.43 -3.36 20120926 173522 20121026 173522
133.36 -30.45 20120811 090911 20120910 090911
116.48 2.85 20120807 232801 20120906 232801
131.08 -10.37 20120930 232307 20121030 232307
137.24 3.41 20121117 130340 20121217 130340
118.74 -30.25 20120829 055518 20120928 055518
113.13 -24.26 20120807 221547 20120906 221547
146.63 -29.17 20121125 122449 20121225 122449
138.99 1.08 20121112 062822 20121212 062822
124.74 -3.35 20121130 015358 20121230 015358
119.61 -34.54 20120809 224430 20120908 224430
128.61 -4.84 20121018 041213 20121117 041213
135.85 -11.12 20120910 022017 20121010 022017
122.37 -17.96 20121025 233614 20121124 233614
152.06 4.95 20120926 072940 20121026 072940
144.16 -14.67 20121122 022309 20121222 022309
132.65 -28.06 20120902 122127 20121002 122127
130.53 1.74 20120827 033912 20120926 033912
116.25 -3.52 20121017 133843 20121116 133843
154.11 -28.14 20120807 173850 20120906 173850
118.2 -24.46 20121024 155737 20121123 155737
152.61 -24.08 20120907 140136 20121007 140136
134.28 -12.72 20120926 202601 20121026 202601
141.83 -6.63 20121020 232931 20121119 232931
146.8 -21.78 20121010 024657 20121109 024657
132.28 -1.66 20120926 211743 20121026 211743
134.36 -7.53 20120920 075712 20121020 075712
144.43 1.74 20120906 085758 20121006 085758
134.06 -17.11 20120924 221303 20121024 221303
151.82 -6.15 20121022 202411 20121121 202411
157.1 -11.7 20120906 030527 20121006 030527
122.64 3.09 20121019 181059 20121118 181059
139.05 -30.48 20121011 235545 20121110 235545
137.09 -28.85 20121003 013802 20121102 013802
153.34 -16.03 20121123 064143 20121223 064143
136.38 -15.9 20120922 204852 20121022 204852
115.12 -2.53 20121105 072935 20121205 072935
157.35 -17.51 20121005 170956 20121104 170956
114.31 -16.15 20121118 140848 20121218 140848
137.83 -14.14 20120805 070249 20120904 070249
126.42 -19.6 20121003 160330 20121102 160330
156.5 -12.13 20121119 184746 20121219 184746
142.64 -2.57 20121016 205622 20121115 205622
147.01 -22.58 20120907 032428 20121007 032428
119.26 3.03 20120908 081141 20121008 081141
152.69 -22.74 20120807 112323 20120906 112323
115.8 3.56 20121123 015701 20121223 015701
122.41 -15.26 20121114 081117 20121214 081117
152.93 -11.3 20121022 190344 20121121 190344
141.24 1.46 20120812 071349 20120911 071349
132.27 -5.6 20121118 235736 20121218 235736
146.96 0.54 20121124 160052 20121224 160052
146.01 -11.7 20121201 020015 20121231 020015
133.2 -20.84 20121112 203914 20121212 203914
137.53 -3.86 20120828 162631 20120927 162631
114.79 -22.21 20121117 112904 20121217 112904
123.53 -0.64 20120826 145220 20120925 145220
158.06 -34.01 20120825 215850 20120924 215850
141.33 -19.44 20121102 213734 20121202 213734
152.62 -21.22 20121010 203350 20121109 203350
139.6 -6.35 20120917 031752 20121017 031752
142.77 -27.16 20120923 023520 20121023 023520
144.06 -6.56 20121106 052121 20121206 052121
123.01 -4.9 20121002 163337 20121101 163337
115.97 3.07 20120817 030618 20120916 030618
134.61 -9.71 20120908 222809 20121008 222809
116.21 -16.94 20120927 052214 20121027 052214
144.52 -17.5 20120917 095959 20121017 095959
149.5 -18.03 20120916 213710 20121016 213710
117.01 -33.47 20121013 041532 20121112 041532
146.38 -11.14 20120830 175258 20120929 175258
119.78 -9.6 20121020 022358 20121119 022358
134.55 -2.35 20121012 003631 20121111 003631
145.12 -31.21 20120814 104504 20120913 104504
142.23 -3.44 20120925 134257 20121025 134257
136.57 -29.58 20121030 141408 20121129 141408
123.13 -5.86 20120923 193836 20121023 193836
135.84 -34.94 20120815 001625 20120914 001625
149.18 -16.81 20121026 045149 20121125 045149
158.07 3.28 20120911 025457 20121011 025457
148.51 -23.15 20120930 015913 20121030 015913
129.98 -10.41 20120912 140218 20121012 140218
126.64 -9.39 20121030 213332 20121129 213332
140.41 2.81 20120922 232338 20121022 232338
113.63 -23.91 20120816 205237 20120915 205237
113.5 -15.06 20121126 162922 20121226 162922
115.23 -24.47 20120919 005325 20121019 005325
148.3 -17.93 20120816 101300 20120915 101300
131.63 -13.91 20120905 203644 20121005 203644
154.15 -0.95 20121101 084700 20121201 084700
156.38 1.75 20121021 154013 20121120 154013
113.81 -2.16 20121002 062128 20121101 062128
139.34 -22.48 20121021 101039 20121120 101039
113.2 -6.64 20120820 023333 20120919 023333
116.12 -25.3 20121020 033906 20121119 033906
144.79 -31.96 20120920 181356 20121020 181356
128.71 -27.4 20120905 143631 20121005 143631
137.24 -20.22 20121023 033643 20121122 033643
148.15 3.45 20121009 204538 20121108 204538
157.87 -21.19 20120829 090318 20120928 090318
158.46 0.68 20121112 074501 20121212 074501
116.51 -27.5 20120917 061512 20121017 061512
117.56 -5.85 20121117 190804 20121217 190804
130.51 -19.14 20121016 021100 20121115 021100
119.24 -26.02 20120818 000439 20120917 000439
147.74 -34.1 20120821 002445 20120920 002445
122.69 -30.57 20120913 183019 20121013 183019
157.79 -31.81 20121018 042004 20121117 042004
157.56 -17.97 20121119 161531 20121219 161531
149.98 -14.85 20121123 092808 20121223 092808
120.49 1.28 20121109 102937 20121209 102937
135.77 -12.77 20121028 110811 20121127 110811
153.06 -27.4 20120811 193645 20120910 193645
132.04 -17.43 20121001 123712 20121031 123712
121.82 -29.14 20121002 152656 20121101 152656
124.37 -30.87 20120908 065007 20121008 065007
122.64 -22.24 20121121 155422 20121221 155422
131.16 -33.91 20121114 073851 20121214 073851
150.17 -20.66 20121129 112958 20121229 112958
136.42 -1.6 20121111 200730 20121211 200730
138.93 -7.51 20121013 090023 20121112 090023
148.15 -10.44 20120920 191232 20121020 191232
129.28 -26.66 20120806 085822 20120905 085822
143.97 2.32 20120912 032427 20121012 032427
152.38 -1.18 20120926 040620 20121026 040620
153.93 -16 20121119 112240 20121219 112240
152.12 -4.71 20120929 034120 20121029 034120
136.32 -22.95 20121011 080449 20121110 080449
113.03 -29.67 20121002 003705 20121101 003705
115.56 -1.23 20120825 211112 20120924 211112
115.8 -14.49 20121119 211058 20121219 211058
132.14 -22.14 20121006 113004 20121105 113004
115.87 -33.99 20120917 231936 20121017 231936
130 -13.43 20121022 021606 20121121 021606
113.64 -13.81 20121102 000813 20121202 000813
113.83 -4.86 20121008 071610 20121107 071610
152.63 -29.03 20121120 081633 20121220 081633
128.71 -1.91 20120820 012742 20120919 012742
120.28 -10.4 20120812 140722 20120911 140722
127.68 -19.67 20120926 050711 20121026 050711
135.38 2.84 20120822 012407 20120921 012407
128.85 -32.11 20120918 093855 20121018 093855
155.52 -27.88 20120830 062414 20120929 062414
132.19 -26.05 20121130 185025 20121230 185025
118.4 -24.34 20121019 051315 20121118 051315
154.28 -23.38 20121018 223726 20121117 223726
158.84 -18.95 20121102 202736 20121202 202736
124.8 -21.14 20121128 032250 20121228 032250
151.84 -16.28 20120806 164847 20120905 164847
130.1 -27.01 20121009 083432 20121108 083432
130.35 -1.54 20121023 035015 20121122 035015
126.37 -29.58 20121022 152659 20121121 152659
114.23 -5.77 20120821 014955 20120920 014955
154.58 2.92 20121018 114241 20121117 114241
121.19 -6.81 20120825 173747 20120924 173747
158.94 -19.57 20121121 005423 20121221 005423
124.96 -21.91 20120924 080445 20121024 080445
121.24 -26.44 20120924 122550 20121024 122550
151.32 -22.3 20121111 015806 20121211 015806
118.46 -8.13 20121024 170033 20121123 170033
125.01 -26.65 20120915 193738 20121015 193738
133.51 -34.66 20120923 120444 20121023 120444
123.85 -3.73 20120805 041143 20120904 041143
150.52 -1.67 20121126 231258 20121226 231258
149.38 1.98 20121007 192401 20121106 192401
143.69 -16.19 20120918 013741 20121018 013741
148.83 -9.21 20121125 051516 20121225 051516
144.86 -3.49 20120901 123415 20121001 123415
157.45 -22.57 20121113 133237 20121213 133237
154.64 -27.05 20121104 052947 20121204 052947
120.9 -33.05 20121016 045027 20121115 045027
155.08 -28.98 20121125 103239 20121225 103239
129.23 1.73 20121023 090520 20121122 090520
130.91 -10.87 20121007 060753 20121106 060753
136.04 -19.86 20121026 225307 20121125 225307
151.98 -12 20121103 200408 20121203 200408
144.88 -17 20120919 072740 20121019 072740
132.77 -20.85 20121029 055949 20121128 055949
147.16 -27.51 20121119 102139 20121219 102139
143.06 -2.21 20121014 121027 20121113 121027
129.6 4.48 20120930 133320 20121030 133320
140.27 -20.85 20121127 202145 20121227 202145
130.63 -11.8 20120826 001819 20120925 001819
141.11 -19.56 20120908 212303 20121008 212303
133.29 -5.23 20120919 100239 20121019 100239
147.14 -7.69 20121114 050841 20121214 050841
139.34 -8.45 20120927 114753 20121027 114753
134.84 -28.42 20120921 044646 20121021 044646
137.24 -18.79 20120829 060844 20120928 060844
136.11 -16.9 20121007 220029 20121106 220029
115.27 -6.21 20121018 045903 20121117 045903
140.87 -14.7 20121014 162650 20121113 162650
137.63 -2.78 20120925 030336 20121025 030336
138.33 -21.19 20121001 093859 20121031 093859
113.88 -25.93 20120918 003701 20121018 003701
130.12 -11.99 20120826 100303 20120925 100303
138.38 3.35 20120913 095101 20121013 095101
122.53 -22.98 20120922 033127 20121022 033127
122.28 -33.09 20121116 204753 20121216 204753
129.81 -24.02 20121124 230841 20121224 230841
156.27 -26.21 20121111 025618 20121211 025618
130.66 -1.37 20121112 032719 20121212 032719
142.53 -5.57 20121116 170356 20121216 170356
132.76 -9.74 20120919 145116 20121019 145116
136.02 -6.08 20120830 040426 20120929 040426
136.77 4.59 20120919 203712 20121019 203712
150.62 -12.75 20121024 231728 20121123 231728
119.85 -1.58 20121103 142757 20121203 142757
143.63 3.87 20121017 191002 20121116 191002
154.75 -17.3 20120901 142337 20121001 142337
150.06 -13.14 20121015 080705 20121114 080705
145.85 -10.53 20120923 213947 20121023 213947
142.16 -26.47 20120913 130434 20121013 130434
117.58 -6.76 20120928 164121 20121028 164121
145.09 -6.21 20121201 031937 20121231 031937
147.49 -6.82 20120916 164538 20121016 164538
132.27 -14.68 20120806 203211 20120905 203211
146.31 -12.92 20121116 105048 20121216 105048
142.3 -18.42 20120911 100555 20121011 100555
153.06 -22.74 20121122 062158 20121222 062158
156.43 -15.57 20121011 132617 20121110 132617
118.59 4.63 20120915 222536 20121015 222536
127.59 -27.95 20120911 235503 20121011 235503
138.95 -10.81 20120901 102253 20121001 102253
123.07 -18.14 20121129 215944 20121229 215944
143.51 -13.54 20120908 081732 20121008 081732
143.82 -3.71 20120829 084123 20120928 084123
137.49 1.42 20121127 103137 20121227 103137
131.55 -12.43 20120809 052319 20120908 052319
122.45 -11.41 20121002 205017 20121101 205017
151.74 -2.29 20121001 170901 20121031 170901
118.56 -2.69 20121104 152317 20121204 152317
156.14 -2.8 20121017 103004 20121116 103004
140.4 -27.05 20120828 180712 20120927 180712
135.74 -3.14 20120902 130330 20121002 130330
119.86 -32.69 20120814 224323 20120913 224323
139.65 -2.2 20120819 045609 20120918 045609
132.72 -10.43 20121117 092458 20121217 092458
123.78 -17.86 20121015 195044 20121114 195044
134.28 -2.23 20121103 062441 20121203 062441
148.56 -3.28 20121128 145443 20121228 145443
132.07 -19.28 20121122 082433 20121222 082433
121.25 -32.71 20120812 122658 20120911 122658
115.9 -9.55 20120826 162036 20120925 162036
138.31 -13.98 20120817 133605 20120916 133605
144.61 -32.67 20120911 012449 20121011 012449
153 -20.15 20120823 025709 20120922 025709
130.1 -11.32 20121117 234031 20121217 234031
150 -11.08 20120920 155402 20121020 155402
139.18 0.69 20120805 030145 20120904 030145
144.82 -23.9 20121024 230307 20121123 230307
144.31 -22.88 20120919 190602 20121019 190602
157.49 -31.08 20121120 043154 20121220 043154
121.19 0.93 20121130 225854 20121230 225854
150.39 -17.43 20120824 224750 20120923 224750
147.16 -23.41 20121009 105432 20121108 105432
117.58 -24.67 20121103 010220 20121203 010220
144.44 -21.97 20120913 181520 20121013 181520
152.83 -14.16 20121030 235843 20121129 235843
117.65 -33.68 20121017 212406 20121116 212406
152.22 0.77 20120824 113031 20120923 113031
113.85 -1.95 20120826 210359 20120925 210359
138.43 -25.78 20121022 214831 20121121 214831
117.39 2.24 20120904 040703 20121004 040703
136.81 -29.44 20120804 005750 20120903 005750
138.93 -33.12 20121011 112603 20121110 112603
137.23 -2.21 20121129 154333 20121229 154333
145.41 4.41 20120814 173945 20120913 173945
153.99 -9.78 20121024 233345 20121123 233345
157.39 2.98 20121026 072140 20121125 072140
113.41 4.02 20120914 092111 20121014 092111
141.66 -20.69 20120902 180643 20121002 180643
149.42 -16.73 20121026 192730 20121125 192730
155.82 -3.98 20120928 212607 20121028 212607
128.11 -9.9 20121009 211915 20121108 211915
150.23 -5.15 20120902 141756 20121002 141756
134.36 -7.86 20121002 142132 20121101 142132
149.2 -5.03 20120809 182745 20120908 182745
138.05 -20.75 20120830 022349 20120929 022349
151.9 -21.85 20120922 050309 20121022 050309
136.64 -6.96 20121121 104525 20121221 104525
