29.59 65.19 20110316 083740 20110415 083740
26.96 61.31 20110218 004506 20110320 004506
6.39 60.08 20110311 091500 20110410 091500
18.17 52.71 20110509 172841 20110608 172841
3.58 55.17 20110414 061531 20110514 061531
16.49 68.46 20110517 102859 20110616 102859
31.51 58.24 20110422 091211 20110522 091211
24.51 56.57 20110309 114205 20110408 114205
26.9 57.59 20110301 140814 20110331 140814
8.16 60.65 20110301 122314 20110331 122314
11.14 57.1 20110326 233301 20110425 233301
14.66 58.3 20110125 011901 20110224 011901
21.63 62.05 20110511 003219 20110610 003219
22.9 63.03 20110221 193507 20110323 193507
30.93 62.54 20110121 090304 20110220 090304
16.98 63.06 20110104 101601 20110203 101601
26.94 59.47 20110504 211027 20110603 211027
5.82 54.39 20110404 141552 20110504 141552
4.67 52.41 20110213 203828 20110315 203828
11.81 65.97 20110414 234037 20110514 234037
17.38 62.82 20110105 051345 20110204 051345
22.92 63.55 20110407 231359 20110507 231359
20.17 64.43 20110328 143200 20110427 143200
22.33 52.27 20110310 123516 20110409 123516
15.13 58.95 20110510 154225 20110609 154225
15.94 52.58 20110403 135514 20110503 135514
23.3 65.64 20110208 060333 20110310 060333
19.9 67.74 20110427 233055 20110527 233055
2.15 59.3 20110104 093033 20110203 093033
8.37 65.59 20110104 192238 20110203 192238
30.89 60.4 20110118 082503 20110217 082503
33.42 69.97 20110525 000624 20110624 000624
10.18 57.59 20110508 105841 20110607 105841
29.98 63.71 20110114 032712 20110213 032712
29.78 53.58 20110117 195450 20110216 195450
14.31 56.61 20110104 044522 20110203 044522
35.26 61.18 20110116 142647 20110215 142647
23.93 55.04 20110201 142326 20110303 142326
14.65 61.48 20110423 093124 20110523 093124
11.21 61.31 20110114 163257 20110213 163257
23.93 54.4 20110316 000543 20110415 000543
20.27 62.39 20110211 145322 20110313 145322
18.74 53.92 20110222 020444 20110324 020444
19.56 58.16 20110222 194355 20110324 194355
16.2 56.86 20110502 090520 20110601 090520
22.58 63.12 20110111 013244 20110210 013244
34.66 58.53 20110324 070933 20110423 070933
7.73 57.37 20110528 032331 20110627 032331
24.77 52.4 20110130 133719 20110301 133719
24.11 53.81 20110516 042519 20110615 042519
3.92 57.44 20110111 174313 20110210 174313
14.37 59.03 20110526 124840 20110625 124840
4.94 64.73 20110601 014710 20110701 014710
16.95 69.62 20110505 135350 20110604 135350
36.07 67.74 20110221 225558 20110323 225558
25.39 61.36 20110401 182622 20110501 182622
36.13 59.55 20110325 003319 20110424 003319
30 59.22 20110214 164324 20110316 164324
16.23 57.12 20110226 121431 20110328 121431
24.71 52.85 20110116 033445 20110215 033445
30.66 54.14 20110312 140840 20110411 140840
29.65 57.56 20110323 151154 20110422 151154
7.79 53.03 20110417 035728 20110517 035728
20.74 64.64 20110330 144121 20110429 144121
33.16 67.68 20110123 085740 20110222 085740
6.46 69.64 20110525 214548 20110624 214548
32.7 58.94 20110307 135004 20110406 135004
19.11 57.71 20110323 161734 20110422 161734
35.77 61.39 20110315 164025 20110414 164025
30.57 59.84 20110104 221629 20110203 221629
23.5 53.16 20110529 041443 20110628 041443
19.52 52.21 20110309 054531 20110408 054531
27.59 51.2 20110329 185348 20110428 185348
28.81 57.36 20110501 232521 20110531 232521
34.99 69.46 20110317 034600 20110416 034600
2.51 60.92 20110502 123736 20110601 123736
34.63 60.31 20110206 153324 20110308 153324
16.76 55.4 20110114 223749 20110213 223749
32.94 68.91 20110221 192552 20110323 192552
8.81 64.58 20110415 010427 20110515 010427
19.05 55.06 20110125 090305 20110224 090305
15.83 59.43 20110409 052331 20110509 052331
16.19 60.64 20110322 234736 20110421 234736
31.64 60.7 20110204 212128 20110306 212128
28.27 68.71 20110205 094915 20110307 094915
11.23 65.37 20110421 094800 20110521 094800
12.83 57.29 20110305 145233 20110404 145233
17.7 51.66 20110307 134014 20110406 134014
33.71 60.07 20110122 143301 20110221 143301
31.57 61.3 20110203 053224 20110305 053224
20.35 58.69 20110328 031900 20110427 031900
27.78 55.56 20110217 224440 20110319 224440
30.6 62.79 20110117 073258 20110216 073258
23.32 51.85 20110509 091833 20110608 091833
7.5 62.64 20110227 011339 20110329 011339
23.72 65.03 20110128 165040 20110227 165040
15.1 53.03 20110424 232946 20110524 232946
33.94 61.39 20110410 023549 20110510 023549
35.83 62.44 20110218 211729 20110320 211729
2.69 64.02 20110320 131025 20110419 131025
2.23 56.09 20110501 105017 20110531 105017
32.53 64.59 20110414 035551 20110514 035551
10.82 56.03 20110119 225454 20110218 225454
26.29 57.03 20110323 073858 20110422 073858
32.91 68.17 20110320 162911 20110419 162911
6.65 64.29 20110307 032056 20110406 032056
30.68 55.47 20110309 104021 20110408 104021
26.35 53.08 20110504 155503 20110603 155503
28.01 65.21 20110427 101552 20110527 101552
13.87 53.79 20110401 200508 20110501 200508
10.8 52.2 20110106 120131 20110205 120131
6.7 52.9 20110526 073652 20110625 073652
22.06 58.39 20110103 131404 20110202 131404
19.7 67.7 20110522 120533 20110621 120533
31.46 53.31 20110211 175220 20110313 175220
23.48 66.77 20110331 015053 20110430 015053
19.65 51.45 20110214 113800 20110316 113800
29.53 59.35 20110515 161227 20110614 161227
7.61 53.08 20110430 234936 20110530 234936
6.2 58.8 20110325 235813 20110424 235813
29.55 61.21 20110523 064903 20110622 064903
29.28 65.41 20110120 175221 20110219 175221
17.98 54.39 20110127 052346 20110226 052346
32.58 64.28 20110225 010320 20110327 010320
10.73 67.68 20110331 000542 20110430 000542
21.04 57.14 20110125 170230 20110224 170230
8.72 51.71 20110128 030733 20110227 030733
36.14 54.47 20110531 215252 20110630 215252
16.49 66.75 20110507 081322 20110606 081322
33.08 69.35 20110220 184347 20110322 184347
32.83 58.97 20110128 062818 20110227 062818
35.69 67.32 20110507 160405 20110606 160405
22.43 67.84 20110301 055217 20110331 055217
9.79 61.22 20110411 120541 20110511 120541
6 52.21 20110222 171645 20110324 171645
24.39 58.92 20110224 065047 20110326 065047
23.51 53.14 20110304 063420 20110403 063420
26.93 64.35 20110416 032936 20110516 032936
17.03 57.48 20110129 202011 20110228 202011
33.85 61.43 20110314 195156 20110413 195156
34.5 54.75 20110129 174708 20110228 174708
2.99 57.54 20110516 234030 20110615 234030
14 68.82 20110329 030831 20110428 030831
23.14 66.55 20110216 175231 20110318 175231
10.57 53.96 20110225 003519 20110327 003519
19.88 67.99 20110223 082100 20110325 082100
26.55 55.14 20110421 101155 20110521 101155
4.2 54.26 20110515 154226 20110614 154226
4.17 64.14 20110506 200731 20110605 200731
7.92 55.38 20110423 091222 20110523 091222
10.12 57.81 20110426 040139 20110526 040139
26.6 61.46 20110403 160500 20110503 160500
34.49 66.6 20110320 011754 20110419 011754
27.87 67.58 20110420 094246 20110520 094246
30.35 61.86 20110114 221014 20110213 221014
8.74 52.74 20110130 043730 20110301 043730
24.81 52.19 20110308 135009 20110407 135009
21.05 58.61 20110201 050315 20110303 050315
6.61 60.48 20110526 061547 20110625 061547
18.85 60.24 20110506 072926 20110605 072926
37 63.4 20110223 025141 20110325 025141
10.82 52.08 20110204 115645 20110306 115645
18.74 52.49 20110418 145840 20110518 145840
26.38 69.14 20110219 071357 20110321 071357
33.2 66.93 20110213 225138 20110315 225138
36.67 59.07 20110124 151100 20110223 151100
12.7 56.85 20110512 170631 20110611 170631
27.49 67.06 20110216 025611 20110318 025611
6.49 56.46 20110123 012812 20110222 012812
16.59 54.85 20110217 043333 20110319 043333
5.43 68.01 20110421 001508 20110521 001508
14.22 66.59 20110414 154512 20110514 154512
29.42 67.55 20110127 144338 20110226 144338
13.85 60.86 20110503 061731 20110602 061731
28.91 57.26 20110409 033114 20110509 033114
12.86 54 20110528 135018 20110627 135018
5.87 64.84 20110127 233328 20110226 233328
8.19 65.84 20110412 111624 20110512 111624
10.38 68.77 20110529 002508 20110628 002508
15.79 68.87 20110430 143106 20110530 143106
20.28 66.75 20110426 044224 20110526 044224
15.3 69.94 20110327 100137 20110426 100137
29.33 61.17 20110507 032100 20110606 032100
24.35 56.16 20110315 174652 20110414 174652
34.59 57.97 20110117 053414 20110216 053414
5.45 67.27 20110116 084016 20110215 084016
27.42 61.59 20110526 045344 20110625 045344
18.6 56.2 20110210 023338 20110312 023338
31.61 59.64 20110119 192528 20110218 192528
22.84 65.16 20110123 080018 20110222 080018
26.05 53.89 20110128 234732 20110227 234732
32.11 51.77 20110312 181313 20110411 181313
21.69 53.46 20110327 044157 20110426 044157
24.86 67.01 20110226 064007 20110328 064007
15.04 62.77 20110321 061924 20110420 061924
24.25 63.26 20110131 185459 20110302 185459
8.38 56.06 20110219 225821 20110321 225821
15.21 66.21 20110205 033559 20110307 033559
21.39 59.29 20110308 223334 20110407 223334
35.8 64.32 20110311 162858 20110410 162858
26.73 54.38 20110130 154730 20110301 154730
30.85 57.69 20110515 090419 20110614 090419
8.63 54.78 20110109 152924 20110208 152924
34.09 69.8 20110210 012806 20110312 012806
2.41 62.38 20110412 230245 20110512 230245
4.23 67.39 20110222 100326 20110324 100326
13.65 62.28 20110105 143018 20110204 143018
34.39 59.81 20110423 120726 20110523 120726
5.24 69.51 20110305 164258 20110404 164258
12.8 65.43 20110429 020917 20110529 020917
13.94 58.73 20110217 152958 20110319 152958
20.21 60.2 20110511 202059 20110610 202059
11.7 51.69 20110426 152440 20110526 152440
21.43 52.68 20110128 011826 20110227 011826
24.12 66.99 20110318 024158 20110417 024158
34.64 69.61 20110520 114755 20110619 114755
25.73 67.5 20110428 235714 20110528 235714
6.98 51.72 20110131 042956 20110302 042956
34.15 64.22 20110510 042303 20110609 042303
4.08 69.56 20110111 070520 20110210 070520
36.97 67.07 20110404 223657 20110504 223657
26.96 61.19 20110205 060658 20110307 060658
18.33 53.02 20110219 145737 20110321 145737
36.79 62.07 20110109 160115 20110208 160115
24.84 60.45 20110423 011659 20110523 011659
27.01 66.8 20110307 195130 20110406 195130
26.21 69.23 20110220 110030 20110322 110030
26.54 54.15 20110321 231959 20110420 231959
10.01 54.7 20110526 104019 20110625 104019
17.86 58.63 20110106 063511 20110205 063511
34.83 61.88 20110503 084559 20110602 084559
13.03 51.42 20110406 081513 20110506 081513
17.42 55.44 20110306 115423 20110405 115423
3.88 51.74 20110204 073034 20110306 073034
35.31 66.76 20110418 190900 20110518 190900
34.96 66.74 20110508 222647 20110607 222647
36.05 54.85 20110119 043216 20110218 043216
6.65 60.76 20110128 211408 20110227 211408
10.92 61.75 20110217 195347 20110319 195347
30.74 59.09 20110430 070516 20110530 070516
12.88 63.73 20110121 130735 20110220 130735
18.24 64.44 20110110 135719 20110209 135719
14.9 55.12 20110210 070134 20110312 070134
20.27 56.24 20110223 044910 20110325 044910
14.84 66.78 20110415 121106 20110515 121106
35.75 51.82 20110525 093227 20110624 093227
22.97 69.03 20110508 085451 20110607 085451
27.43 55.29 20110530 160716 20110629 160716
34.27 60.47 20110105 130536 20110204 130536
18.87 52.43 20110121 093049 20110220 093049
26.03 62.93 20110310 023134 20110409 023134
23.07 52.39 20110321 221345 20110420 221345
13.5 57.41 20110116 155135 20110215 155135
16.38 56.55 20110325 061454 20110424 061454
32.32 67.11 20110511 222524 20110610 222524
26.88 62.76 20110126 194950 20110225 194950
2.86 69.52 20110513 174251 20110612 174251
29.74 57.7 20110517 170411 20110616 170411
9.18 52.92 20110503 112514 20110602 112514
19.45 65.8 20110119 102632 20110218 102632
8.91 58.08 20110319 142430 20110418 142430
9.67 65.3 20110510 131705 20110609 131705
7.56 62.26 20110527 111535 20110626 111535
24.05 65.01 20110227 113102 20110329 113102
33.71 64.71 20110306 215009 20110405 215009
25.62 54.34 20110223 082645 20110325 082645
13.8 59.9 20110227 074613 20110329 074613
10.66 67.7 20110409 105701 20110509 105701
14.47 51.19 20110124 211925 20110223 211925
28.14 69.49 20110223 064615 20110325 064615
19.27 68.79 20110331 114300 20110430 114300
6.2 57.7 20110216 214636 20110318 214636
30.72 63.11 20110527 163721 20110626 163721
36.84 68.01 20110310 235629 20110409 235629
32.12 66.51 20110131 202052 20110302 202052
35.82 51.85 20110530 232102 20110629 232102
3.07 59.96 20110328 145123 20110427 145123
4.75 53.51 20110113 035215 20110212 035215
36.71 67.13 20110324 064451 20110423 064451
24.31 64.95 20110510 140833 20110609 140833
11.55 54.6 20110502 091820 20110601 091820
8.31 53.85 20110331 113359 20110430 113359
10.35 63.43 20110105 140630 20110204 140630
10.76 56.17 20110223 030306 20110325 030306
11.07 55.01 20110209 034215 20110311 034215
17.07 53.39 20110402 203310 20110502 203310
13.01 60.37 20110418 141754 20110518 141754
13.61 52.1 20110417 121033 20110517 121033
27.91 58.45 20110305 150710 20110404 150710
29.84 53.63 20110425 020630 20110525 020630
25.7 53.11 20110327 122000 20110426 122000
3.46 56.19 20110311 082817 20110410 082817
17.24 55.17 20110503 064017 20110602 064017
6.8 65.28 20110309 112021 20110408 112021
3.08 56.41 20110317 005913 20110416 005913
20.04 60 20110111 152453 20110210 152453
30.53 69.42 20110528 021205 20110627 021205
33.1 57.85 20110227 081923 20110329 081923
13.19 69 20110410 115659 20110510 115659
19.08 53.97 20110418 231159 20110518 231159
11.59 60.79 20110507 134629 20110606 134629
27.19 60.54 20110225 002758 20110327 002758
34.44 69.57 20110418 211819 20110518 211819
22.64 52.56 20110212 142722 20110314 142722
17.92 69.01 20110419 083830 20110519 083830
7.22 61.8 20110207 050824 20110309 050824
21.56 55.02 20110115 231825 20110214 231825
29.1 68.17 20110319 174205 20110418 174205
36.28 63.39 20110207 085303 20110309 085303
3.79 51.03 20110203 075721 20110305 075721
26.91 66.79 20110522 001733 20110621 001733
12.23 66.8 20110108 231048 20110207 231048
34.69 54.17 20110417 110248 20110517 110248
26.25 63.2 20110130 033804 20110301 033804
25.36 64.73 20110323 110540 20110422 110540
5.28 51.15 20110429 134231 20110529 134231
20.05 66.78 20110312 204206 20110411 204206
26.26 59.11 20110419 001735 20110519 001735
2.57 61.84 20110424 062842 20110524 062842
12.29 55.02 20110328 071431 20110427 071431
3.94 68.45 20110422 005449 20110522 005449
24.68 53.29 20110212 134035 20110314 134035
36.83 58.32 20110204 205055 20110306 205055
16.05 56.96 20110128 063131 20110227 063131
36.99 68.48 20110320 220043 20110419 220043
14.43 68.47 20110522 022016 20110621 022016
32.17 58.41 20110505 004854 20110604 004854
10.94 51.7 20110307 155006 20110406 155006
33.62 65.74 20110213 092711 20110315 092711
16.11 69.55 20110214 063847 20110316 063847
5.42 61.69 20110518 140459 20110617 140459
12.86 68.03 20110519 212730 20110618 212730
18.73 57.7 20110502 223201 20110601 223201
18.27 67.34 20110411 011956 20110511 011956
35.64 57.27 20110125 070107 20110224 070107
14 57.05 20110529 120732 20110628 120732
8.39 62.96 20110428 071928 20110528 071928
26.77 61.19 20110111 212218 20110210 212218
28.18 65.29 20110530 000531 20110629 000531
22.81 66.15 20110421 111408 20110521 111408
32.18 51.18 20110106 103937 20110205 103937
27.38 55.64 20110318 134727 20110417 134727
25.47 51.97 20110213 101932 20110315 101932
12.78 60.21 20110131 131614 20110302 131614
7.58 58 20110524 122100 20110623 122100
3.84 51.91 20110204 154427 20110306 154427
3.38 62.36 20110115 171635 20110214 171635
34.13 61.36 20110127 235306 20110226 235306
32.35 68.89 20110419 072252 20110519 072252
18.04 60.38 20110311 080226 20110410 080226
17.72 52.54 20110116 195139 20110215 195139
26.4 57.18 20110110 220502 20110209 220502
11.83 61.08 20110206 041911 20110308 041911
24.89 67.79 20110218 112753 20110320 112753
4.89 65.67 20110512 230301 20110611 230301
35.3 62.95 20110122 171931 20110221 171931
3.19 62.43 20110301 225701 20110331 225701
