9.74 43.32 20140813 222835 20140912 222835
3.02 51.74 20141118 145157 20141218 145157
20.32 46.46 20140804 225911 20140903 225911
22.27 56.78 20140825 005536 20140924 005536
-6.44 43.66 20140902 101312 20141002 101312
18.03 45.05 20141008 223206 20141107 223206
1.71 58.35 20140909 082045 20141009 082045
-1.65 55.15 20140819 172303 20140918 172303
-4.23 59.87 20141026 154015 20141125 154015
4.89 57.28 20140831 045857 20140930 045857
-3.79 49.83 20141117 063126 20141217 063126
-7.96 41.02 20141120 005859 20141220 005859
17.44 59.1 20140819 112108 20140918 112108
5.39 42.81 20141025 224627 20141124 224627
24.5 42.29 20140813 161506 20140912 161506
1.88 59.51 20141110 131732 20141210 131732
-0.65 54.24 20140925 032304 20141025 032304
-7.45 59.78 20141030 052937 20141129 052937
16.32 49.15 20141014 235117 20141113 235117
21.38 52.76 20140917 064340 20141017 064340
17.4 51.1 20141011 022610 20141110 022610
24.76 53.75 20141025 225420 20141124 225420
-8.57 44.86 20140810 060956 20140909 060956
5.64 49.1 20141027 042833 20141126 042833
20 54.83 20141022 184439 20141121 184439
13.22 49.63 20140803 235631 20140902 235631
8.68 56.22 20141108 061733 20141208 061733
7.89 55.51 20140925 170617 20141025 170617
9.16 51.6 20140810 235516 20140909 235516
-4.62 46.54 20141009 044133 20141108 044133
-7.06 51.21 20141123 081334 20141223 081334
13.12 46.2 20140911 205859 20141011 205859
5.41 46.32 20141003 031033 20141102 031033
1.78 45.33 20140926 222248 20141026 222248
-0.82 57.42 20141111 141859 20141211 141859
25.06 41.75 20141014 074042 20141113 074042
23.94 46.98 20140925 105918 20141025 105918
12.6 50.88 20140925 023147 20141025 023147
21.5 53.6 20140825 193856 20140924 193856
14.9 57.38 20140820 181956 20140919 181956
-3.27 55.82 20141121 124643 20141221 124643
-6.72 53.61 20141129 112434 20141229 112434
13.62 46.12 20141110 020716 20141210 020716
17.4 45.36 20141120 102329 20141220 102329
15.43 46.18 20140929 063714 20141029 063714
1.01 51.44 20140902 151956 20141002 151956
15.57 44.28 20141111 113947 20141211 113947
8.89 49.45 20140903 161946 20141003 161946
11.82 44.9 20140902 230619 20141002 230619
17.84 53.52 20140821 072702 20140920 072702
12.13 51.81 20140918 033518 20141018 033518
-8.66 43.28 20140912 205842 20141012 205842
-7.24 51.64 20140901 042421 20141001 042421
2.7 52.4 20141125 132306 20141225 132306
21.23 56.03 20140823 161241 20140922 161241
-2.19 46.61 20140814 004724 20140913 004724
16.6 47.18 20141124 034545 20141224 034545
-7.69 41.75 20140903 182142 20141003 182142
-8.53 44.77 20141110 065933 20141210 065933
-4.36 56.93 20140914 104840 20141014 104840
5.11 41.17 20141128 175421 20141228 175421
17.02 52.96 20141019 214029 20141118 214029
24.79 50.92 20140915 115943 20141015 115943
24.7 42.35 20141020 122448 20141119 122448
-3.99 49.79 20140809 110435 20140908 110435
9.17 57.62 20141029 195917 20141128 195917
0.52 58.94 20140804 070029 20140903 070029
21.12 53.65 20140820 215905 20140919 215905
-6.63 58.36 20141029 050011 20141128 050011
6.34 55.32 20141006 191354 20141105 191354
-5.2 45.82 20141127 151009 20141227 151009
7.98 53.1 20141101 181356 20141201 181356
0.43 52.2 20141030 172931 20141129 172931
4.82 44.34 20140804 124127 20140903 124127
12.53 52.66 20141104 061228 20141204 061228
8.1 52.7 20141018 191820 20141117 191820
12.14 59.67 20140910 180142 20141010 180142
22.13 56.81 20140819 032616 20140918 032616
-7.45 42 20140914 164641 20141014 164641
20.28 48.07 20141028 111235 20141127 111235
10.11 56.21 20141113 084519 20141213 084519
4.56 56.11 20141116 113052 20141216 113052
15.17 49.7 20141124 155122 20141224 155122
15.66 59.86 20141029 063845 20141128 063845
6.31 43.84 20140903 114027 20141003 114027
6.39 58.34 20141109 003536 20141209 003536
-1.79 51.9 20141018 104556 20141117 104556
0.09 53.78 20140830 154912 20140929 154912
3.9 51.76 20141102 095756 20141202 095756
19.95 42.31 20141001 031709 20141031 031709
24.61 49.66 20141106 023538 20141206 023538
8.29 54.7 20141022 025918 20141121 025918
-8.21 47.58 20141106 012333 20141206 012333
0.61 56.92 20141128 024125 20141228 024125
19.15 58.45 20140831 104238 20140930 104238
17 46.94 20141106 233141 20141206 233141
15.98 57.22 20140918 070059 20141018 070059
0.56 50.61 20140924 172913 20141024 172913
15.45 57.68 20140908 100909 20141008 100909
-2.04 50.23 20141123 182136 20141223 182136
11.98 49.77 20141007 125702 20141106 125702
1.91 55.59 20140924 232128 20141024 232128
1.17 58.69 20140814 111636 20140913 111636
13.19 45.2 20141025 142719 20141124 142719
25.72 49.1 20141120 182713 20141220 182713
24.06 56.96 20141127 034826 20141227 034826
-4.15 57.65 20141005 032006 20141104 032006
-1.77 53.09 20140808 101421 20140907 101421
3.46 41.72 20140820 062609 20140919 062609
-6.54 46.82 20140821 131616 20140920 131616
2.07 41.88 20140928 185039 20141028 185039
20.08 51.58 20140819 040757 20140918 040757
10.82 42.12 20141105 014415 20141205 014415
3.2 52.79 20140914 135142 20141014 135142
-4.03 52.04 20140826 125930 20140925 125930
4.33 57.12 20140806 164401 20140905 164401
15.69 51.04 20140810 231007 20140909 231007
12.16 55.98 20140829 134302 20140928 134302
19.82 51.3 20141125 010640 20141225 010640
11.52 45.42 20140828 045713 20140927 045713
-4.44 55.6 20140926 171528 20141026 171528
-1.83 57.7 20140818 102537 20140917 102537
18.32 58.22 20141031 031439 20141130 031439
-6.46 58.52 20141111 113744 20141211 113744
9.79 47.56 20140916 212744 20141016 212744
10.22 43.34 20141125 104649 20141225 104649
19.98 52.05 20141115 090834 20141215 090834
25.71 47.53 20140816 181129 20140915 181129
5.97 52.56 20141026 161303 20141125 161303
12.96 57.39 20140924 175707 20141024 175707
14.36 59.63 20141121 143429 20141221 143429
18.18 49.95 20141029 011258 20141128 011258
10.56 52.24 20141020 090612 20141119 090612
14.83 42.03 20141117 231255 20141217 231255
25.82 54.31 20141024 170543 20141123 170543
-1.03 43.31 20141029 105425 20141128 105425
2.95 50.4 20141115 135848 20141215 135848
11.52 45.17 20140906 221413 20141006 221413
0.08 53.47 20140927 092224 20141027 092224
1.23 55.12 20141026 024224 20141125 024224
20.86 49.62 20141027 011252 20141126 011252
15.83 54.14 20141012 064630 20141111 064630
12.65 59.84 20141016 221736 20141115 221736
6.84 47.28 20141024 072240 20141123 072240
17.23 46.41 20141120 072300 20141220 072300
17.34 50.23 20141108 161346 20141208 161346
-5.48 53.48 20141115 003009 20141215 003009
21.43 43.81 20140913 170552 20141013 170552
-5.45 48.63 20141031 152106 20141130 152106
10.23 42.4 20140829 051816 20140928 051816
-7.27 56.62 20140831 125841 20140930 125841
16.89 44.07 20141027 105043 20141126 105043
-2.16 56.42 20141114 143546 20141214 143546
25.5 57.71 20140811 191023 20140910 191023
1.06 57.66 20140807 035711 20140906 035711
-4.18 41.39 20141017 161351 20141116 161351
17.04 49.95 20140824 194648 20140923 194648
10.29 57.66 20141013 231942 20141112 231942
9.53 55.34 20140805 191024 20140904 191024
0.71 56.39 20140825 215645 20140924 215645
-4.13 43.06 20140928 195322 20141028 195322
17.4 52.4 20141201 044748 20141231 044748
14.58 41.6 20141025 083347 20141124 083347
15.67 58.97 20141130 235339 20141230 235339
-6.95 57.46 20140914 065100 20141014 065100
14.34 51.08 20141201 064911 20141231 064911
25.11 51.48 20140806 094932 20140905 094932
23.66 52.55 20141016 142835 20141115 142835
9.61 49.12 20140925 193317 20141025 193317
21.08 45.75 20141127 055311 20141227 055311
-5.63 58.77 20140919 142356 20141019 142356
24.06 51.46 20141002 200200 20141101 200200
11.75 54.52 20141025 093106 20141124 093106
14.08 47.13 20140830 185553 20140929 185553
16.03 50.77 20140913 203850 20141013 203850
0.58 46.86 20140911 224228 20141011 224228
13.19 59.19 20141008 221205 20141107 221205
3.42 53.37 20140901 175638 20141001 175638
21.27 55.23 20141017 031146 20141116 031146
25.8 53.92 20140830 131434 20140929 131434
-5.25 57.58 20141123 224402 20141223 224402
16.97 45.78 20141116 025959 20141216 025959
24.5 52.63 20140905 144301 20141005 144301
7.43 44.43 20140919 102440 20141019 102440
7.12 53.37 20140806 095837 20140905 095837
16.86 53.59 20141013 202247 20141112 202247
12.32 49.3 20141023 115320 20141122 115320
12.22 58 20140824 192928 20140923 192928
24.78 54.36 20141112 210833 20141212 210833
12.19 53.65 20141114 135419 20141214 135419
-2.76 46.94 20141016 032142 20141115 032142
14.78 46.16 20141027 002343 20141126 002343
-6.65 58.08 20141117 014716 20141217 014716
-0.92 47.65 20140927 105514 20141027 105514
20.96 41.31 20140902 213245 20141002 213245
-6.9 46.27 20140804 101643 20140903 101643
14.8 53.31 20140816 081536 20140915 081536
3.35 58.39 20140909 175927 20141009 175927
17.46 47.3 20140921 164627 20141021 164627
4.43 59.62 20141118 094958 20141218 094958
-1.84 53.7 20140804 001537 20140903 001537
-6.41 53.39 20140827 210805 20140926 210805
6.69 52.02 20140808 104242 20140907 104242
1.7 42.74 20141110 190617 20141210 190617
17.88 51.59 20141130 033121 20141230 033121
-3.38 48.34 20140922 095730 20141022 095730
23.67 53.26 20141004 085522 20141103 085522
16.29 44.48 20140907 025847 20141007 025847
-3.36 58.68 20141014 124025 20141113 124025
-7.67 50.95 20140825 163705 20140924 163705
-3.94 51.98 20141117 184214 20141217 184214
0.87 54.81 20141021 223929 20141120 223929
14.83 48.74 20140912 020635 20141012 020635
-3.78 41.78 20141008 235332 20141107 235332
-0.81 50.07 20141121 221538 20141221 221538
4.05 55.52 20140926 184058 20141026 184058
12.2 42.89 20141101 074730 20141201 074730
9.48 52.84 20141009 180424 20141108 180424
20.78 46.53 20141013 065325 20141112 065325
21.09 41.65 20140913 014415 20141013 014415
19 51.83 20141029 073520 20141128 073520
13.5 55.29 20140906 183750 20141006 183750
18.91 46.08 20141118 193519 20141218 193519
13.74 45.82 20141110 012659 20141210 012659
0.76 44.44 20140818 141902 20140917 141902
25.93 41.24 20141113 043733 20141213 043733
9.41 54.01 20141101 011741 20141201 011741
-7.57 42.14 20141111 001905 20141211 001905
10.45 42.43 20141004 033456 20141103 033456
-8.24 53.3 20141107 154157 20141207 154157
-0.65 44.56 20140818 133004 20140917 133004
-6.19 41.25 20140820 074328 20140919 074328
16.44 46.92 20141121 050411 20141221 050411
13.14 52.75 20140814 142108 20140913 142108
10.51 42.53 20141110 155657 20141210 155657
8 54.71 20141115 190154 20141215 190154
-2.75 48.08 20140906 170144 20141006 170144
16.65 58.23 20140922 165129 20141022 165129
-5.87 52.35 20140926 100758 20141026 100758
-0.79 59.92 20141122 003713 20141222 003713
8.45 47.22 20141127 205720 20141227 205720
6.71 55.39 20141129 045402 20141229 045402
5.67 46.54 20140904 200715 20141004 200715
3.57 50.07 20140811 085234 20140910 085234
14.02 53.37 20141024 235237 20141123 235237
8.94 43.28 20141019 081313 20141118 081313
7.13 57.51 20140924 221501 20141024 221501
1.11 45.8 20141030 130053 20141129 130053
13.81 54.18 20141021 015235 20141120 015235
9.76 48.44 20140809 023205 20140908 023205
-1.34 58.19 20140821 121028 20140920 121028
-1.65 51.9 20140829 094746 20140928 094746
14.12 48.85 20140826 052753 20140925 052753
-2.53 46.69 20141115 223643 20141215 223643
9.45 52.46 20141111 090510 20141211 090510
7.89 45.52 20140927 135745 20141027 135745
25.16 51.25 20140919 004205 20141019 004205
4.65 42.48 20141120 234716 20141220 234716
2.35 59.07 20140814 183756 20140913 183756
4.31 51.41 20141015 005336 20141114 005336
7.1 42.83 20141027 210704 20141126 210704
8.23 48.95 20140807 012521 20140906 012521
23.69 53.1 20141029 213212 20141128 213212
3.52 58.43 20140905 233259 20141005 233259
25.21 56.79 20140810 113615 20140909 113615
24.81 45.64 20140809 063733 20140908 063733
3.85 41.87 20141031 173010 20141130 173010
25.17 57.21 20141010 225933 20141109 225933
0.84 58.21 20140929 150022 20141029 150022
20.82 47.24 20141023 042903 20141122 042903
6.54 42.32 20141101 151427 20141201 151427
1.52 57.13 20141114 210315 20141214 210315
8.61 58.66 20140823 002910 20140922 002910
15.63 52.1 20141005 062520 20141104 062520
16.48 50.55 20140916 103845 20141016 103845
9.34 55.83 20140926 104048 20141026 104048
4.68 53.63 20141108 041858 20141208 041858
-1.45 51.51 20140822 130434 20140921 130434
13.73 43.04 20140829 150532 20140928 150532
2.42 58.29 20140806 080031 20140905 080031
5.52 48.78 20140925 034622 20141025 034622
21.42 43.45 20141114 163052 20141214 163052
14.88 58.28 20141105 172616 20141205 172616
23.77 46.4 20140901 120452 20141001 120452
5.86 52.16 20140927 181110 20141027 181110
-8.84 47.86 20141110 223356 20141210 223356
-7.79 47.13 20140828 232828 20140927 232828
18.69 50.1 20140930 123218 20141030 123218
-1.19 42.52 20140913 045912 20141013 045912
24.88 58.06 20140813 084618 20140912 084618
17.96 44.5 20141112 070155 20141212 070155
22.32 42.61 20141005 142920 20141104 142920
7.9 51.62 20141029 092021 20141128 092021
16.27 41.15 20141031 140110 20141130 140110
1.17 59.44 20141020 081554 20141119 081554
-4.28 45.58 20140923 023456 20141023 023456
-1.69 44.03 20141114 232923 20141214 232923
14.68 59.65 20140926 034423 20141026 034423
6.97 59.89 20140903 063622 20141003 063622
-3.58 52.09 20140909 180404 20141009 180404
12.99 42.07 20141106 171737 20141206 171737
16.58 51 20141016 135050 20141115 135050
5.86 52.02 20141123 160024 20141223 160024
24.38 56.86 20140823 200552 20140922 200552
6.08 44.72 20141127 040915 20141227 040915
5.9 51.13 20140905 184255 20141005 184255
10.03 53.29 20141129 050926 20141229 050926
22.13 45.92 20140911 163849 20141011 163849
17.78 51.26 20141023 023002 20141122 023002
-7.15 56.63 20141025 131431 20141124 131431
0.07 54.63 20140929 205559 20141029 205559
-0.73 57.55 20141015 070423 20141114 070423
24.3 41.42 20140915 153512 20141015 153512
23.42 53.87 20141112 104027 20141212 104027
5.91 56.06 20141008 102319 20141107 102319
8.44 56.28 20140929 032740 20141029 032740
19.62 42.34 20140807 221020 20140906 221020
0.17 48 20141027 224652 20141126 224652
1.13 55.82 20141121 095503 20141221 095503
1.61 53.87 20141006 083210 20141105 083210
19.3 57.4 20141016 063716 20141115 063716
2.58 58.7 20141013 115843 20141112 115843
-3.07 47.22 20141120 032854 20141220 032854
16.31 59.36 20141011 190857 20141110 190857
8.4 48.73 20140820 131330 20140919 131330
4.26 50.99 20141113 175700 20141213 175700
18.48 50.04 20140816 093151 20140915 093151
11.56 51.16 20140917 224521 20141017 224521
5.77 49.29 20141105 043011 20141205 043011
-2.29 44.39 20140830 142300 20140929 142300
22 44.17 20141105 192839 20141205 192839
-3.1 49.73 20140821 154804 20140920 154804
3.48 41.11 20141111 170714 20141211 170714
0.22 55.69 20141115 220304 20141215 220304
21.6 54.13 20141010 074018 20141109 074018
11.27 41.28 20140901 111439 20141001 111439
-6.42 54.49 20141010 165727 20141109 165727
-2.56 59.39 20140902 232649 20141002 232649
13.3 51.55 20140928 103131 20141028 103131
-1.73 54.56 20141029 221918 20141128 221918
20.56 43.89 20141106 040432 20141206 040432
11.82 54.67 20141018 015155 20141117 015155
19.7 55.42 20141025 172152 20141124 172152
2.31 46.39 20141107 052941 20141207 052941
-6.66 41.98 20140911 231407 20141011 231407
-0.55 45.84 20141120 231606 20141220 231606
-2.13 48.18 20140910 120206 20141010 120206
20.54 44.04 20141027 014627 20141126 014627
2.09 43.17 20141015 194203 20141114 194203
17.87 58.26 20140910 103109 20141010 103109
14.71 59.79 20140829 063043 20140928 063043
19.55 59 20140904 112138 20141004 112138
4.66 41.6 20140819 090923 20140918 090923
22.51 53.16 20141011 182438 20141110 182438
-4.29 41.91 20141029 230224 20141128 230224
-2.97 54.58 20141008 232902 20141107 232902
2.4 46.06 20141012 131104 20141111 131104
