8.43 64.46 20110520 120922 20110619 120922
2.7 63.94 20110324 141716 20110423 141716
2.48 67.71 20110316 060350 20110415 060350
13.62 60.55 20110218 103703 20110320 103703
2.3 68.74 20110327 221850 20110426 221850
6.54 57 20110106 133955 20110205 133955
9.06 64.34 20110404 175045 20110504 175045
16.47 54.36 20110311 023018 20110410 023018
36.09 55.95 20110213 173755 20110315 173755
24.74 52.08 20110325 184138 20110424 184138
27.6 65.71 20110113 031943 20110212 031943
25.77 66.25 20110531 154621 20110630 154621
13.72 57.4 20110228 032123 20110330 032123
34.17 60.47 20110525 172220 20110624 172220
24.02 64.54 20110127 220250 20110226 220250
20.89 69.5 20110217 074333 20110319 074333
6.32 57.38 20110205 235019 20110307 235019
7.47 58.92 20110117 134629 20110216 134629
28.11 61.12 20110130 090822 20110301 090822
24.54 62.66 20110126 090718 20110225 090718
4.29 63.14 20110318 221105 20110417 221105
2.94 59.3 20110224 001634 20110326 001634
4.5 51.99 20110503 154310 20110602 154310
14.87 64.81 20110322 114459 20110421 114459
36.65 67.93 20110410 064801 20110510 064801
36.87 53.8 20110519 043602 20110618 043602
3.31 58.42 20110119 154019 20110218 154019
35.42 64.25 20110218 141224 20110320 141224
11.3 51.01 20110305 120009 20110404 120009
18.04 65.79 20110514 110349 20110613 110349
31.86 66.63 20110522 195505 20110621 195505
26.48 56.06 20110114 231831 20110213 231831
23.71 65.6 20110327 224353 20110426 224353
34.47 51.67 20110215 052919 20110317 052919
16.45 52.82 20110331 003640 20110430 003640
6.83 66.88 20110202 023026 20110304 023026
35.99 62.77 20110116 071613 20110215 071613
32.91 61.22 20110410 005354 20110510 005354
26.97 69.06 20110310 062851 20110409 062851
5.26 65.66 20110320 210224 20110419 210224
31.49 53.43 20110406 183938 20110506 183938
20.41 51.48 20110122 024627 20110221 024627
24.47 55.91 20110517 200028 20110616 200028
12.37 57.25 20110118 071355 20110217 071355
29.82 64.69 20110318 011334 20110417 011334
2.55 65.75 20110325 045235 20110424 045235
11.28 69.12 20110520 114154 20110619 114154
17.5 59.75 20110426 014037 20110526 014037
22.34 55.38 20110105 130035 20110204 130035
15.97 57.79 20110420 093331 20110520 093331
29.96 66.76 20110109 093349 20110208 093349
17 67.67 20110312 125913 20110411 125913
6.73 62.01 20110511 174448 20110610 174448
17.57 51.71 20110524 085205 20110623 085205
2.97 51.31 20110125 233517 20110224 233517
23.18 52.29 20110423 175738 20110523 175738
23.62 55.53 20110108 075335 20110207 075335
32.51 51.68 20110408 132242 20110508 132242
17.12 66.58 20110405 152210 20110505 152210
9.93 56.63 20110209 180016 20110311 180016
15.75 68 20110520 104324 20110619 104324
9.79 63.3 20110421 004049 20110521 004049
3.06 59.15 20110223 143127 20110325 143127
19.06 53.24 20110228 130433 20110330 130433
34.35 64.6 20110507 100413 20110606 100413
23.92 59.57 20110202 034643 20110304 034643
25.01 62.48 20110515 071625 20110614 071625
29.65 66.57 20110123 170425 20110222 170425
16.57 56.73 20110331 164340 20110430 164340
27.87 60.49 20110408 105501 20110508 105501
8.52 67.09 20110417 095950 20110517 095950
16.51 59.56 20110519 071816 20110618 071816
33.35 65.72 20110201 191009 20110303 191009
19.68 52.99 20110224 144648 20110326 144648
16.73 58.6 20110201 023758 20110303 023758
8.95 59.24 20110312 155640 20110411 155640
20.7 51.72 20110115 033822 20110214 033822
2.24 57.62 20110413 112443 20110513 112443
34.55 59.19 20110322 111622 20110421 111622
22.08 67.34 20110407 211014 20110507 211014
21.72 57.97 20110115 160909 20110214 160909
27.43 52.75 20110530 095702 20110629 095702
2.93 55.75 20110422 153144 20110522 153144
16.61 61.08 20110103 213134 20110202 213134
5.1 69.4 20110307 005754 20110406 005754
27.87 63.27 20110405 080457 20110505 080457
33.58 69.54 20110413 233833 20110513 233833
21.04 63.41 20110130 180942 20110301 180942
30.01 62.19 20110527 072146 20110626 072146
16.17 52.24 20110330 111941 20110429 111941
16.31 53.83 20110403 050506 20110503 050506
21.66 67.44 20110318 113007 20110417 113007
29.55 67.06 20110525 231107 20110624 231107
19.19 53.47 20110120 211505 20110219 211505
11.86 58.81 20110213 102632 20110315 102632
32.24 66.25 20110107 051501 20110206 051501
14.87 66.43 20110221 172129 20110323 172129
17.39 68.61 20110209 104221 20110311 104221
25.47 59.97 20110409 133534 20110509 133534
27.42 64.69 20110509 024421 20110608 024421
10.13 61.95 20110305 230821 20110404 230821
25.82 62.34 20110422 174725 20110522 174725
9.48 56.31 20110304 152353 20110403 152353
18.54 55.26 20110416 045519 20110516 045519
13.78 54.03 20110414 123722 20110514 123722
29.99 58.63 20110308 124927 20110407 124927
12.96 51.16 20110112 053655 20110211 053655
16.99 55.44 20110127 100201 20110226 100201
35.19 69.37 20110423 050641 20110523 050641
17.94 54.47 20110306 043320 20110405 043320
21.29 63.22 20110524 004029 20110623 004029
28.97 55.98 20110131 192514 20110302 192514
2.99 52.35 20110505 053106 20110604 053106
28.28 66.31 20110302 072402 20110401 072402
22.74 53.63 20110117 151145 20110216 151145
25.07 68.24 20110219 234057 20110321 234057
8.87 57.17 20110312 134516 20110411 134516
2.72 51.84 20110118 205305 20110217 205305
23.88 53.14 20110209 214341 20110311 214341
5.56 60.5 20110308 074131 20110407 074131
7.28 64.62 20110215 040648 20110317 040648
33.1 60.34 20110514 225434 20110613 225434
11.48 59.47 20110510 225036 20110609 225036
16.8 51.76 20110320 052806 20110419 052806
3.99 55.43 20110521 144902 20110620 144902
24.44 55.59 20110323 090014 20110422 090014
3.42 54.02 20110208 233642 20110310 233642
36.24 66.93 20110425 082712 20110525 082712
14.95 54.45 20110309 090856 20110408 090856
2.89 59.37 20110228 001032 20110330 001032
28.65 51.62 20110215 101924 20110317 101924
19.3 68.34 20110425 153549 20110525 153549
16.67 54.22 20110422 053242 20110522 053242
32.52 69.53 20110505 071038 20110604 071038
31.62 54.61 20110223 020057 20110325 020057
30.53 54.04 20110328 041229 20110427 041229
11.68 57.96 20110216 141432 20110318 141432
3.3 51.78 20110121 073307 20110220 073307
7.23 64.52 20110409 010117 20110509 010117
17.17 55.92 20110201 034000 20110303 034000
36.81 55.36 20110325 044518 20110424 044518
28.95 64.13 20110503 163236 20110602 163236
30.86 51.39 20110415 141629 20110515 141629
26.16 54.42 20110425 160629 20110525 160629
14.83 66.92 20110518 223452 20110617 223452
17.59 64.87 20110412 015352 20110512 015352
10.99 60.93 20110202 073756 20110304 073756
35.11 54.85 20110327 232021 20110426 232021
2.59 61.42 20110216 182058 20110318 182058
10.05 55.56 20110215 014516 20110317 014516
24.67 60.39 20110109 071600 20110208 071600
10.17 54.27 20110422 000925 20110522 000925
7.78 58.94 20110126 161857 20110225 161857
11.56 56.96 20110131 202057 20110302 202057
16.34 61.65 20110217 112221 20110319 112221
36.79 58.49 20110318 094002 20110417 094002
27.55 65.41 20110409 020732 20110509 020732
2.8 60.83 20110409 184308 20110509 184308
3.9 59.83 20110502 135446 20110601 135446
31.04 62.1 20110430 201519 20110530 201519
28.95 58.11 20110310 055152 20110409 055152
35.84 53.97 20110511 235100 20110610 235100
27.71 58.8 20110527 100240 20110626 100240
32.87 57.34 20110320 034230 20110419 034230
12.17 53.37 20110129 180342 20110228 180342
21.74 58.7 20110421 043719 20110521 043719
28.48 69.2 20110223 224936 20110325 224936
26.08 68.96 20110427 065641 20110527 065641
23.69 68.73 20110205 115245 20110307 115245
22.23 65.06 20110203 041402 20110305 041402
33.66 52.53 20110210 033634 20110312 033634
25.02 51.6 20110317 142230 20110416 142230
15.35 54.7 20110523 105222 20110622 105222
24.12 56.86 20110114 080027 20110213 080027
18 53.35 20110309 082825 20110408 082825
7.39 66.43 20110130 195406 20110301 195406
35.91 66.02 20110111 171550 20110210 171550
19.76 56.12 20110413 065950 20110513 065950
3.26 54.86 20110521 131825 20110620 131825
9.31 53.34 20110512 012131 20110611 012131
13.58 65.53 20110213 011852 20110315 011852
11.3 59.12 20110213 232927 20110315 232927
10.48 69.66 20110430 112731 20110530 112731
18.78 59.74 20110123 200122 20110222 200122
13.18 55.83 20110419 212720 20110519 212720
18.74 67.86 20110413 230320 20110513 230320
13.66 63.52 20110304 124703 20110403 124703
5.05 67.92 20110207 215517 20110309 215517
36.92 64.95 20110519 182359 20110618 182359
12.6 51.9 20110129 112932 20110228 112932
24.42 54.51 20110408 075923 20110508 075923
5.85 65.39 20110423 143935 20110523 143935
4.16 51.8 20110127 083918 20110226 083918
6.45 57.61 20110113 112453 20110212 112453
32.67 54.59 20110221 055638 20110323 055638
2.49 56.9 20110408 090507 20110508 090507
17.79 64.03 20110113 142405 20110212 142405
18.53 54.15 20110318 015446 20110417 015446
12.91 63.95 20110228 222709 20110330 222709
2.86 62.38 20110404 175206 20110504 175206
17.58 59.02 20110326 023147 20110425 023147
6.23 56.88 20110426 180029 20110526 180029
23.25 53.88 20110320 005500 20110419 005500
36.75 53.57 20110421 170421 20110521 170421
21.38 68.61 20110113 085931 20110212 085931
27.29 58.9 20110207 042819 20110309 042819
8.15 53.25 20110309 032727 20110408 032727
34.66 53.12 20110505 085915 20110604 085915
5.88 55.65 20110303 215051 20110402 215051
2.63 54.76 20110305 182020 20110404 182020
20.29 68.29 20110325 191305 20110424 191305
21.82 54.49 20110425 094950 20110525 094950
15.72 69.81 20110227 004942 20110329 004942
36.09 66.75 20110113 083150 20110212 083150
11.55 63.18 20110427 180651 20110527 180651
2.71 61.49 20110408 013851 20110508 013851
34.11 64.4 20110518 054515 20110617 054515
2.28 60.97 20110520 071522 20110619 071522
17.66 58.05 20110315 085322 20110414 085322
24.41 55.29 20110105 002401 20110204 002401
27.95 51.54 20110422 141255 20110522 141255
25.88 60.33 20110403 135454 20110503 135454
10.21 59 20110123 070023 20110222 070023
14.71 56.99 20110314 210006 20110413 210006
34.23 51.51 20110214 153347 20110316 153347
31.11 55.71 20110212 010106 20110314 010106
3.3 61.23 20110406 085716 20110506 085716
23.72 54.61 20110508 192302 20110607 192302
16.35 62.55 20110117 210256 20110216 210256
8.35 64.14 20110325 230220 20110424 230220
3.37 51.89 20110513 050751 20110612 050751
16.34 63.17 20110520 021909 20110619 021909
15.59 52.42 20110301 115640 20110331 115640
32.55 64.11 20110516 032253 20110615 032253
3.88 51.92 20110122 234336 20110221 234336
30.62 52.61 20110502 222854 20110601 222854
18.1 63.82 20110505 212055 20110604 212055
26.13 60.92 20110413 024522 20110513 024522
15.9 51.37 20110424 141823 20110524 141823
17.44 56.78 20110104 061242 20110203 061242
33.68 68.46 20110409 172348 20110509 172348
27.2 57.93 20110327 064024 20110426 064024
5.56 68.57 20110203 025959 20110305 025959
26.27 56.14 20110206 122826 20110308 122826
35.87 67.04 20110403 195104 20110503 195104
36.94 64.1 20110211 124749 20110313 124749
3.79 62.74 20110415 202918 20110515 202918
18.92 51.74 20110110 164930 20110209 164930
33.41 63.53 20110222 212914 20110324 212914
17.66 52.07 20110418 224802 20110518 224802
6.94 57.89 20110106 031714 20110205 031714
6.22 61 20110317 060842 20110416 060842
3.24 59.52 20110302 130940 20110401 130940
22.59 60.72 20110427 023610 20110527 023610
24.94 66.55 20110519 190927 20110618 190927
30.85 54.26 20110518 044707 20110617 044707
3.04 59.66 20110227 134246 20110329 134246
24.47 62.62 20110125 172251 20110224 172251
20.87 67.06 20110328 062034 20110427 062034
14.58 66.23 20110520 211137 20110619 211137
36 60.81 20110106 162426 20110205 162426
9.38 64.32 20110202 000130 20110304 000130
29.23 58.23 20110113 053243 20110212 053243
8.02 61.34 20110519 004616 20110618 004616
6.31 52.78 20110213 170459 20110315 170459
2.83 51.57 20110119 084045 20110218 084045
14.52 53.54 20110301 115702 20110331 115702
26.19 65.96 20110226 021449 20110328 021449
28.41 66.39 20110206 141031 20110308 141031
35.12 66.87 20110308 101536 20110407 101536
11.95 69.11 20110221 040830 20110323 040830
9.11 66.6 20110320 201659 20110419 201659
35.26 66.53 20110203 173657 20110305 173657
17.69 61.75 20110518 190638 20110617 190638
7.79 51.91 20110217 010538 20110319 010538
27.42 56.76 20110129 054318 20110228 054318
23.01 64.28 20110526 122028 20110625 122028
25.99 66.49 20110509 032803 20110608 032803
32.97 57.88 20110228 130403 20110330 130403
15.57 65.72 20110302 051011 20110401 051011
19.88 58.02 20110319 052856 20110418 052856
26.35 65.22 20110216 222341 20110318 222341
6.01 52.55 20110218 085801 20110320 085801
25.75 64.56 20110309 210850 20110408 210850
15.12 52.32 20110224 132657 20110326 132657
36.32 66.98 20110329 031120 20110428 031120
13.11 56.09 20110214 144653 20110316 144653
33.29 60.01 20110130 190213 20110301 190213
10.73 65.07 20110112 133530 20110211 133530
9.04 51.9 20110116 191400 20110215 191400
3.64 55.2 20110131 224141 20110302 224141
12.5 51.06 20110515 075628 20110614 075628
36.83 60.06 20110515 124036 20110614 124036
34.29 56.1 20110531 102635 20110630 102635
8.11 52.29 20110526 020840 20110625 020840
24.83 67.02 20110422 182906 20110522 182906
6.41 62.31 20110502 160842 20110601 160842
20.78 58.29 20110501 021034 20110531 021034
7.08 51.4 20110321 223201 20110420 223201
11.1 55.98 20110530 021552 20110629 021552
24.03 55.65 20110207 002821 20110309 002821
28.91 69.68 20110202 173424 20110304 173424
26.37 68.06 20110422 102500 20110522 102500
36.74 54.5 20110114 221320 20110213 221320
5.15 63.22 20110110 024003 20110209 024003
15.67 69.44 20110106 034931 20110205 034931
22.62 55.51 20110106 153218 20110205 153218
13.81 53.94 20110204 084110 20110306 084110
33.85 56.4 20110409 115806 20110509 115806
14.86 63.22 20110327 041121 20110426 041121
30.11 57.63 20110510 131026 20110609 131026
3.16 62.31 20110205 215713 20110307 215713
16.92 66.14 20110513 025700 20110612 025700
36.53 60.11 20110115 225837 20110214 225837
34.37 53.37 20110430 202005 20110530 202005
12.75 68.35 20110219 125910 20110321 125910
7.18 51.84 20110204 055849 20110306 055849
11.2 67.77 20110301 184506 20110331 184506
32.35 64.05 20110525 145522 20110624 145522
28.01 57.85 20110105 094812 20110204 094812
23.19 60.33 20110120 083003 20110219 083003
8.14 51.26 20110208 051954 20110310 051954
3.25 69.84 20110218 215838 20110320 215838
23.49 60.21 20110501 153312 20110531 153312
36.34 57.43 20110206 115156 20110308 115156
36.76 60.07 20110316 215308 20110415 215308
6.05 64.07 20110312 235713 20110411 235713
19.14 67.84 20110521 211710 20110620 211710
18.77 61.66 20110513 075206 20110612 075206
17.41 62.25 20110517 005110 20110616 005110
13.92 57.57 20110202 173555 20110304 173555
28.19 56.09 20110112 005223 20110211 005223
27.38 52.17 20110327 161626 20110426 161626
5.66 67 20110407 030420 20110507 030420
36.06 51.24 20110526 143133 20110625 143133
3.6 53.95 20110109 091110 20110208 091110
4.86 62.33 20110531 091958 20110630 091958
13.74 59.8 20110508 103018 20110607 103018
18.83 53.06 20110318 021549 20110417 021549
29.74 51.52 20110316 120653 20110415 120653
4.38 53.44 20110324 041945 20110423 041945
11.84 59.89 20110502 181711 20110601 181711
26.59 63.27 20110421 040225 20110521 040225
9.35 55.7 20110502 031930 20110601 031930
29.92 66.07 20110127 013555 20110226 013555
15.55 57.71 20110427 200659 20110527 200659
18.38 57.95 20110317 221044 20110416 221044
19.48 55.16 20110115 034519 20110214 034519
31.17 64.92 20110516 152144 20110615 152144
36.66 54.5 20110205 100420 20110307 100420
20.36 62.52 20110414 073217 20110514 073217
10.86 53.38 20110406 100817 20110506 100817
13.84 66.6 20110515 171116 20110614 171116
10.81 61.83 20110522 104636 20110621 104636
7.92 58.61 20110405 142238 20110505 142238
22.19 66.9 20110126 155618 20110225 155618
12.32 68.97 20110110 230304 20110209 230304
