157.39 -11.75 20121026 182422 20121125 182422
130.53 -14.37 20121016 031041 20121115 031041
123.22 -24.5 20120812 170530 20120911 170530
126.81 4.06 20120807 174102 20120906 174102
148.78 -4.23 20121029 234900 20121128 234900
118.23 -16.86 20120928 161659 20121028 161659
149.94 -2.35 20120807 220318 20120906 220318
152.76 -15.57 20121103 191910 20121203 191910
120.09 -22.1 20120902 202907 20121002 202907
135.36 4.83 20121014 180134 20121113 180134
143.98 -2.8 20120905 125222 20121005 125222
148.11 -23.9 20121130 171552 20121230 171552
148 -9.73 20121005 162538 20121104 162538
118.31 -3.12 20121003 225844 20121102 225844
137.39 -25.73 20120829 105222 20120928 105222
116.66 -12.94 20120818 013413 20120917 013413
156.56 -9.56 20120925 014055 20121025 014055
118.86 -2.1 20121002 025957 20121101 025957
145.69 -27.84 20121121 185536 20121221 185536
130.97 -18.91 20121119 121902 20121219 121902
137.17 -15.49 20121014 035106 20121113 035106
124.04 -29.84 20121028 080702 20121127 080702
117.4 -25.75 20120813 030440 20120912 030440
113.56 -22.68 20121013 190306 20121112 190306
127.53 -14.79 20120913 233552 20121013 233552
117.42 -22.29 20120828 072249 20120927 072249
128.26 -30.24 20121022 085822 20121121 085822
130.88 -27.33 20121102 011828 20121202 011828
117.58 0.47 20120916 003703 20121016 003703
116.32 -17.88 20121112 020051 20121212 020051
132.65 -31.04 20120905 031107 20121005 031107
155.77 -18.31 20121119 224537 20121219 224537
134.69 -14.23 20120806 185832 20120905 185832
119.95 -30.6 20121017 014515 20121116 014515
148.62 -6.71 20120806 141249 20120905 141249
156.37 4.23 20120823 123008 20120922 123008
142.07 0.95 20121010 171412 20121109 171412
138.34 2.95 20121007 100008 20121106 100008
131.82 -4.26 20120816 083939 20120915 083939
142.98 -26.36 20120805 022810 20120904 022810
131.85 -21.38 20121030 214452 20121129 214452
158.29 -5.25 20120827 104406 20120926 104406
123.85 -21.91 20121007 011018 20121106 011018
132.73 3.14 20120824 191239 20120923 191239
141.71 -13.05 20120921 171224 20121021 171224
153.14 -32.41 20120905 143204 20121005 143204
135.55 -1.46 20121020 171200 20121119 171200
127.27 -34.1 20121122 193127 20121222 193127
117.67 -12.09 20120914 043216 20121014 043216
115.06 -9.09 20120824 233736 20120923 233736
143.84 2.19 20120824 191005 20120923 191005
154.73 -24.36 20121106 114536 20121206 114536
156.45 -3.59 20120906 001849 20121006 001849
113.33 -0.54 20121005 214411 20121104 214411
138.88 -12.83 20120911 213834 20121011 213834
150.07 -14.48 20121012 184143 20121111 184143
155.85 -5.64 20120828 113302 20120927 113302
120.77 -26.3 20120811 203602 20120910 203602
150.39 -25.18 20120923 211715 20121023 211715
158.53 -31.15 20121128 205253 20121228 205253
140.35 -24.11 20121101 202737 20121201 202737
116.3 -5.24 20121119 014847 20121219 014847
143.96 -23.09 20120807 222926 20120906 222926
137.71 -3.79 20121028 072337 20121127 072337
145.76 4.45 20120830 110504 20120929 110504
145.93 -2 20121112 134146 20121212 134146
133.04 2.52 20121004 214049 20121103 214049
139.34 -26.48 20120928 030551 20121028 030551
139.58 -33.51 20121021 153038 20121120 153038
150.9 -22.93 20120916 005938 20121016 005938
121.98 -12.52 20121104 070513 20121204 070513
121.34 -4.77 20120906 083924 20121006 083924
122.83 -26.83 20121019 112313 20121118 112313
144.68 -23.28 20121029 210720 20121128 210720
143.59 -17.97 20120805 125633 20120904 125633
148.14 -34.08 20120811 123556 20120910 123556
138.26 -30.48 20120907 154933 20121007 154933
128.39 -4.46 20121011 220935 20121110 220935
116.52 -21.25 20121018 150612 20121117 150612
149.5 -17.88 20121130 020915 20121230 020915
142.53 -22.44 20120817 030334 20120916 030334
149.34 -16.32 20121020 125432 20121119 125432
133.83 -11.63 20121029 010258 20121128 010258
149.32 -29.6 20121028 200005 20121127 200005
138.93 -1.12 20120925 040841 20121025 040841
156.92 -22.99 20120925 031550 20121025 031550
138.51 -17.12 20120909 130708 20121009 130708
115.2 -30.97 20120922 194756 20121022 194756
147.11 -33.57 20121123 223025 20121223 223025
141.33 2.04 20121030 170449 20121129 170449
115.11 -21.94 20120812 004937 20120911 004937
155.72 1.31 20121002 190928 20121101 190928
157.15 -0.2 20121129 020934 20121229 020934
123.49 -5.84 20120903 012523 20121003 012523
119.47 -29.56 20120904 223842 20121004 223842
118.27 -23.78 20120901 185253 20121001 185253
153.42 -28.56 20121027 055051 20121126 055051
146.58 -7.37 20121123 180303 20121223 180303
146.59 -23.35 20121028 224020 20121127 224020
145.58 -6.5 20120921 173258 20121021 173258
147.16 -23.71 20121001 035921 20121031 035921
153.73 -14.85 20121127 060556 20121227 060556
147.1 -19.02 20121106 182221 20121206 182221
124.15 -15.96 20121007 042606 20121106 042606
152 -14.65 20120810 143956 20120909 143956
122.42 -31.28 20120901 064148 20121001 064148
142.53 -28.08 20121016 194314 20121115 194314
139.8 -24.1 20120814 235756 20120913 235756
124.72 -11.07 20120812 230836 20120911 230836
132.64 -1.31 20120806 134602 20120905 134602
136.8 -31.4 20121121 163941 20121221 163941
145.3 -17.1 20120904 071828 20121004 071828
115.31 -18.68 20120806 172611 20120905 172611
116.68 3.08 20120914 044115 20121014 044115
117.79 -2.48 20120925 202205 20121025 202205
135.87 -4.24 20120929 173804 20121029 173804
118.75 -9.32 20121117 061805 20121217 061805
121.07 -8.32 20120926 051332 20121026 051332
149.17 -19.02 20121008 164937 20121107 164937
135.41 -7.37 20120822 054648 20120921 054648
114.88 -7.55 20121117 151003 20121217 151003
124.7 -4.49 20121011 211549 20121110 211549
158.43 -0.22 20120821 122840 20120920 122840
142.39 -26.08 20121009 235705 20121108 235705
123.28 -16.92 20120813 061314 20120912 061314
119.63 -17.69 20120815 065140 20120914 065140
132.71 -31.36 20120922 200004 20121022 200004
124.94 -3.38 20121011 192208 20121110 192208
157.41 -25.11 20121016 031704 20121115 031704
137.82 -11.55 20120922 011546 20121022 011546
140.06 -3.16 20120906 223815 20121006 223815
157.3 -17.01 20121017 234121 20121116 234121
139.2 -18.14 20120810 234826 20120909 234826
128.32 -13.56 20121110 182817 20121210 182817
117.35 -7.99 20120817 175830 20120916 175830
113.94 -10.43 20121007 211446 20121106 211446
149.6 -21.2 20121014 231823 20121113 231823
113.88 -22.81 20121122 192239 20121222 192239
136 2.12 20120926 114515 20121026 114515
138.97 -0.02 20121029 125928 20121128 125928
143.44 -4.43 20121124 215211 20121224 215211
133.92 -15.08 20121010 073031 20121109 073031
129.03 -21.33 20121110 123329 20121210 123329
156.28 3.41 20120817 172612 20120916 172612
134.19 -0.19 20120815 202856 20120914 202856
151.39 -15.1 20121007 200517 20121106 200517
127.49 -25.62 20120814 171809 20120913 171809
128.77 -29.93 20121011 095223 20121110 095223
156.16 -1.03 20121004 043113 20121103 043113
127.95 -29.35 20121021 182513 20121120 182513
130.24 -9.64 20121112 000228 20121212 000228
134.26 -32.56 20121111 161553 20121211 161553
134.75 -27.79 20120925 150616 20121025 150616
113.35 -10.65 20121011 111147 20121110 111147
152.59 -31.48 20120812 190406 20120911 190406
134.05 1.79 20120812 031350 20120911 031350
143.63 -0.25 20120805 152118 20120904 152118
132.8 -3.24 20121106 030324 20121206 030324
147.24 -23.66 20121014 200759 20121113 200759
140.18 -27.4 20120927 174029 20121027 174029
142.31 -11.05 20120917 043412 20121017 043412
122.54 -15.82 20120814 024150 20120913 024150
140.36 -8.45 20121116 061331 20121216 061331
156.8 -12.82 20121009 182633 20121108 182633
157.77 -14.53 20121012 194022 20121111 194022
135.54 2.23 20121018 202818 20121117 202818
115.05 -33.48 20121101 042841 20121201 042841
137.71 -33.98 20120901 002048 20121001 002048
136.62 -16.21 20120906 152613 20121006 152613
117.79 -14.57 20121010 150830 20121109 150830
130.46 -0.78 20120930 132655 20121030 132655
145.77 -14.71 20121121 140943 20121221 140943
154.04 3.67 20121125 050614 20121225 050614
121.48 -0.63 20120804 210836 20120903 210836
150.21 -6.26 20120806 061012 20120905 061012
151.77 -0.59 20121124 024535 20121224 024535
148.89 -23.94 20121102 093545 20121202 093545
145.44 -34.25 20120811 194339 20120910 194339
133.62 -22.78 20120913 192041 20121013 192041
144.82 -31.97 20121030 002800 20121129 002800
130.35 -1.46 20120828 031430 20120927 031430
130.56 -0.13 20121107 180524 20121207 180524
130.29 -3.35 20120927 213807 20121027 213807
158.19 4.83 20120825 112659 20120924 112659
112.97 -26.59 20121008 023849 20121107 023849
156.71 -28.1 20121102 154520 20121202 154520
129.13 -16.52 20120906 070421 20121006 070421
134.54 -11.08 20120922 233944 20121022 233944
133.76 -34.31 20120813 135919 20120912 135919
144.53 -11.1 20120902 233253 20121002 233253
133.39 -15.33 20121026 163628 20121125 163628
145.5 -33.07 20120920 094735 20121020 094735
120.63 -14.95 20120928 054614 20121028 054614
154.06 -32.55 20121101 093013 20121201 093013
125.27 -27.84 20120902 125253 20121002 125253
151.79 -12.27 20121104 134221 20121204 134221
124.82 -20.21 20120908 000753 20121008 000753
131 -29.66 20120828 063639 20120927 063639
150.7 -16.5 20121018 081120 20121117 081120
153.04 2.68 20120923 113956 20121023 113956
138.71 -32.91 20120912 144215 20121012 144215
154.05 2.38 20120807 094738 20120906 094738
132.29 -20.55 20121115 012556 20121215 012556
119.68 -27.19 20121020 034838 20121119 034838
157.24 4.04 20121023 062811 20121122 062811
134.27 -10.37 20120812 092712 20120911 092712
138.83 -10.09 20120909 205444 20121009 205444
156.97 -17.34 20120820 034931 20120919 034931
141.86 -30.49 20120810 181135 20120909 181135
133.11 -2.79 20120918 131216 20121018 131216
134.71 -30.42 20121015 002606 20121114 002606
135.08 -11.84 20120919 080533 20121019 080533
120.39 -23.44 20120928 090326 20121028 090326
115.95 -24.81 20121011 214931 20121110 214931
120.28 -1.23 20121115 081140 20121215 081140
120.28 -26.9 20120916 175401 20121016 175401
126.14 -34.47 20121127 191020 20121227 191020
139.06 -10.71 20121110 120458 20121210 120458
120.04 -18.56 20120829 235909 20120928 235909
135.55 -14.79 20121114 010759 20121214 010759
121.91 -33.15 20121124 192634 20121224 192634
129.27 -0.93 20120908 115734 20121008 115734
124.52 4.31 20121005 054009 20121104 054009
119.4 -13.6 20121128 040349 20121228 040349
130.23 -1.96 20121003 053016 20121102 053016
153.13 -1.51 20120916 125147 20121016 125147
139.59 -23.08 20121107 230856 20121207 230856
155.15 1.38 20120805 131744 20120904 131744
139.64 -19.73 20121124 182140 20121224 182140
158.86 -20.14 20121005 122626 20121104 122626
153.92 -16.85 20121120 152037 20121220 152037
127.42 -33.78 20120907 071819 20121007 071819
138.06 -6.93 20120916 053000 20121016 053000
150.23 -13.69 20120927 102305 20121027 102305
129.23 1.48 20120916 172740 20121016 172740
116.58 -16.02 20121012 003942 20121111 003942
150.11 -23.57 20121030 162157 20121129 162157
139.12 -5.67 20120813 160944 20120912 160944
148.21 -25.55 20121120 211433 20121220 211433
157.73 -19.47 20121027 080802 20121126 080802
121.77 -12.04 20120905 144905 20121005 144905
158.69 -26.76 20121108 135825 20121208 135825
141.54 -0.28 20121028 010754 20121127 010754
131.38 -30.56 20121118 081644 20121218 081644
158.64 -21.14 20120827 091751 20120926 091751
152.93 -16.45 20120913 081215 20121013 081215
148.61 -24.32 20120907 131842 20121007 131842
152.26 -32.73 20120925 212614 20121025 212614
139.52 -11.81 20121129 193854 20121229 193854
154.47 -30.77 20121030 115504 20121129 115504
127.98 -9.68 20121114 132302 20121214 132302
156.77 -24.66 20121129 012508 20121229 012508
114.48 -23.79 20121120 214714 20121220 214714
143.51 5 20120914 051839 20121014 051839
155.11 -20.89 20121129 062743 20121229 062743
149.81 -12.87 20120823 191506 20120922 191506
116.73 -16.84 20121129 121704 20121229 121704
155.04 -20.88 20121102 232156 20121202 232156
117.7 -5.58 20121122 042126 20121222 042126
141.27 -25.05 20120824 170753 20120923 170753
126.05 -17.34 20120930 054917 20121030 054917
123.13 -13.01 20120805 072848 20120904 072848
113.56 -0.7 20120807 223000 20120906 223000
146.98 2.27 20120818 070041 20120917 070041
122.03 -34.75 20120806 015712 20120905 015712
150.14 -7.59 20121102 200311 20121202 200311
137.68 -29.95 20120926 063503 20121026 063503
133.93 -13.96 20121113 161850 20121213 161850
141.16 -1.7 20121002 210018 20121101 210018
135.28 -11.24 20120911 140946 20121011 140946
127.96 -8.98 20120902 004515 20121002 004515
116.2 -18.17 20120919 174434 20121019 174434
157.91 -9.16 20120906 014032 20121006 014032
138.08 1.88 20120901 031559 20121001 031559
117.85 -19.49 20120928 074512 20121028 074512
153.33 -26.5 20120906 033926 20121006 033926
119.27 4.04 20121018 125337 20121117 125337
123.83 1.8 20121117 232249 20121217 232249
127.45 -15.83 20121023 195511 20121122 195511
149.49 -20.29 20121107 170145 20121207 170145
115.97 1.61 20120907 111551 20121007 111551
142.91 -6.04 20121001 025959 20121031 025959
121.05 -11.39 20121025 165940 20121124 165940
143.31 -26.83 20120817 051716 20120916 051716
134.31 -28.23 20121128 132427 20121228 132427
136.9 -23.13 20120825 035910 20120924 035910
135.05 -23.24 20121021 025008 20121120 025008
124.5 2.94 20121121 201847 20121221 201847
119.8 -32.21 20121201 021030 20121231 021030
130.43 -32.4 20121031 193209 20121130 193209
152.43 -33.25 20121108 110046 20121208 110046
157.9 -11.11 20120923 145403 20121023 145403
122.52 -29.16 20120805 193732 20120904 193732
138.24 -28.83 20121014 211314 20121113 211314
153.23 -25.51 20121013 233623 20121112 233623
136.13 -26.76 20120905 220905 20121005 220905
130.46 -15.95 20121109 160658 20121209 160658
135.78 -12.5 20121031 224237 20121130 224237
150.09 -33.9 20121004 065155 20121103 065155
142.64 -21.56 20121107 091150 20121207 091150
134.14 -14.76 20121007 132011 20121106 132011
153.37 -16.54 20121114 081933 20121214 081933
155.16 -32.51 20120818 113704 20120917 113704
126.34 -0.7 20120923 231612 20121023 231612
128.01 -6.37 20120910 053528 20121010 053528
136.35 -33.4 20120917 092839 20121017 092839
141.5 -34.23 20120812 214034 20120911 214034
119.47 -4.67 20121008 011019 20121107 011019
137.93 -34.8 20121028 192356 20121127 192356
152.36 -15.45 20120912 072313 20121012 072313
151.91 -8.28 20120811 210709 20120910 210709
143.31 2.99 20120805 190532 20120904 190532
133.1 3.61 20120825 134849 20120924 134849
141.92 -30.54 20120911 105648 20121011 105648
113.6 -20.75 20120809 034506 20120908 034506
113.97 -17.2 20120826 020635 20120925 020635
127.53 -28.59 20120909 073109 20121009 073109
134.45 -7.07 20121016 114609 20121115 114609
148.92 1.23 20120823 181512 20120922 181512
149.66 -28.18 20120922 021546 20121022 021546
158.86 0.85 20121026 202714 20121125 202714
121.06 -24.05 20121018 021057 20121117 021057
143.19 -2.78 20121105 001926 20121205 001926
151.06 -10.21 20121104 063352 20121204 063352
122.75 -4.6 20121011 004057 20121110 004057
139.33 -3.43 20120926 025544 20121026 025544
145.3 -14.51 20121102 194126 20121202 194126
143.97 -18 20120918 161249 20121018 161249
119.05 -33.9 20121127 150823 20121227 150823
147.53 -1.61 20120910 094009 20121010 094009
135.07 -23.33 20120916 001727 20121016 001727
125.74 -30.79 20121129 215253 20121229 215253
122.67 -9.69 20121014 020455 20121113 020455
148.33 -31.92 20121109 162816 20121209 162816
122.89 -1.3 20121031 134918 20121130 134918
120.34 -4.14 20121102 055505 20121202 055505
145.57 -11.61 20120823 213835 20120922 213835
140.24 -11.31 20121117 044923 20121217 044923
134.6 -7.73 20120819 201038 20120918 201038
144.29 -7.71 20120919 184354 20121019 184354
144.68 -22.88 20120918 153321 20121018 153321
133.74 -7.7 20120926 022046 20121026 022046
116.77 -32.95 20120823 181327 20120922 181327
115.75 -18.12 20120807 092248 20120906 092248
139.37 3.06 20120908 105224 20121008 105224
141.92 -6.03 20120928 204515 20121028 204515
158.19 -11.97 20120814 201754 20120913 201754
117.42 -17.1 20120902 004517 20121002 004517
146.07 -18.65 20121026 085602 20121125 085602
131.87 -24.05 20120907 020332 20121007 020332
122.88 -33.4 20121110 103518 20121210 103518
158.51 -27.76 20120919 135005 20121019 135005
123.71 0.95 20121114 133124 20121214 133124
113.36 -33.82 20120908 051155 20121008 051155
131.65 -17.79 20120825 023604 20120924 023604
125.53 -5.66 20120902 135133 20121002 135133
139.34 -15.74 20121118 192857 20121218 192857
