-100.18 54.5 20130313 140354 20130412 140354
-96.11 53.62 20130530 052741 20130629 052741
-88.57 35.17 20130531 020826 20130630 020826
-98.2 51.11 20130204 115651 20130306 115651
-88.2 35.97 20130308 122908 20130407 122908
-93.04 38.2 20130109 082427 20130208 082427
-87.3 54.87 20130505 225045 20130604 225045
-85.26 40.91 20130210 230051 20130312 230051
-96.12 46.41 20130209 033835 20130311 033835
-78.23 41.26 20130425 120053 20130525 120053
-103.42 43.75 20130313 085343 20130412 085343
-80.47 36.97 20130327 001955 20130426 001955
-94.44 39.79 20130123 005149 20130222 005149
-110.78 46.69 20130225 012355 20130327 012355
-77.09 48.39 20130105 194800 20130204 194800
-90.91 46.84 20130519 134149 20130618 134149
-102.21 51.86 20130126 064556 20130225 064556
-103.07 50.43 20130309 002831 20130408 002831
-105.74 50.36 20130306 112244 20130405 112244
-77.35 37.9 20130328 234053 20130427 234053
-87.28 40.4 20130104 064425 20130203 064425
-97.54 54.45 20130508 202818 20130607 202818
-77.09 36.96 20130311 113908 20130410 113908
-84.14 50.64 20130404 071111 20130504 071111
-105.76 52.27 20130414 140953 20130514 140953
-96.17 35.94 20130408 170134 20130508 170134
-98.72 36.71 20130427 005917 20130527 005917
-90.11 38.64 20130430 180645 20130530 180645
-84.13 48.18 20130318 043850 20130417 043850
-76.19 43.95 20130301 082523 20130331 082523
-97.08 46.72 20130312 033603 20130411 033603
-100.59 52.26 20130420 183945 20130520 183945
-89.25 43.34 20130503 114406 20130602 114406
-82.82 49.19 20130209 130218 20130311 130218
-100.18 35.11 20130514 112412 20130613 112412
-76.39 42.96 20130228 064118 20130330 064118
-108.28 40.13 20130216 191310 20130318 191310
-86.68 50.41 20130415 021824 20130515 021824
-89.48 38.31 20130126 155519 20130225 155519
-88.47 43.95 20130220 193534 20130322 193534
-107.85 42.6 20130201 045423 20130303 045423
-83.37 43.83 20130505 154743 20130604 154743
-89.01 48.99 20130205 014020 20130307 014020
-83.79 53.94 20130201 212949 20130303 212949
-79.38 46.17 20130523 082242 20130622 082242
-81.66 52.73 20130114 233254 20130213 233254
-90.2 48.06 20130307 190244 20130406 190244
-100.51 37.27 20130321 011119 20130420 011119
-96.2 47.89 20130215 141320 20130317 141320
-95.89 46.63 20130122 003008 20130221 003008
-87.18 46.96 20130511 233346 20130610 233346
-98.13 42.89 20130406 214705 20130506 214705
-106.5 35.18 20130419 014048 20130519 014048
-88.91 40.75 20130214 161514 20130316 161514
-104.35 38.55 20130423 060443 20130523 060443
-94.6 49.36 20130601 082932 20130701 082932
-86.19 42.7 20130316 143310 20130415 143310
-94.84 48.17 20130509 100354 20130608 100354
-94.41 39.02 20130512 180143 20130611 180143
-95.17 43.45 20130225 092639 20130327 092639
-101.63 45.52 20130220 121943 20130322 121943
-89.96 47.14 20130506 092628 20130605 092628
-99.52 54.5 20130311 231608 20130410 231608
-77.43 50.29 20130426 123231 20130526 123231
-85.92 35.34 20130204 183545 20130306 183545
-109.98 42.27 20130303 235634 20130402 235634
-90.51 43.34 20130219 151622 20130321 151622
-100.02 40.89 20130426 062224 20130526 062224
-108.24 49.11 20130129 070556 20130228 070556
-79.78 47.89 20130507 023628 20130606 023628
-88.44 39.72 20130325 152246 20130424 152246
-91.97 37.45 20130105 141815 20130204 141815
-85.88 54.32 20130103 215844 20130202 215844
-106.73 43.53 20130416 213809 20130516 213809
-78.72 44.36 20130403 011349 20130503 011349
-109.82 54.63 20130529 174849 20130628 174849
-105.01 35.23 20130118 193353 20130217 193353
-82.02 41.5 20130421 090700 20130521 090700
-77.75 45.31 20130411 115707 20130511 115707
-105.79 51.34 20130308 163148 20130407 163148
-77.92 41.65 20130519 061448 20130618 061448
-89.07 45.98 20130227 011641 20130329 011641
-99.21 48.48 20130328 093707 20130427 093707
-93.19 39.13 20130401 145152 20130501 145152
-106.14 41.9 20130305 040012 20130404 040012
-104.7 54.28 20130317 143010 20130416 143010
-102.49 45.54 20130301 145737 20130331 145737
-100.73 41.25 20130505 020755 20130604 020755
-89.23 47.49 20130517 215515 20130616 215515
-87.41 44.85 20130319 134141 20130418 134141
-80.59 49.74 20130205 012501 20130307 012501
-80.37 48.91 20130419 083344 20130519 083344
-84.93 38.03 20130220 152215 20130322 152215
-89.63 42.85 20130427 010929 20130527 010929
-99.53 37.69 20130413 041705 20130513 041705
-95.42 52.09 20130310 221557 20130409 221557
-83.57 36.56 20130114 042925 20130213 042925
-84.02 38.99 20130227 031437 20130329 031437
-98.65 48.28 20130325 200559 20130424 200559
-86.28 54.98 20130423 055055 20130523 055055
-87.76 44.93 20130523 110700 20130622 110700
-103.34 45.83 20130426 224936 20130526 224936
-80.36 44.18 20130210 073829 20130312 073829
-98.46 50.03 20130226 001107 20130328 001107
-98.14 38.77 20130115 070701 20130214 070701
-103.57 51.77 20130207 000842 20130309 000842
-78.01 41.35 20130430 164016 20130530 164016
-110.87 43.8 20130122 014913 20130221 014913
-93.18 52.1 20130302 052123 20130401 052123
-104.69 42.29 20130424 155546 20130524 155546
-90.04 51.56 20130405 233414 20130505 233414
-98.62 39.85 20130526 022836 20130625 022836
-106.41 50.05 20130510 234526 20130609 234526
-83.54 51.59 20130304 010735 20130403 010735
-76.47 41.06 20130505 165431 20130604 165431
-97.71 48.03 20130405 162413 20130505 162413
-81.06 49.92 20130309 151646 20130408 151646
-110.15 43.36 20130122 164634 20130221 164634
-89.01 45.8 20130218 113341 20130320 113341
-84.7 48.9 20130128 013113 20130227 013113
-108.08 43.44 20130328 062004 20130427 062004
-103.07 53.66 20130205 010319 20130307 010319
-96.53 53.96 20130106 075333 20130205 075333
-107.81 47.03 20130312 205329 20130411 205329
-90 49.47 20130314 112735 20130413 112735
-76.93 38.23 20130531 213144 20130630 213144
-86.06 42.69 20130526 130429 20130625 130429
-98.73 39.81 20130313 220616 20130412 220616
-99.32 41.39 20130326 171853 20130425 171853
-81.59 35.17 20130403 102656 20130503 102656
-88.47 54.99 20130201 083911 20130303 083911
-90.6 54.03 20130208 134644 20130310 134644
-88.58 50.06 20130521 203804 20130620 203804
-100.15 37.41 20130213 021912 20130315 021912
-86.7 50.42 20130529 034214 20130628 034214
-94.37 44.59 20130421 182916 20130521 182916
-84.16 46.15 20130509 145824 20130608 145824
-98.71 36.77 20130324 195843 20130423 195843
-108.3 45.9 20130422 183101 20130522 183101
-110.44 40.88 20130123 231938 20130222 231938
-105.36 50.9 20130430 233215 20130530 233215
-91.2 38.45 20130502 153231 20130601 153231
-86.33 43.58 20130527 111023 20130626 111023
-104.52 48.21 20130501 215802 20130531 215802
-94.31 51.85 20130413 151921 20130513 151921
-102.48 42.07 20130306 072750 20130405 072750
-81.06 49.94 20130417 051224 20130517 051224
-101.15 36.97 20130520 041229 20130619 041229
-78.39 53.22 20130119 162101 20130218 162101
-101.74 37.43 20130514 041018 20130613 041018
-100.51 53.22 20130502 113004 20130601 113004
-86.05 52.65 20130117 133948 20130216 133948
-91.32 53.85 20130409 072059 20130509 072059
-85.3 52.68 20130116 080125 20130215 080125
-101.5 46.28 20130110 152433 20130209 152433
-97.64 42.61 20130421 015644 20130521 015644
-86.16 42.67 20130109 211256 20130208 211256
-101.93 54.23 20130219 091645 20130321 091645
-89.63 40.75 20130510 015838 20130609 015838
-108.92 38.86 20130109 094123 20130208 094123
-107.29 43.2 20130515 024223 20130614 024223
-78.44 54.63 20130413 170051 20130513 170051
-82.92 42.51 20130430 163033 20130530 163033
-105.87 39.38 20130406 234728 20130506 234728
-97.12 36.92 20130411 202520 20130511 202520
-98.39 46 20130422 201342 20130522 201342
-86.7 41.56 20130128 050636 20130227 050636
-81.06 45.31 20130524 130935 20130623 130935
-102.96 41.1 20130209 141109 20130311 141109
-92.96 44.63 20130218 015240 20130320 015240
-94.03 37.8 20130224 095050 20130326 095050
-87.07 36.16 20130330 015229 20130429 015229
-92.41 50.12 20130427 110305 20130527 110305
-84.91 39.6 20130213 073252 20130315 073252
-81.11 45.28 20130509 200135 20130608 200135
-100.03 41.46 20130218 060137 20130320 060137
-87.47 50.74 20130524 103820 20130623 103820
-101.94 51.17 20130527 160500 20130626 160500
-106.63 44.86 20130123 050653 20130222 050653
-85.58 45.04 20130306 010356 20130405 010356
-90.33 44.2 20130207 195950 20130309 195950
-96.5 47.55 20130301 142710 20130331 142710
-100.89 46.57 20130208 183812 20130310 183812
-92.61 47.87 20130405 070719 20130505 070719
-85.28 43.81 20130512 073127 20130611 073127
-110.46 43.02 20130326 153036 20130425 153036
-100.86 47.97 20130519 091439 20130618 091439
-82.89 49.04 20130513 174034 20130612 174034
-91.57 43.64 20130519 053439 20130618 053439
-82.83 45.69 20130316 073327 20130415 073327
-90.4 42.84 20130128 211628 20130227 211628
-98.56 48.31 20130122 002831 20130221 002831
-94.28 49.58 20130326 155035 20130425 155035
-106.22 48.94 20130312 173001 20130411 173001
-80.79 47.73 20130429 000826 20130529 000826
-101.82 48.85 20130214 123359 20130316 123359
-107.61 48.8 20130523 011248 20130622 011248
-99.82 37.13 20130421 065451 20130521 065451
-85.53 46.1 20130305 033942 20130404 033942
-109.83 45.43 20130113 093016 20130212 093016
-97.44 44.31 20130308 113513 20130407 113513
-91.17 35.21 20130320 185907 20130419 185907
-81.52 38.42 20130405 052855 20130505 052855
-79.74 39.77 20130526 105909 20130625 105909
-81.08 53.44 20130125 200051 20130224 200051
-92.84 46.52 20130425 041036 20130525 041036
-86.93 50.67 20130311 031445 20130410 031445
-107.62 49.6 20130203 161959 20130305 161959
-92.9 45.92 20130217 205639 20130319 205639
-85.1 38.71 20130414 172524 20130514 172524
-102.49 42.57 20130203 175533 20130305 175533
-110.11 50.52 20130217 014247 20130319 014247
-107.15 50.92 20130309 041725 20130408 041725
-79.87 46.66 20130219 230015 20130321 230015
-86.41 49 20130109 123715 20130208 123715
-108.72 52.67 20130516 211129 20130615 211129
-94.07 39.19 20130209 010541 20130311 010541
-101.25 38.35 20130529 144739 20130628 144739
-86.32 39.19 20130127 091307 20130226 091307
-77.54 44.72 20130504 114442 20130603 114442
-82.51 35.83 20130226 175510 20130328 175510
-91.34 41.97 20130112 122258 20130211 122258
-99.27 45.61 20130518 200528 20130617 200528
-78.14 40.24 20130207 220552 20130309 220552
-82.04 38.69 20130112 050753 20130211 050753
-93.33 51.76 20130124 145032 20130223 145032
-94.16 51.8 20130528 010156 20130627 010156
-80.23 42.29 20130528 160934 20130627 160934
-110.65 40.51 20130519 082146 20130618 082146
-89.71 46.63 20130412 112639 20130512 112639
-84.06 41.18 20130222 171138 20130324 171138
-97.94 44.11 20130224 171753 20130326 171753
-85.93 52.85 20130416 222614 20130516 222614
-86.36 51.96 20130308 064326 20130407 064326
-85.24 48.27 20130207 073430 20130309 073430
-104.9 43.43 20130214 051048 20130316 051048
-86.53 51.91 20130321 145123 20130420 145123
-92.99 49.75 20130504 073633 20130603 073633
-94.12 53.47 20130215 040424 20130317 040424
-95.52 38.47 20130207 163629 20130309 163629
-95.6 52.5 20130426 042517 20130526 042517
-76.71 42.31 20130321 122732 20130420 122732
-104.23 44.35 20130326 140905 20130425 140905
-106 39.04 20130422 180743 20130522 180743
-104.7 38.69 20130526 182814 20130625 182814
-90 45.33 20130319 040010 20130418 040010
-99.68 44.27 20130508 051714 20130607 051714
-91.49 39.06 20130422 060102 20130522 060102
-90.72 36.39 20130206 005003 20130308 005003
-93.16 51.09 20130125 161014 20130224 161014
-89.2 45.1 20130501 073101 20130531 073101
-86.97 53.81 20130519 025928 20130618 025928
-84.03 44.83 20130213 075235 20130315 075235
-90.62 45.19 20130131 233423 20130302 233423
-77.42 53.34 20130410 124114 20130510 124114
-76.2 53.84 20130530 012349 20130629 012349
-95.23 45.85 20130125 164452 20130224 164452
-83.5 46.93 20130117 144759 20130216 144759
-104.58 36.41 20130401 060954 20130501 060954
-104.71 40.13 20130420 170701 20130520 170701
-85.43 51.47 20130326 140023 20130425 140023
-90.71 48.52 20130409 021922 20130509 021922
-106.76 38.9 20130118 142645 20130217 142645
-86.28 54.78 20130403 140608 20130503 140608
-101.24 37.35 20130212 181253 20130314 181253
-104.14 47.99 20130506 150534 20130605 150534
-85 39.67 20130304 043149 20130403 043149
-78.51 35.89 20130507 083702 20130606 083702
-80.72 39.69 20130531 081228 20130630 081228
-87.81 47.55 20130305 140932 20130404 140932
-106.63 35.99 20130412 125942 20130512 125942
-98.09 40.27 20130308 083406 20130407 083406
-88.88 54.56 20130529 013723 20130628 013723
-77.23 41.4 20130131 043748 20130302 043748
-82.76 48.69 20130331 121445 20130430 121445
-90 42.8 20130522 213959 20130621 213959
-107.1 54.71 20130306 213220 20130405 213220
-99.54 51.34 20130426 084918 20130526 084918
-107.33 36.93 20130412 125808 20130512 125808
-83.84 51.21 20130423 113442 20130523 113442
-96.25 45.37 20130210 091342 20130312 091342
-106.82 36.57 20130110 145740 20130209 145740
-87.95 40.59 20130520 055805 20130619 055805
-91.23 46.63 20130402 102316 20130502 102316
-96.84 38.66 20130418 182910 20130518 182910
-91.46 48.78 20130317 123424 20130416 123424
-105.82 45.56 20130204 035222 20130306 035222
-98.88 49.81 20130331 061512 20130430 061512
-90.63 50.91 20130502 060654 20130601 060654
-85.38 45.24 20130312 163011 20130411 163011
-76.5 38.81 20130525 163421 20130624 163421
-105.72 48.74 20130518 171524 20130617 171524
-110.83 47.29 20130315 070555 20130414 070555
-109 41.8 20130520 041923 20130619 041923
-96.8 49.32 20130418 222947 20130518 222947
-77.27 36.48 20130511 082702 20130610 082702
-77.31 45.74 20130331 140504 20130430 140504
-109.38 37.07 20130122 170209 20130221 170209
-103.85 43.68 20130412 041840 20130512 041840
-91.19 41.57 20130205 162541 20130307 162541
-78.42 35.46 20130312 061131 20130411 061131
-92.56 52.62 20130210 144534 20130312 144534
-80.94 43.22 20130513 185651 20130612 185651
-104.51 43.05 20130430 231531 20130530 231531
-87.88 45.48 20130324 110217 20130423 110217
-93.71 52.2 20130408 041422 20130508 041422
-89.76 38.77 20130430 034146 20130530 034146
-107.89 45.42 20130526 173220 20130625 173220
-105.22 53.57 20130504 133022 20130603 133022
-99.59 38.98 20130511 021751 20130610 021751
-89.11 49.54 20130217 025925 20130319 025925
-78.47 36.77 20130105 075731 20130204 075731
-94.57 36.34 20130123 220239 20130222 220239
-79.65 48.47 20130520 085357 20130619 085357
-98.85 48.92 20130211 205756 20130313 205756
-88.69 39.87 20130216 175339 20130318 175339
-87.64 46.66 20130415 132033 20130515 132033
-97.67 39.98 20130114 052740 20130213 052740
-102.43 51.89 20130512 202913 20130611 202913
-107.72 41.27 20130113 033107 20130212 033107
-98.47 50.5 20130215 102932 20130317 102932
-76.01 41.45 20130510 202742 20130609 202742
-91.12 48.52 20130414 180706 20130514 180706
-90.72 45.82 20130407 013634 20130507 013634
-84.64 41.75 20130112 180831 20130211 180831
-89.33 52.78 20130120 174234 20130219 174234
-107.54 43.77 20130522 122952 20130621 122952
-79.16 46.53 20130502 211318 20130601 211318
-90.52 50.05 20130405 110324 20130505 110324
-103.6 49.4 20130119 090801 20130218 090801
-105.71 50.22 20130501 135859 20130531 135859
-103.38 42.24 20130414 004334 20130514 004334
-83.71 44.71 20130528 022335 20130627 022335
-110.46 43.7 20130117 170309 20130216 170309
-81.33 44.18 20130331 222953 20130430 222953
-92.38 35.28 20130314 155010 20130413 155010
-91.4 40.85 20130131 012013 20130302 012013
-97.66 38.83 20130430 061405 20130530 061405
-98.42 46.74 20130129 073321 20130228 073321
-96.72 42.63 20130304 014615 20130403 014615
-93.78 51.5 20130104 102818 20130203 102818
-76.23 37.03 20130530 203807 20130629 203807
-105.77 36.91 20130208 174738 20130310 174738
-88.12 49.74 20130504 082940 20130603 082940
-105.63 41.61 20130425 131330 20130525 131330
-103.03 39.06 20130218 193428 20130320 193428
-109.87 49.89 20130329 210827 20130428 210827
-94.22 47.63 20130211 111556 20130313 111556
-101.85 50.27 20130209 175520 20130311 175520
-84.16 46.93 20130601 025145 20130701 025145
-91.56 51.77 20130131 105754 20130302 105754
-90.26 39.48 20130312 051613 20130411 051613
-94.35 51.2 20130219 195438 20130321 195438
-98.15 41.03 20130305 220924 20130404 220924
-76.9 49.15 20130217 080152 20130319 080152
-91.44 37.35 20130309 180652 20130408 180652
-76.98 48.26 20130219 091539 20130321 091539
