22.82 67.6 20110416 205544 20110516 205544
31.52 58.25 20110327 161016 20110426 161016
17.53 51.09 20110223 003633 20110325 003633
21.87 60.94 20110424 044336 20110524 044336
15.86 57.76 20110215 231547 20110317 231547
29.82 57.26 20110311 075436 20110410 075436
21.15 55.3 20110308 012452 20110407 012452
22.78 54.75 20110419 125447 20110519 125447
28.6 53.35 20110507 155121 20110606 155121
8.17 52.01 20110218 041520 20110320 041520
8.32 64.25 20110307 020618 20110406 020618
5.84 67.54 20110430 100715 20110530 100715
34.37 53.06 20110418 005158 20110518 005158
8.3 60.06 20110211 222953 20110313 222953
28.41 58.08 20110206 191103 20110308 191103
35.61 60.65 20110106 234955 20110205 234955
34.48 56.45 20110331 065211 20110430 065211
2.18 52.77 20110428 223438 20110528 223438
6.03 69.51 20110131 065923 20110302 065923
27.39 59.18 20110513 033046 20110612 033046
28.81 68.85 20110424 183551 20110524 183551
14.79 61.29 20110125 152417 20110224 152417
5.07 53.97 20110108 013051 20110207 013051
7.45 63.11 20110129 225118 20110228 225118
7.94 67.8 20110106 072730 20110205 072730
14.84 53.63 20110315 223059 20110414 223059
12.97 55.6 20110121 053404 20110220 053404
35.4 58.86 20110312 175648 20110411 175648
18.13 56.66 20110223 091900 20110325 091900
27.79 64.25 20110320 191308 20110419 191308
30.74 56.53 20110405 013015 20110505 013015
20.66 55.06 20110515 060942 20110614 060942
18.65 51.18 20110509 231919 20110608 231919
8.79 52.29 20110117 030726 20110216 030726
4.64 56.53 20110122 070705 20110221 070705
23.36 52.24 20110122 022314 20110221 022314
22.71 64.71 20110125 171617 20110224 171617
23.33 65.04 20110405 193035 20110505 193035
5.91 55.1 20110402 035728 20110502 035728
12.81 68.19 20110601 013516 20110701 013516
16.28 53.91 20110206 203850 20110308 203850
20.93 69.68 20110116 072246 20110215 072246
18.37 51.98 20110206 205531 20110308 205531
20.71 61.24 20110105 232004 20110204 232004
9.85 53.08 20110323 130025 20110422 130025
21.23 67.81 20110206 124957 20110308 124957
21.02 63.01 20110318 220942 20110417 220942
2.12 69.42 20110330 105120 20110429 105120
15.56 67.78 20110319 024445 20110418 024445
5.35 56.73 20110527 152404 20110626 152404
23.92 67.4 20110208 163704 20110310 163704
29.37 58.6 20110310 030606 20110409 030606
30.73 51.85 20110402 080621 20110502 080621
36.37 69.76 20110106 001011 20110205 001011
4.59 51.58 20110523 163939 20110622 163939
20.04 56.43 20110517 100912 20110616 100912
5.84 62.32 20110225 092957 20110327 092957
21.69 63.77 20110215 033843 20110317 033843
16.82 52.81 20110516 122956 20110615 122956
35.37 60.14 20110328 233955 20110427 233955
7.55 58.05 20110123 135049 20110222 135049
17.65 52.92 20110214 072553 20110316 072553
36.11 56.04 20110207 155628 20110309 155628
14.71 65.81 20110413 163445 20110513 163445
35.26 55.72 20110318 214647 20110417 214647
34.99 54.17 20110408 101247 20110508 101247
28.19 69.96 20110401 144002 20110501 144002
33.71 66.62 20110521 014529 20110620 014529
35.55 58.57 20110414 193835 20110514 193835
12.58 58 20110412 041602 20110512 041602
2.05 67.4 20110220 105549 20110322 105549
24.59 67.16 20110507 202508 20110606 202508
31.45 66.62 20110218 192551 20110320 192551
12.51 58.31 20110502 052627 20110601 052627
36.25 69.96 20110423 000156 20110523 000156
9.52 64.33 20110222 182838 20110324 182838
27.71 65.71 20110323 233845 20110422 233845
23.48 63.52 20110516 155351 20110615 155351
19.56 51.6 20110505 125324 20110604 125324
26.35 64.25 20110204 190628 20110306 190628
30.64 62.29 20110530 025615 20110629 025615
5.26 64.49 20110425 151314 20110525 151314
5.07 60.59 20110519 185530 20110618 185530
33.09 66.59 20110115 111209 20110214 111209
9.48 63.56 20110208 223146 20110310 223146
21.48 57.03 20110201 020652 20110303 020652
35.7 54.34 20110328 034218 20110427 034218
16.71 51.06 20110217 215440 20110319 215440
21.15 66.81 20110311 143128 20110410 143128
15.72 59.3 20110122 014539 20110221 014539
7.5 61.23 20110131 105026 20110302 105026
18.64 67.58 20110109 060214 20110208 060214
32.55 51.29 20110428 133436 20110528 133436
25.12 55.66 20110429 175702 20110529 175702
12.49 54.12 20110429 205806 20110529 205806
12.8 69.89 20110214 130835 20110316 130835
32.53 52.07 20110105 060410 20110204 060410
19.38 63.23 20110213 192500 20110315 192500
30.8 62.96 20110113 205855 20110212 205855
28.66 69.26 20110124 195134 20110223 195134
21.67 66.77 20110210 091432 20110312 091432
23.08 67.56 20110322 200913 20110421 200913
18.4 60.12 20110119 162025 20110218 162025
2.71 63.78 20110418 165530 20110518 165530
17.18 60.7 20110127 132924 20110226 132924
5.62 64.7 20110222 145947 20110324 145947
23.16 69.75 20110105 021058 20110204 021058
3.05 64.24 20110323 143933 20110422 143933
3 55.72 20110213 190657 20110315 190657
9.31 66.03 20110217 224435 20110319 224435
19.62 64.04 20110401 235742 20110501 235742
6.02 51.85 20110213 032042 20110315 032042
19.25 55.12 20110322 151951 20110421 151951
8.02 56.69 20110103 200027 20110202 200027
16.79 62.75 20110112 031733 20110211 031733
34.29 59.25 20110330 142152 20110429 142152
36.52 69.45 20110325 133955 20110424 133955
33.51 69.03 20110510 002100 20110609 002100
21.09 52.64 20110226 033919 20110328 033919
24.06 64.03 20110514 071249 20110613 071249
4.4 69.44 20110201 044922 20110303 044922
17.19 69.95 20110105 133426 20110204 133426
21.55 61.63 20110321 122505 20110420 122505
4.44 64.26 20110322 001512 20110421 001512
27.17 59.48 20110322 085723 20110421 085723
4.44 55.93 20110408 154204 20110508 154204
2.31 55.29 20110304 122227 20110403 122227
15.37 67.85 20110520 160405 20110619 160405
6.06 62.98 20110405 120547 20110505 120547
10.74 59.42 20110504 165943 20110603 165943
5.91 58.15 20110226 034523 20110328 034523
35.09 55.71 20110130 023523 20110301 023523
29.04 51.08 20110202 025027 20110304 025027
14.35 64.95 20110523 235643 20110622 235643
31.9 62.21 20110416 151122 20110516 151122
23.93 58.88 20110123 104051 20110222 104051
29.51 61.71 20110523 142947 20110622 142947
8.39 66.74 20110128 040807 20110227 040807
30.26 68.88 20110317 160145 20110416 160145
14.23 68.26 20110302 111719 20110401 111719
24.69 58.97 20110128 100712 20110227 100712
9.12 64.98 20110409 165127 20110509 165127
11.91 66.71 20110506 222847 20110605 222847
19.01 67.74 20110509 143602 20110608 143602
5.49 54.32 20110404 123115 20110504 123115
19.94 63.32 20110131 064720 20110302 064720
9.42 66.12 20110511 201102 20110610 201102
25.85 59.09 20110322 051433 20110421 051433
17.25 64.2 20110521 041259 20110620 041259
20.07 66.96 20110220 032053 20110322 032053
21.29 62.36 20110218 145159 20110320 145159
21.1 58.72 20110107 051333 20110206 051333
35 59.55 20110415 193011 20110515 193011
11.28 53.4 20110123 081204 20110222 081204
30.09 63.8 20110301 104952 20110331 104952
13.04 52.75 20110507 114535 20110606 114535
15.45 64.88 20110502 184835 20110601 184835
6.91 61.34 20110319 150142 20110418 150142
4.48 61.45 20110202 220938 20110304 220938
35.13 59.86 20110104 231005 20110203 231005
29.79 69.79 20110419 222500 20110519 222500
9.11 61.65 20110305 053958 20110404 053958
15.34 63.33 20110223 192339 20110325 192339
23.15 61.8 20110303 100540 20110402 100540
18.21 62.54 20110130 120641 20110301 120641
23.12 64.08 20110226 113557 20110328 113557
17.14 51.42 20110205 141755 20110307 141755
15.03 64.81 20110224 082307 20110326 082307
21.95 66.77 20110419 202118 20110519 202118
25.29 55.49 20110413 025041 20110513 025041
19.57 59.25 20110507 170714 20110606 170714
35.49 69.25 20110225 185453 20110327 185453
10.55 68.47 20110126 160318 20110225 160318
6.53 61.24 20110116 015948 20110215 015948
20.71 69.93 20110115 044747 20110214 044747
21.87 57.42 20110522 183111 20110621 183111
25.91 58.55 20110505 082104 20110604 082104
34.41 52.46 20110107 143459 20110206 143459
15.97 68.96 20110220 160852 20110322 160852
33.11 56.59 20110114 180730 20110213 180730
4.03 63.21 20110430 172511 20110530 172511
35.43 64.18 20110514 005856 20110613 005856
22.71 66.47 20110114 121204 20110213 121204
22.92 65.57 20110518 111213 20110617 111213
25.57 55.44 20110528 012019 20110627 012019
11.86 65.51 20110520 143604 20110619 143604
10.28 62.78 20110513 163946 20110612 163946
25.9 52.63 20110306 212715 20110405 212715
26.61 53.86 20110222 020810 20110324 020810
31.86 64.83 20110129 053236 20110228 053236
30.65 51.23 20110122 155147 20110221 155147
6.36 57.65 20110225 170640 20110327 170640
23.47 51.5 20110401 151002 20110501 151002
31.15 67.43 20110212 131259 20110314 131259
33.76 60.94 20110207 123345 20110309 123345
27.72 59.56 20110421 032645 20110521 032645
12.7 54.02 20110422 102005 20110522 102005
36.88 57.54 20110514 113459 20110613 113459
14.65 67.86 20110430 134533 20110530 134533
6.59 55.52 20110528 170855 20110627 170855
10.23 66.08 20110411 020001 20110511 020001
26.35 58.11 20110530 174847 20110629 174847
19.63 62.8 20110115 053205 20110214 053205
32.15 51.19 20110128 060727 20110227 060727
9.63 52.9 20110212 201731 20110314 201731
9.8 51.29 20110525 140046 20110624 140046
11.52 64.31 20110111 113131 20110210 113131
27.99 68.16 20110430 122544 20110530 122544
23 67.48 20110518 154244 20110617 154244
10.85 66.54 20110213 123151 20110315 123151
17.46 54.01 20110320 032348 20110419 032348
36.72 54.59 20110112 175354 20110211 175354
6.37 52.84 20110502 050909 20110601 050909
32.55 58.57 20110525 184313 20110624 184313
35.53 63.23 20110415 051450 20110515 051450
7.35 51.43 20110403 061821 20110503 061821
28.5 52.28 20110131 084102 20110302 084102
26.4 68.7 20110216 131014 20110318 131014
8.67 60.2 20110320 133433 20110419 133433
17.68 62.9 20110223 095019 20110325 095019
5.92 69.98 20110427 033034 20110527 033034
15.7 68.67 20110104 110106 20110203 110106
32.49 62.35 20110510 140015 20110609 140015
9.86 68.39 20110527 174025 20110626 174025
8.35 53.77 20110222 211606 20110324 211606
36.23 59.69 20110220 012902 20110322 012902
6.23 63.01 20110518 020334 20110617 020334
25.3 67.52 20110506 024656 20110605 024656
23.75 53.88 20110109 105520 20110208 105520
3.11 53.99 20110530 174258 20110629 174258
24.31 55.21 20110424 012114 20110524 012114
11.62 57.39 20110314 064703 20110413 064703
34.77 66.39 20110520 034831 20110619 034831
8.35 54.89 20110527 044835 20110626 044835
16.47 66.08 20110426 174556 20110526 174556
32.65 57.96 20110214 154408 20110316 154408
17.1 57.73 20110301 082724 20110331 082724
7.78 55.46 20110317 092519 20110416 092519
23.82 65.04 20110109 090940 20110208 090940
12.6 58.65 20110317 085358 20110416 085358
24.66 58.09 20110203 121540 20110305 121540
23.19 64.72 20110412 204825 20110512 204825
18.25 54.21 20110304 025430 20110403 025430
19.28 66.13 20110106 185757 20110205 185757
17.01 52.1 20110407 223242 20110507 223242
16.34 56.89 20110214 022256 20110316 022256
10.33 52.55 20110516 212150 20110615 212150
32.61 64.27 20110125 232306 20110224 232306
23.69 69.17 20110312 042333 20110411 042333
24.72 51.89 20110105 120804 20110204 120804
36.01 54.87 20110418 043814 20110518 043814
23.7 63.57 20110320 235956 20110419 235956
22.89 54.67 20110212 174949 20110314 174949
15.63 66.89 20110302 011652 20110401 011652
15.51 68.32 20110228 233053 20110330 233053
34.95 52.61 20110212 160014 20110314 160014
14.05 61.41 20110517 205744 20110616 205744
13.61 54.37 20110204 114916 20110306 114916
9.96 57.4 20110509 020212 20110608 020212
23.43 51.77 20110517 072752 20110616 072752
21.52 58.25 20110408 000820 20110508 000820
35.28 62.67 20110512 211840 20110611 211840
24.57 57.63 20110322 234134 20110421 234134
16.08 52.63 20110130 001524 20110301 001524
20.22 57.55 20110509 144746 20110608 144746
28 67.64 20110406 165727 20110506 165727
9.47 58.99 20110128 060522 20110227 060522
25.19 62.59 20110108 120426 20110207 120426
9.33 57.75 20110425 200130 20110525 200130
10.95 56.29 20110316 094422 20110415 094422
9.53 63.79 20110418 034617 20110518 034617
30.3 64.92 20110318 000608 20110417 000608
34.22 52.06 20110329 071753 20110428 071753
5.97 55.48 20110521 145345 20110620 145345
17.98 56.43 20110528 163923 20110627 163923
35.7 65.52 20110410 102955 20110510 102955
31.4 61.88 20110120 113753 20110219 113753
34.04 54.64 20110130 004853 20110301 004853
6.48 60.35 20110225 233004 20110327 233004
17.94 59.22 20110128 213352 20110227 213352
17.06 68.43 20110326 041921 20110425 041921
10.62 67.34 20110330 011241 20110429 011241
16 58.42 20110215 080314 20110317 080314
2.77 65.91 20110215 184349 20110317 184349
22.74 55.9 20110421 120153 20110521 120153
16.75 53.82 20110411 021910 20110511 021910
28.58 54.37 20110530 223814 20110629 223814
7.41 61.15 20110209 103853 20110311 103853
16 69.21 20110120 054236 20110219 054236
2.68 61.9 20110406 174546 20110506 174546
5.42 63.74 20110106 082511 20110205 082511
13.13 56.39 20110116 195343 20110215 195343
14.31 60.83 20110501 155509 20110531 155509
32.41 54.09 20110225 020822 20110327 020822
10.56 56.85 20110420 122500 20110520 122500
36.04 52.15 20110122 202827 20110221 202827
13.95 57.06 20110126 220736 20110225 220736
8.32 63.83 20110228 142457 20110330 142457
19.99 57.47 20110410 145337 20110510 145337
26.92 51.95 20110309 210404 20110408 210404
12.89 63.8 20110408 000351 20110508 000351
26.78 60.01 20110128 113855 20110227 113855
34.53 54.15 20110422 222204 20110522 222204
23.41 54.42 20110312 092120 20110411 092120
31.79 64.02 20110407 135441 20110507 135441
28.9 51.24 20110521 130201 20110620 130201
26.99 62 20110118 145154 20110217 145154
33.74 52.79 20110513 064234 20110612 064234
15.77 51.96 20110105 161511 20110204 161511
36.88 64.44 20110213 201922 20110315 201922
34.97 62.43 20110328 075203 20110427 075203
15.75 67.75 20110305 091610 20110404 091610
12.37 63.63 20110216 210932 20110318 210932
2.88 52.75 20110313 104056 20110412 104056
30.91 58.05 20110213 135152 20110315 135152
29.02 60.63 20110518 172719 20110617 172719
2.48 53.14 20110314 084826 20110413 084826
28.19 55.89 20110123 070651 20110222 070651
31.86 65.09 20110512 211844 20110611 211844
18.94 64.82 20110205 224221 20110307 224221
36.64 57.63 20110329 071023 20110428 071023
20.1 63.31 20110517 230241 20110616 230241
13.09 57.36 20110419 202352 20110519 202352
31.35 66.71 20110403 014144 20110503 014144
34.08 64.01 20110218 065115 20110320 065115
27.82 64.12 20110511 213848 20110610 213848
8.05 55.87 20110227 053308 20110329 053308
9.07 55.88 20110411 164003 20110511 164003
4.42 53.91 20110104 112908 20110203 112908
24.35 69.57 20110424 171045 20110524 171045
34.65 69.97 20110307 062051 20110406 062051
30.09 59.92 20110529 220226 20110628 220226
16.97 60.91 20110107 042712 20110206 042712
29.24 62.12 20110507 150612 20110606 150612
28.45 57.65 20110514 201144 20110613 201144
9.77 59.65 20110328 214319 20110427 214319
5.44 61.85 20110331 132652 20110430 132652
35.99 58.69 20110523 201905 20110622 201905
23.43 51.53 20110204 122749 20110306 122749
34.82 63.81 20110131 223525 20110302 223525
16.1 61.45 20110430 142919 20110530 142919
9.1 55.5 20110206 101948 20110308 101948
30.6 58.78 20110115 220321 20110214 220321
36.26 54.52 20110201 002928 20110303 002928
14.55 67.86 20110415 114935 20110515 114935
21.62 66.69 20110223 043640 20110325 043640
30.82 66.05 20110412 163322 20110512 163322
4.87 60.79 20110503 012021 20110602 012021
36.63 65.99 20110222 095942 20110324 095942
29.25 67.44 20110507 020646 20110606 020646
3.11 52.68 20110327 200747 20110426 200747
12.36 56.61 20110513 143512 20110612 143512
7.81 55.58 20110529 140304 20110628 140304
20.98 60.25 20110405 083945 20110505 083945
25.69 69.48 20110201 122032 20110303 122032
2.36 52.87 20110212 054833 20110314 054833
19.22 63.29 20110109 235444 20110208 235444
