-5.59 54.76 20140905 090250 20141005 090250
-7.81 41.66 20141027 104747 20141126 104747
11.05 47.6 20140910 212752 20141010 212752
-3.34 43.61 20140923 095637 20141023 095637
-8.58 46.53 20141011 084715 20141110 084715
18.43 49.82 20141116 064434 20141216 064434
19.12 57.45 20141111 085531 20141211 085531
-3.36 45.8 20141002 214322 20141101 214322
24.91 41.31 20141130 121740 20141230 121740
6.92 56.56 20141024 091736 20141123 091736
-4.2 53.92 20141020 084121 20141119 084121
5.21 47.8 20140920 022526 20141020 022526
17.91 47.6 20140804 144633 20140903 144633
25.95 42.82 20141121 150542 20141221 150542
5.01 56.37 20140831 044721 20140930 044721
11.68 49.93 20140906 031735 20141006 031735
17.75 52.4 20141021 003822 20141120 003822
1.29 46.39 20140907 032851 20141007 032851
8.34 48.13 20141104 003056 20141204 003056
-3.34 53.58 20140919 143710 20141019 143710
5.97 50.11 20141004 222917 20141103 222917
15.45 50.74 20141023 033210 20141122 033210
-4.31 51.77 20140907 203635 20141007 203635
10.14 42.65 20140928 093156 20141028 093156
9.55 43.57 20141130 055029 20141230 055029
-3.39 59.48 20141021 165058 20141120 165058
-4.33 58.48 20140921 172613 20141021 172613
13.37 57.48 20140910 030153 20141010 030153
23.54 50.19 20140817 014606 20140916 014606
6.92 43.58 20141017 115050 20141116 115050
-4.2 58.45 20141010 072703 20141109 072703
23.52 45.92 20140815 051346 20140914 051346
24.6 44.52 20140912 162016 20141012 162016
2.93 44.39 20141024 034644 20141123 034644
21.58 58.32 20140826 110522 20140925 110522
-0.64 47.44 20141117 123619 20141217 123619
-3.94 54.98 20141025 141417 20141124 141417
3.06 57.26 20140910 111344 20141010 111344
-7.65 54.54 20141124 060400 20141224 060400
16.32 49.12 20141125 111546 20141225 111546
18.64 43.61 20141110 194253 20141210 194253
25.57 56.49 20141012 143500 20141111 143500
-4.04 52.84 20140915 192123 20141015 192123
3.88 52.13 20140901 025545 20141001 025545
-2.35 47.74 20141112 222311 20141212 222311
23.47 52.77 20140901 151924 20141001 151924
2.63 48.82 20140804 012930 20140903 012930
-5.38 48.01 20140901 221540 20141001 221540
-9 43.5 20140908 022425 20141008 022425
9.75 44.46 20141014 211217 20141113 211217
23.92 46.69 20140826 005707 20140925 005707
-2.34 51.7 20141001 201926 20141031 201926
-0.61 41.98 20141027 103601 20141126 103601
8.59 54.35 20140820 012853 20140919 012853
18.98 44.08 20141018 221245 20141117 221245
12.45 54.75 20141121 065719 20141221 065719
-0.75 59.83 20140804 085742 20140903 085742
8.33 52.17 20140909 184305 20141009 184305
11.38 52.46 20141031 133645 20141130 133645
-8.07 50.36 20141026 064934 20141125 064934
19.64 54.99 20141031 023102 20141130 023102
13.56 55.05 20140912 111557 20141012 111557
1.93 42.91 20140816 072852 20140915 072852
8.15 42.69 20141015 201545 20141114 201545
4.62 46.41 20140808 200847 20140907 200847
10.16 41.34 20140905 002417 20141005 002417
22.2 48.86 20141106 015017 20141206 015017
23.83 46.55 20141112 211012 20141212 211012
-5 47.53 20141112 100410 20141212 100410
25.67 53.59 20140806 014212 20140905 014212
23.36 46.26 20140812 035122 20140911 035122
-0.38 53.59 20141102 114307 20141202 114307
23.8 57.69 20141003 211005 20141102 211005
22.81 44.49 20141130 180157 20141230 180157
8.81 53.95 20141115 215856 20141215 215856
24.08 46.57 20141124 121404 20141224 121404
-5.93 43.83 20141112 181452 20141212 181452
5.63 47.54 20140822 230009 20140921 230009
5.72 50.45 20140806 061824 20140905 061824
23.36 58.66 20141016 211946 20141115 211946
11.77 53.8 20141124 061124 20141224 061124
23.94 57.58 20140921 141031 20141021 141031
11.55 42.86 20140808 231529 20140907 231529
13.98 44.3 20140927 054003 20141027 054003
7.07 53.89 20141030 125840 20141129 125840
6.06 46.68 20141026 063743 20141125 063743
14.87 53.21 20141102 185117 20141202 185117
23.5 41.5 20140905 202734 20141005 202734
5.64 45.11 20141121 002214 20141221 002214
-1.67 54.27 20140927 030239 20141027 030239
4.55 57.25 20140830 143241 20140929 143241
1.93 56.88 20141006 122607 20141105 122607
15.05 41.76 20141106 135207 20141206 135207
14.52 51.05 20140824 041253 20140923 041253
-3.41 56.99 20141022 042905 20141121 042905
-1.61 44.4 20141009 120656 20141108 120656
21.45 48.51 20140809 050659 20140908 050659
17.35 50 20141009 234600 20141108 234600
2.11 48.2 20140918 080104 20141018 080104
-3.74 47.55 20141010 231516 20141109 231516
22.59 41.19 20140930 171738 20141030 171738
9.25 46.07 20141123 044415 20141223 044415
3.02 58.9 20140917 074151 20141017 074151
-8.23 44.71 20141105 125705 20141205 125705
21.01 44.81 20141125 033144 20141225 033144
7.21 49.41 20141130 155503 20141230 155503
10.08 52.51 20140805 121229 20140904 121229
13.72 55.99 20140905 061835 20141005 061835
19.82 51.95 20140829 141100 20140928 141100
10.32 51.1 20141102 115115 20141202 115115
2.09 57.18 20140915 000319 20141015 000319
7.03 49.84 20141103 102520 20141203 102520
2.2 47.89 20141028 053250 20141127 053250
14.58 47.89 20140803 214348 20140902 214348
8.96 46.27 20141025 013628 20141124 013628
11.33 43.21 20141124 154644 20141224 154644
-5.5 53.04 20140828 115655 20140927 115655
11.22 48.74 20140806 115717 20140905 115717
18.22 54.99 20140915 150637 20141015 150637
-7.34 46.78 20140825 015748 20140924 015748
16.36 59.46 20141028 151422 20141127 151422
24.34 55.99 20140911 035922 20141011 035922
3.44 42.63 20140925 150507 20141025 150507
19.94 41.24 20140921 175919 20141021 175919
4.75 44.05 20140808 193902 20140907 193902
9.91 48.39 20140827 080137 20140926 080137
14.8 57.17 20141110 210714 20141210 210714
6.97 50.98 20141001 040321 20141031 040321
21.04 47.54 20141006 211632 20141105 211632
10.87 55.94 20140815 114042 20140914 114042
1.29 46.95 20140927 075405 20141027 075405
1.78 54.63 20141111 122356 20141211 122356
21.58 54 20140917 123126 20141017 123126
17.75 44.16 20141126 184529 20141226 184529
12.19 58.65 20140830 040412 20140929 040412
24.01 59.39 20141008 095514 20141107 095514
24.61 51.26 20140930 053737 20141030 053737
-3.8 46.65 20140808 035433 20140907 035433
8.33 42.46 20140908 081035 20141008 081035
1.03 51.76 20140930 145427 20141030 145427
3.44 56.55 20140930 092648 20141030 092648
5.64 43.49 20140815 205409 20140914 205409
18.56 44.29 20140830 011958 20140929 011958
-5.75 56.38 20141022 214054 20141121 214054
-2.65 52.29 20141006 163219 20141105 163219
-2.91 41.68 20140920 070248 20141020 070248
21.92 43.86 20140917 120734 20141017 120734
21.55 54.44 20140831 051500 20140930 051500
-1.25 58.05 20141008 124127 20141107 124127
-7.89 44.53 20141115 211535 20141215 211535
16.27 42.78 20140826 181243 20140925 181243
9.21 46.39 20140904 123319 20141004 123319
-7.54 54.37 20141014 095653 20141113 095653
25.84 41.67 20141121 202943 20141221 202943
-5.8 51.96 20141022 074324 20141121 074324
21.07 47.05 20141124 210434 20141224 210434
-4.37 47.61 20141001 184447 20141031 184447
8.3 59.22 20141106 074646 20141206 074646
10.01 42.25 20140923 001859 20141023 001859
-3.56 58.11 20140829 114128 20140928 114128
-8.07 50.26 20140926 002000 20141026 002000
25.76 42.52 20141103 162510 20141203 162510
1.53 44.61 20140926 160100 20141026 160100
23.54 46.87 20140925 162026 20141025 162026
10.69 53.76 20141020 081828 20141119 081828
9.21 54.87 20140824 030117 20140923 030117
0.71 48.49 20141012 103258 20141111 103258
-0.29 46.29 20140809 030003 20140908 030003
-2.2 54.11 20140807 043500 20140906 043500
18.03 42.04 20141030 105452 20141129 105452
25.34 54.77 20141028 024239 20141127 024239
-6.42 48.07 20141123 151658 20141223 151658
15.06 58.43 20140829 185715 20140928 185715
-5.38 50.64 20141122 175757 20141222 175757
1.47 47.51 20141130 092112 20141230 092112
15.23 53.31 20140901 192655 20141001 192655
17.18 49.92 20140819 150011 20140918 150011
18.09 54.46 20140924 093752 20141024 093752
23.52 48.37 20140818 160542 20140917 160542
20.95 49.91 20140901 172823 20141001 172823
22.43 49.08 20140814 101558 20140913 101558
17.56 56.26 20140815 204932 20140914 204932
22.45 44.09 20140912 171824 20141012 171824
-4.75 46.74 20140902 232743 20141002 232743
-4.73 56.18 20140804 072956 20140903 072956
25.24 45.34 20140818 043101 20140917 043101
-5.8 50.66 20141117 033111 20141217 033111
11.84 56.48 20140823 224307 20140922 224307
23.63 51.56 20141017 142427 20141116 142427
12.17 43.42 20140919 101755 20141019 101755
0.87 57.27 20141102 210350 20141202 210350
5.98 47.55 20141008 033249 20141107 033249
24.53 57.87 20141126 165632 20141226 165632
-6.94 49.69 20140813 112135 20140912 112135
17.04 58.12 20140915 182111 20141015 182111
9.42 55.14 20140921 230514 20141021 230514
-6.04 47.22 20140920 131522 20141020 131522
18.91 48.85 20140806 163212 20140905 163212
-6.37 45.03 20141115 222344 20141215 222344
17.86 47.55 20141030 024215 20141129 024215
7.8 56.12 20140930 044134 20141030 044134
6.83 46.16 20140925 041029 20141025 041029
3.88 50.74 20140922 154449 20141022 154449
18.38 52.23 20140828 040609 20140927 040609
22.56 55.61 20140917 085724 20141017 085724
8.53 58.72 20141030 173829 20141129 173829
-3.96 43.89 20140920 195440 20141020 195440
20.92 42.17 20140905 204124 20141005 204124
11.98 57.49 20141003 201655 20141102 201655
-7.42 57.59 20140828 122634 20140927 122634
15.37 45.52 20141010 112922 20141109 112922
20.82 53.43 20140922 104750 20141022 104750
16.41 51.39 20140913 060450 20141013 060450
23.49 55.68 20140930 163057 20141030 163057
23.34 58.11 20140926 004056 20141026 004056
12.89 50.31 20141130 010206 20141230 010206
1.3 48.4 20140827 235529 20140926 235529
7.25 48.51 20141123 042102 20141223 042102
12.32 56.27 20140815 151215 20140914 151215
12.93 42.74 20141118 050251 20141218 050251
7.1 44.91 20140809 085006 20140908 085006
4.65 51.05 20141009 122119 20141108 122119
-8.1 53.61 20141102 174945 20141202 174945
4.58 53.86 20140828 055249 20140927 055249
-1.43 43.83 20141108 022611 20141208 022611
1.56 46.67 20141015 221113 20141114 221113
-8.4 52.62 20140901 185413 20141001 185413
1.57 44.24 20141017 224027 20141116 224027
15.75 47.75 20140901 194313 20141001 194313
-2.44 58.43 20141028 065246 20141127 065246
20.75 54.61 20141110 032126 20141210 032126
18.15 57.46 20141120 120355 20141220 120355
19.27 48.27 20141105 001948 20141205 001948
9.72 42.45 20140817 190555 20140916 190555
6.35 50.74 20140905 054432 20141005 054432
-8.64 42.67 20141114 224859 20141214 224859
-1.65 55.44 20141118 012921 20141218 012921
-2.91 57.57 20141116 035209 20141216 035209
-3.07 53.79 20140917 062457 20141017 062457
16.3 59.35 20141021 091209 20141120 091209
-2.95 55.04 20140916 031815 20141016 031815
-5.5 58.05 20141110 204214 20141210 204214
19.48 48.3 20141026 101049 20141125 101049
-1.2 42.12 20141122 022559 20141222 022559
6.43 51.46 20141121 060757 20141221 060757
13.51 54.68 20141001 032931 20141031 032931
-0.5 50.62 20140825 200418 20140924 200418
8.6 44.68 20141011 032617 20141110 032617
14.21 51.03 20141017 200910 20141116 200910
2.28 47.1 20140904 081253 20141004 081253
7.63 48.31 20141021 115415 20141120 115415
6.8 44.37 20141129 135635 20141229 135635
22.24 55.39 20140810 220334 20140909 220334
-3.96 54.52 20141111 171229 20141211 171229
8.77 42.76 20140923 092242 20141023 092242
20.43 54.19 20140923 121507 20141023 121507
13.22 50.31 20141014 100600 20141113 100600
-3.76 52.23 20140805 002001 20140904 002001
7.35 46.43 20140807 065005 20140906 065005
-3.28 46.33 20140925 082701 20141025 082701
24.11 52.82 20140926 204337 20141026 204337
11.8 49.97 20141122 085225 20141222 085225
-6.87 46.74 20141018 002704 20141117 002704
-4.46 59.06 20140818 191857 20140917 191857
18.88 50.46 20140811 064611 20140910 064611
10.43 58.2 20140923 135017 20141023 135017
7.45 41.37 20141126 155109 20141226 155109
25.59 56.07 20140924 093203 20141024 093203
3.31 47.33 20141002 095602 20141101 095602
4.94 49.37 20140929 031258 20141029 031258
8.69 43.45 20141120 203514 20141220 203514
-2.77 43.35 20141015 155235 20141114 155235
4.81 43.3 20141006 135515 20141105 135515
14.29 55.48 20140822 133929 20140921 133929
11.46 59.82 20141101 153038 20141201 153038
-2.87 57.95 20140907 215923 20141007 215923
0.04 45.68 20140929 185940 20141029 185940
4.55 47.77 20141102 102705 20141202 102705
2.65 57.07 20140913 191214 20141013 191214
16.08 50.24 20140812 011651 20140911 011651
24.67 45.92 20141008 102526 20141107 102526
5.98 47.77 20140903 083141 20141003 083141
19.38 43.95 20140914 235808 20141014 235808
4.99 49.49 20141130 064728 20141230 064728
23.51 41.77 20140816 144744 20140915 144744
-2.33 54.24 20140907 112310 20141007 112310
-5.67 46.25 20140916 231850 20141016 231850
19.01 55.25 20141114 041306 20141214 041306
20.89 59.1 20141019 020244 20141118 020244
2.81 55.85 20140915 183103 20141015 183103
-2.16 46 20140814 070512 20140913 070512
13.15 56.72 20140929 201727 20141029 201727
3.44 56.86 20140908 030546 20141008 030546
22.35 57.35 20141007 021129 20141106 021129
14.83 56.3 20140908 210105 20141008 210105
-6.98 52.55 20141125 005220 20141225 005220
19.2 45.33 20140816 103331 20140915 103331
2.04 41.83 20141018 103522 20141117 103522
22.52 55.55 20140819 234720 20140918 234720
-4.76 50.12 20141201 020855 20141231 020855
24.7 46.54 20141016 201513 20141115 201513
2.99 51.36 20140909 091121 20141009 091121
11.76 50.87 20140823 051859 20140922 051859
1.49 44.78 20140830 224533 20140929 224533
-7.46 41.27 20141119 160644 20141219 160644
6.64 52.12 20141002 105457 20141101 105457
16.56 51.85 20140909 103935 20141009 103935
-0.06 56.65 20141006 194126 20141105 194126
-0.62 50.27 20141104 053927 20141204 053927
4.47 56.62 20140929 153031 20141029 153031
23.15 45.61 20141020 080615 20141119 080615
6.79 47.35 20140905 095222 20141005 095222
3.87 47.82 20141116 232318 20141216 232318
20.61 54.64 20141001 211637 20141031 211637
4.4 48.87 20141003 005312 20141102 005312
7.17 56.75 20141112 042016 20141212 042016
3.6 41.31 20141002 025007 20141101 025007
20.42 49.99 20141107 150430 20141207 150430
-4.36 50.28 20140807 143029 20140906 143029
7.33 44.81 20140910 222358 20141010 222358
-1.26 46.95 20140920 084614 20141020 084614
-0.29 48.52 20140830 061416 20140929 061416
-3.4 46.9 20140920 040245 20141020 040245
23.59 53.43 20140823 235317 20140922 235317
0.89 51.61 20140926 175121 20141026 175121
-2.03 48.75 20140810 023144 20140909 023144
22.84 46.65 20141012 012310 20141111 012310
11.73 54.52 20141122 113952 20141222 113952
-4.88 54.74 20141127 172301 20141227 172301
-3.95 42.02 20141116 135255 20141216 135255
-7.94 48.97 20140811 180407 20140910 180407
5.92 43.92 20140904 035729 20141004 035729
18.92 41.45 20141109 120701 20141209 120701
-3.6 59.93 20141014 044515 20141113 044515
-0.16 55.76 20140909 075609 20141009 075609
21.04 59.6 20141017 125638 20141116 125638
8.67 43.02 20140906 062003 20141006 062003
9.23 53.8 20140815 100655 20140914 100655
6.77 42.46 20141128 160919 20141228 160919
-7.63 50.1 20141022 175631 20141121 175631
21.93 47.81 20141021 180050 20141120 180050
24.31 59.42 20140825 234754 20140924 234754
-0.76 49.57 20141119 084645 20141219 084645
12.99 56.71 20141107 102847 20141207 102847
19.7 46.71 20141020 202821 20141119 202821
3.76 56.68 20141118 171607 20141218 171607
22.21 47.12 20140808 102121 20140907 102121
15.01 54.84 20140828 051538 20140927 051538
7.6 59.67 20141124 110952 20141224 110952
2.25 41.48 20141109 122926 20141209 122926
2.57 43.01 20140807 080939 20140906 080939
23.49 43.09 20140831 015122 20140930 015122
19.46 47.43 20141025 020243 20141124 020243
23.75 49.62 20140806 013206 20140905 013206
9.37 52.28 20141030 032321 20141129 032321
13.66 42.8 20141102 065814 20141202 065814
-2.88 52.48 20140905 011553 20141005 011553
