13.16 47.05 20140818 161352 20140917 161352
17.64 46.51 20140831 024540 20140930 024540
1.91 41.35 20141125 025237 20141225 025237
16.87 56.16 20141130 043644 20141230 043644
3.56 48.11 20140816 184651 20140915 184651
16.04 46.65 20140919 225652 20141019 225652
18.97 53.91 20140903 183200 20141003 183200
-8.72 50.58 20140831 032732 20140930 032732
16.11 58.19 20140819 203111 20140918 203111
10.37 52.72 20140824 000903 20140923 000903
-2.53 59.15 20141125 220715 20141225 220715
14.03 55.94 20140923 221200 20141023 221200
9.98 42.7 20141010 001713 20141109 001713
-4.35 54.54 20140925 163534 20141025 163534
-4.38 58.96 20141015 184434 20141114 184434
25.82 50.89 20141012 134455 20141111 134455
18.14 49.41 20140907 170750 20141007 170750
2.93 50.31 20141112 082600 20141212 082600
-5.23 58.75 20140905 032210 20141005 032210
12.98 58.9 20141116 140559 20141216 140559
20.75 55.4 20140831 101019 20140930 101019
-1.43 58.63 20140804 025111 20140903 025111
19.65 54.55 20140811 015355 20140910 015355
13.69 59.96 20141103 065637 20141203 065637
21.49 43.38 20141110 225011 20141210 225011
-8.77 57.03 20140825 124920 20140924 124920
5.01 57.41 20140901 232621 20141001 232621
24.57 55.02 20140817 094104 20140916 094104
20.18 47.4 20140819 061448 20140918 061448
7.59 50.88 20141101 071800 20141201 071800
12.48 54.22 20140826 050428 20140925 050428
14.8 51.35 20141027 175952 20141126 175952
9.48 42.55 20140815 080611 20140914 080611
-4.74 44.03 20141125 230418 20141225 230418
-2.69 54.11 20140817 001835 20140916 001835
7.82 55.39 20140825 153128 20140924 153128
12.02 57 20140908 011315 20141008 011315
-0.68 52.2 20140914 062105 20141014 062105
18.19 47 20140914 103643 20141014 103643
12.76 48.77 20141006 040726 20141105 040726
0.15 56.92 20141104 061222 20141204 061222
3.19 46.89 20141128 063323 20141228 063323
25.53 42.37 20140806 145150 20140905 145150
-8.95 48.55 20140822 044350 20140921 044350
18.3 58.25 20140810 105332 20140909 105332
16.46 50.04 20140921 232647 20141021 232647
17.33 51.35 20141027 011819 20141126 011819
-2.07 42.56 20141021 200958 20141120 200958
22.77 53.09 20140922 081002 20141022 081002
-1.38 55.24 20140830 135255 20140929 135255
-8.76 49.43 20140926 101748 20141026 101748
-3.15 57.08 20141129 235840 20141229 235840
22.33 47.83 20140928 175656 20141028 175656
22.72 45.51 20141009 214543 20141108 214543
10.03 43.61 20141013 142447 20141112 142447
9.84 50.34 20141007 042228 20141106 042228
13.35 56.81 20140927 073147 20141027 073147
11.75 47.75 20141012 143753 20141111 143753
11.7 53.84 20141112 135557 20141212 135557
21.51 52.8 20141130 024051 20141230 024051
8.88 49.67 20140901 195434 20141001 195434
-7.94 50.6 20140805 022619 20140904 022619
6.73 57.58 20140925 213912 20141025 213912
-0.84 53.86 20141006 191745 20141105 191745
-8.1 46.9 20140908 012953 20141008 012953
-0.81 51.83 20141025 164306 20141124 164306
7.09 49.5 20141115 053638 20141215 053638
7.17 58.83 20141118 233430 20141218 233430
22.48 57.18 20141113 034248 20141213 034248
9.55 41.33 20141125 201519 20141225 201519
24.6 51.37 20140923 095626 20141023 095626
-7.91 52.54 20140905 161333 20141005 161333
14.63 51.65 20140814 135441 20140913 135441
1.03 51.48 20140919 042102 20141019 042102
8.39 54.44 20141118 233228 20141218 233228
2.4 41.05 20140827 204716 20140926 204716
19.72 48.29 20141012 024612 20141111 024612
6.57 56.72 20141123 174011 20141223 174011
17.86 48.07 20140818 105155 20140917 105155
7.65 42.77 20141118 053248 20141218 053248
-7.36 59.85 20140922 223936 20141022 223936
3.9 51.39 20140809 024643 20140908 024643
-6.14 52.53 20141018 190809 20141117 190809
-5.13 50.7 20141003 120510 20141102 120510
25.52 50.25 20140826 110341 20140925 110341
13.91 58.21 20141001 145005 20141031 145005
21.05 43.95 20140804 064322 20140903 064322
24.45 58.04 20141030 033527 20141129 033527
4.69 49.62 20141011 183418 20141110 183418
23.52 44.84 20141026 115327 20141125 115327
5.25 55.61 20140811 104914 20140910 104914
-6.28 58.5 20141027 231843 20141126 231843
3.87 46.37 20140918 040325 20141018 040325
13.29 42.12 20141020 015924 20141119 015924
11.64 42.89 20141007 213221 20141106 213221
17.68 58.51 20140809 233051 20140908 233051
19.59 41.48 20140915 061555 20141015 061555
13.74 55.37 20140809 191019 20140908 191019
8.94 58.11 20140920 165016 20141020 165016
0.93 54.75 20141002 041557 20141101 041557
16.69 48.41 20140901 130444 20141001 130444
-8.17 57.22 20140825 125955 20140924 125955
3.39 48.96 20140804 012844 20140903 012844
-0.42 45.54 20140904 150455 20141004 150455
8.52 51.49 20141022 224313 20141121 224313
21.16 41.44 20140814 184856 20140913 184856
19.27 42.48 20141113 052336 20141213 052336
23.24 49.09 20140830 102711 20140929 102711
-3.19 57.55 20140825 143738 20140924 143738
-1.94 57.99 20140926 154053 20141026 154053
17.42 58.18 20141107 052149 20141207 052149
-1.38 59.37 20140828 013124 20140927 013124
17.24 57.06 20141125 074223 20141225 074223
21.13 43.27 20140929 234253 20141029 234253
-6.92 55.87 20141113 120834 20141213 120834
8.69 58.65 20140925 074624 20141025 074624
-7.31 57.42 20140915 051847 20141015 051847
3.75 59.24 20141017 212329 20141116 212329
-7.4 48.22 20140825 210001 20140924 210001
7.9 46.1 20141009 013452 20141108 013452
11.4 47.39 20141015 011847 20141114 011847
18.38 55.39 20141129 035331 20141229 035331
21.98 43.4 20140829 012549 20140928 012549
25.06 44.77 20141102 065505 20141202 065505
11.94 45.23 20140816 230147 20140915 230147
2.1 43.47 20141023 184739 20141122 184739
2.19 45.15 20141107 111652 20141207 111652
24.76 54.62 20140826 210135 20140925 210135
18.7 54.04 20140821 223700 20140920 223700
-0.83 47.88 20141121 070005 20141221 070005
20.41 41.98 20140917 221910 20141017 221910
19.91 57.16 20141126 071825 20141226 071825
-5.61 43.6 20140823 144014 20140922 144014
-0.5 46.44 20140907 131440 20141007 131440
-6.43 43.38 20141003 220612 20141102 220612
7.16 49.61 20140919 100054 20141019 100054
4.69 52.99 20141019 145420 20141118 145420
1.63 55.4 20141124 185809 20141224 185809
18.89 50.73 20141124 181203 20141224 181203
3.32 47.05 20140928 163209 20141028 163209
22.99 59.84 20141130 174729 20141230 174729
2.01 45.63 20141026 092415 20141125 092415
-4.96 52.99 20140830 143540 20140929 143540
19.96 42.34 20140807 174413 20140906 174413
12.72 59.17 20140909 164641 20141009 164641
0.71 52.36 20140913 073255 20141013 073255
11.41 45.16 20141003 170136 20141102 170136
5.64 50.82 20141031 142404 20141130 142404
-5.07 43.69 20141117 053016 20141217 053016
24.7 45.92 20140903 234136 20141003 234136
15.65 43.11 20140922 145506 20141022 145506
23.75 50.34 20140915 193510 20141015 193510
2.35 41.58 20141004 201855 20141103 201855
10.36 46.04 20140818 022108 20140917 022108
8.82 55.61 20140907 110400 20141007 110400
25.99 55.75 20141119 162815 20141219 162815
9.46 48.02 20141022 201908 20141121 201908
22.98 54.85 20141021 014536 20141120 014536
10.88 41.25 20140922 074241 20141022 074241
14.81 52.43 20141004 160526 20141103 160526
-1.93 57.08 20140808 122755 20140907 122755
16.87 51.69 20140903 151505 20141003 151505
17.26 42.33 20140820 021240 20140919 021240
12.85 58.15 20140927 204047 20141027 204047
7.26 42.81 20141120 024249 20141220 024249
11.38 42.77 20140804 235653 20140903 235653
15.02 52.64 20141126 163326 20141226 163326
1.22 54.18 20141018 055414 20141117 055414
-6.14 42.83 20141129 012232 20141229 012232
18.5 52.88 20141026 225512 20141125 225512
-1.16 42.81 20141028 232533 20141127 232533
10.95 44.94 20141013 075333 20141112 075333
20.51 49.19 20140823 000606 20140922 000606
3.79 58.27 20140919 183313 20141019 183313
8.39 49.02 20141016 074401 20141115 074401
-5.45 43.35 20140804 065608 20140903 065608
24.42 42.14 20140918 193250 20141018 193250
17.96 55.29 20140812 114649 20140911 114649
0.78 48.48 20140810 224545 20140909 224545
20.19 49.81 20140817 011307 20140916 011307
4.95 45.28 20141115 140623 20141215 140623
1.37 52.72 20140807 084500 20140906 084500
24.79 55.49 20141103 210522 20141203 210522
8.23 46.53 20140902 203329 20141002 203329
-5.11 58.14 20141008 032027 20141107 032027
12.59 54.02 20140818 082058 20140917 082058
-8.67 42.84 20140809 031748 20140908 031748
8.94 53.84 20140829 033034 20140928 033034
-5.79 45.77 20141021 174702 20141120 174702
-5.65 42.13 20140830 072729 20140929 072729
-3.86 54.84 20140821 225343 20140920 225343
1.17 44.77 20141029 175056 20141128 175056
-0.68 55.41 20141115 152913 20141215 152913
12.13 53.02 20140808 002728 20140907 002728
20.3 59.99 20140807 213534 20140906 213534
4.52 58.6 20141011 014849 20141110 014849
7.36 48.55 20140814 074236 20140913 074236
17.8 51.48 20141111 064347 20141211 064347
-7.84 59.77 20141005 024753 20141104 024753
10.21 44.39 20140829 171325 20140928 171325
-2.41 45.82 20141122 092446 20141222 092446
25.2 41.53 20140921 180220 20141021 180220
2.88 47.05 20140825 175852 20140924 175852
22.92 54.83 20141015 220449 20141114 220449
-5.66 54.33 20141025 175707 20141124 175707
13.08 53.83 20140924 031012 20141024 031012
-7.04 43.57 20141027 151216 20141126 151216
13.84 51.88 20141120 222326 20141220 222326
-1.13 50.63 20140925 063055 20141025 063055
-1.82 42.09 20140915 054501 20141015 054501
22.79 55.42 20140813 214542 20140912 214542
-6.49 47.34 20140826 170719 20140925 170719
9.73 41.52 20140922 085250 20141022 085250
6.67 54.85 20140913 144727 20141013 144727
-7.25 51.29 20140910 090212 20141010 090212
14.39 41.81 20140814 212848 20140913 212848
0.29 54.88 20141002 155214 20141101 155214
-1.71 43.7 20141113 214606 20141213 214606
10.35 50.47 20141112 075816 20141212 075816
-0.77 50.17 20140828 155451 20140927 155451
24.88 56.2 20140804 184408 20140903 184408
14.02 51.2 20141111 151915 20141211 151915
-8.12 47.61 20141130 031556 20141230 031556
19.91 53.41 20141008 071759 20141107 071759
9.53 44.56 20141004 203239 20141103 203239
-6.05 53.16 20140905 085332 20141005 085332
19.97 42.33 20141020 132348 20141119 132348
7.15 52.67 20140814 051047 20140913 051047
17.58 57.18 20140814 232425 20140913 232425
10.7 47.68 20141001 142201 20141031 142201
3.45 42.11 20140817 093728 20140916 093728
17.21 41.79 20140806 081233 20140905 081233
21.01 49.17 20140814 124551 20140913 124551
22.44 59.4 20140810 073153 20140909 073153
17.84 46.51 20140821 124735 20140920 124735
2.92 41.15 20141108 025723 20141208 025723
-3.06 47.46 20140827 114743 20140926 114743
22.69 57.98 20141010 013321 20141109 013321
17.29 54.44 20141013 143952 20141112 143952
24.71 57.82 20141110 045014 20141210 045014
21.31 44.3 20140829 175015 20140928 175015
23.19 59.14 20141021 224415 20141120 224415
1.98 51.81 20140903 142257 20141003 142257
-7.69 57.58 20141111 110733 20141211 110733
9.95 51.34 20141006 143721 20141105 143721
20.13 55.64 20141110 023423 20141210 023423
10.78 55.58 20141115 234405 20141215 234405
21.54 56.7 20140901 014449 20141001 014449
-4.89 59.54 20140817 070003 20140916 070003
20.88 42 20141130 082338 20141230 082338
4.35 50.17 20141118 005949 20141218 005949
13.64 51.9 20141127 105935 20141227 105935
16.86 49.5 20140813 180009 20140912 180009
3.18 46.36 20140803 120816 20140902 120816
4.12 50.75 20141031 043445 20141130 043445
19.84 50.21 20141130 121344 20141230 121344
14.04 45.22 20140925 135142 20141025 135142
16.33 51.91 20140804 034659 20140903 034659
20.26 54.12 20140811 090552 20140910 090552
-5.58 56.71 20141026 164134 20141125 164134
7.72 41.98 20140923 075758 20141023 075758
0.07 43.69 20141102 185925 20141202 185925
23.95 42.46 20141001 051732 20141031 051732
15.92 57.58 20140830 164554 20140929 164554
13.56 46.08 20141022 145901 20141121 145901
22.17 48.25 20140806 175823 20140905 175823
-7.1 43.33 20141102 124757 20141202 124757
9.36 46.31 20141112 065320 20141212 065320
21.53 56.29 20140807 214049 20140906 214049
-0.13 53.96 20140813 012020 20140912 012020
23.88 56.37 20140818 091707 20140917 091707
-1.46 43.69 20140807 130152 20140906 130152
17.02 52.77 20140927 032337 20141027 032337
-8.36 44.16 20141024 190837 20141123 190837
6.32 55.23 20140915 094427 20141015 094427
17.55 54.45 20140812 152204 20140911 152204
11.33 55.53 20140925 201553 20141025 201553
3.72 42.85 20141101 024416 20141201 024416
15.37 56.69 20140902 111627 20141002 111627
4.07 43.12 20141028 131607 20141127 131607
22.73 51.6 20141125 052441 20141225 052441
-4.13 54.48 20141118 063355 20141218 063355
0.84 43.13 20140807 134226 20140906 134226
-1.36 52.65 20141029 174502 20141128 174502
22.34 59.32 20140827 125721 20140926 125721
14.81 51.46 20140913 133516 20141013 133516
12.67 49.14 20140805 030319 20140904 030319
7.27 44.34 20141011 072831 20141110 072831
17.99 49.22 20141118 172857 20141218 172857
8.71 50.43 20141118 092220 20141218 092220
25.2 46.89 20141017 095007 20141116 095007
6.82 44.32 20141028 043221 20141127 043221
3.65 47.82 20141016 012402 20141115 012402
21.88 53.06 20140914 101317 20141014 101317
5.06 52.52 20141014 094942 20141113 094942
-5.56 49.71 20140806 115918 20140905 115918
17.22 48.52 20141105 232102 20141205 232102
20.01 46.29 20140917 131954 20141017 131954
-7.14 41.28 20141018 155113 20141117 155113
11.28 55.83 20140910 223205 20141010 223205
19.67 43.99 20140920 184944 20141020 184944
10.35 53.78 20140907 003511 20141007 003511
8.51 50.74 20140930 235230 20141030 235230
-3.17 56.06 20140906 145022 20141006 145022
24.39 57.76 20141026 165948 20141125 165948
23.23 49.53 20141020 224500 20141119 224500
15.98 41.49 20141123 021911 20141223 021911
23.81 47.37 20140911 161103 20141011 161103
17.21 46.2 20140829 023444 20140928 023444
23.04 41.79 20141003 043955 20141102 043955
1.88 52.01 20141126 180453 20141226 180453
1.62 53.92 20141031 085322 20141130 085322
25.74 58.82 20141113 174313 20141213 174313
22 52.21 20141116 210046 20141216 210046
6.26 59.43 20140920 022824 20141020 022824
9.65 57.56 20141021 035539 20141120 035539
7.48 55.59 20140922 151201 20141022 151201
7.33 57.63 20140923 055500 20141023 055500
-0.8 59.62 20141010 200946 20141109 200946
24.91 48.68 20140923 141216 20141023 141216
18.51 42.81 20140911 022555 20141011 022555
15.97 42.75 20140812 015450 20140911 015450
-5.71 50.87 20140922 094544 20141022 094544
-7.94 54.85 20140928 215055 20141028 215055
21.03 55.31 20141107 125731 20141207 125731
17.31 42.8 20141029 233955 20141128 233955
21.62 50.51 20141101 075256 20141201 075256
4.2 57.44 20141118 213201 20141218 213201
21.59 45.95 20141107 200644 20141207 200644
19.15 50.94 20140820 102738 20140919 102738
-8.7 54.02 20140828 040818 20140927 040818
19.6 52.12 20140919 103204 20141019 103204
5.16 43.74 20140817 203842 20140916 203842
18.12 49.49 20140808 002824 20140907 002824
10.31 45.83 20141007 102430 20141106 102430
3.43 50.77 20140804 093342 20140903 093342
11.34 54.37 20141011 223801 20141110 223801
9.72 45.1 20140804 171210 20140903 171210
-1.91 45.62 20140901 182900 20141001 182900
-5.38 52.08 20141015 121345 20141114 121345
5.16 46.66 20141006 225458 20141105 225458
14.8 58.98 20141018 171604 20141117 171604
-1.5 52.3 20141024 194607 20141123 194607
2.67 46.91 20141021 075937 20141120 075937
5.35 42.08 20140803 125916 20140902 125916
-1.51 45.32 20140816 220420 20140915 220420
11.65 57.1 20141104 235511 20141204 235511
16.13 46.05 20140905 201957 20141005 201957
1.4 46.39 20141020 165606 20141119 165606
6.75 48.49 20141120 163227 20141220 163227
12.83 49.9 20141106 153326 20141206 153326
12.57 44.02 20141109 224156 20141209 224156
14.95 48.76 20141127 041310 20141227 041310
12.35 59.78 20140815 052558 20140914 052558
5.19 47.67 20141102 103931 20141202 103931
8.44 54.42 20140902 065507 20141002 065507
-2.46 46.96 20140804 005823 20140903 005823
-3.09 45.84 20140927 183335 20141027 183335
