23.83 55.95 20110530 033725 20110629 033725
19.38 65.7 20110116 122622 20110215 122622
28.63 67.27 20110213 100348 20110315 100348
20.21 57.78 20110208 174816 20110310 174816
23.24 65.71 20110323 233718 20110422 233718
33.19 67.85 20110510 020942 20110609 020942
17.59 59.86 20110403 122456 20110503 122456
16.06 68.35 20110512 025919 20110611 025919
35.39 57.85 20110409 182028 20110509 182028
14.71 56.91 20110113 230001 20110212 230001
5.98 58.74 20110512 220222 20110611 220222
12.68 51.19 20110426 092458 20110526 092458
18.76 54.82 20110329 145506 20110428 145506
26.59 59.71 20110222 162354 20110324 162354
28.67 54.9 20110206 234554 20110308 234554
8.04 68.08 20110322 074932 20110421 074932
19.39 62.13 20110528 093247 20110627 093247
4.19 53.01 20110124 235342 20110223 235342
16.71 54.31 20110224 054216 20110326 054216
34.9 59.7 20110503 074001 20110602 074001
24.16 55.17 20110112 040829 20110211 040829
10.18 52.35 20110120 105012 20110219 105012
11.7 61.74 20110106 093834 20110205 093834
18.39 54.92 20110401 052128 20110501 052128
23.29 69.22 20110412 165727 20110512 165727
28.3 59.41 20110313 071324 20110412 071324
31.21 61.81 20110208 090307 20110310 090307
26.15 64.1 20110405 095917 20110505 095917
20.42 53.04 20110415 033224 20110515 033224
14.07 52.98 20110423 051942 20110523 051942
15.85 62.92 20110507 124540 20110606 124540
31.92 61.47 20110304 080742 20110403 080742
21.57 65.54 20110312 230202 20110411 230202
10.27 53.92 20110505 063144 20110604 063144
3.43 56.02 20110329 010039 20110428 010039
3.94 62.83 20110224 083121 20110326 083121
4.79 68.51 20110209 021621 20110311 021621
29.93 55.76 20110122 194534 20110221 194534
5.15 59.8 20110218 131143 20110320 131143
6.15 55.49 20110207 152850 20110309 152850
31.49 56.79 20110209 031450 20110311 031450
15.21 53.41 20110514 161828 20110613 161828
5.57 54.77 20110509 160420 20110608 160420
3.24 69.24 20110511 133102 20110610 133102
4.58 55.35 20110530 083313 20110629 083313
16.54 53.98 20110524 070019 20110623 070019
4.48 61.23 20110110 221852 20110209 221852
19.27 55.42 20110505 020040 20110604 020040
6.21 54.08 20110426 124237 20110526 124237
17.48 56.36 20110512 224756 20110611 224756
7.15 65.87 20110212 184143 20110314 184143
29.94 54.8 20110521 234342 20110620 234342
8.31 57.22 20110105 112942 20110204 112942
17.83 52.76 20110113 122403 20110212 122403
29.77 65.17 20110226 200334 20110328 200334
14.04 58.89 20110220 192503 20110322 192503
11.59 57.41 20110422 012819 20110522 012819
16.52 62.04 20110402 050141 20110502 050141
26.54 68.18 20110306 211345 20110405 211345
22.04 59.47 20110402 163903 20110502 163903
7.85 64.36 20110519 024729 20110618 024729
21.63 63.43 20110329 052809 20110428 052809
21.12 59.26 20110127 151843 20110226 151843
33.92 67.38 20110228 205424 20110330 205424
33.32 57.08 20110327 081858 20110426 081858
14.58 55.86 20110424 204250 20110524 204250
12.84 65.8 20110326 182148 20110425 182148
10.04 62.3 20110515 140001 20110614 140001
26.01 56.79 20110423 180452 20110523 180452
8.16 69.85 20110114 060346 20110213 060346
6.09 68.52 20110511 013411 20110610 013411
12.18 67.15 20110127 211842 20110226 211842
27.18 67.34 20110125 203802 20110224 203802
32 52.93 20110514 060126 20110613 060126
20.29 57.45 20110226 210413 20110328 210413
29.77 68.88 20110104 004947 20110203 004947
3.35 69.6 20110325 145119 20110424 145119
17.66 69.62 20110302 071656 20110401 071656
19.79 53.16 20110426 171300 20110526 171300
30.35 62.35 20110202 000225 20110304 000225
7.88 55.42 20110327 105358 20110426 105358
27.03 57.33 20110103 222923 20110202 222923
3.37 55.5 20110126 072004 20110225 072004
20.71 59.09 20110424 125512 20110524 125512
20.47 60.92 20110109 220850 20110208 220850
21.68 63.38 20110319 034713 20110418 034713
12.93 55.46 20110307 091329 20110406 091329
24.29 52.76 20110412 053654 20110512 053654
23.02 51.44 20110110 193906 20110209 193906
29.05 58.6 20110201 062811 20110303 062811
24.19 54.16 20110117 064155 20110216 064155
9.94 62.05 20110427 184737 20110527 184737
16.38 61.24 20110425 174922 20110525 174922
25.81 69.49 20110203 045702 20110305 045702
18.91 55.92 20110126 145838 20110225 145838
12.63 51.13 20110220 210242 20110322 210242
9.72 67.19 20110401 225322 20110501 225322
17.98 53.15 20110411 051531 20110511 051531
31.53 58.62 20110522 005754 20110621 005754
36.14 66.99 20110420 045401 20110520 045401
29.01 69.96 20110317 211418 20110416 211418
30.4 51.95 20110209 163138 20110311 163138
6.97 69.86 20110123 013010 20110222 013010
29.73 57.99 20110209 065517 20110311 065517
5.83 54.34 20110214 112325 20110316 112325
7.82 59.63 20110516 025956 20110615 025956
19.13 52.98 20110426 044508 20110526 044508
33.4 63.9 20110119 191003 20110218 191003
24.17 68.3 20110503 210000 20110602 210000
30.88 60.66 20110206 233926 20110308 233926
11.98 66.27 20110222 090908 20110324 090908
26.49 67.61 20110509 065540 20110608 065540
14.67 55.38 20110422 035107 20110522 035107
13.87 59.43 20110427 040920 20110527 040920
27.55 63.93 20110423 065640 20110523 065640
3.88 55.36 20110214 190129 20110316 190129
14.8 55.02 20110518 015458 20110617 015458
13.87 68.22 20110406 111804 20110506 111804
17.21 60.83 20110129 044614 20110228 044614
29.04 59.26 20110324 171420 20110423 171420
29.04 53.88 20110226 080644 20110328 080644
18.12 52.04 20110530 174901 20110629 174901
26.12 58.07 20110322 181421 20110421 181421
22.87 55.87 20110523 232108 20110622 232108
21.97 62.61 20110111 204637 20110210 204637
31.64 57.98 20110103 130227 20110202 130227
3.22 52.54 20110308 000604 20110407 000604
8.94 60.58 20110426 134701 20110526 134701
3.89 68.74 20110202 193633 20110304 193633
8.83 56.81 20110312 042043 20110411 042043
18.54 65.03 20110212 214420 20110314 214420
15.89 66.03 20110210 050023 20110312 050023
31.94 52.45 20110202 112200 20110304 112200
35.88 65.85 20110321 125933 20110420 125933
10.77 51.43 20110413 133056 20110513 133056
31.12 61.51 20110109 170032 20110208 170032
23.53 57.51 20110515 035534 20110614 035534
29.73 60.85 20110322 120530 20110421 120530
11.33 69.86 20110301 133016 20110331 133016
2.96 69.7 20110407 183946 20110507 183946
10.76 64.95 20110301 072634 20110331 072634
9.47 64.35 20110206 233147 20110308 233147
20.14 59.08 20110317 033833 20110416 033833
11.31 67.78 20110426 163351 20110526 163351
5.22 56.8 20110415 064909 20110515 064909
17.7 60.03 20110105 101830 20110204 101830
19.74 54.34 20110410 140845 20110510 140845
30.66 68.78 20110324 144120 20110423 144120
16.08 61.3 20110523 142642 20110622 142642
6.18 53.3 20110507 061319 20110606 061319
2.9 53.25 20110415 084038 20110515 084038
6.68 58.41 20110313 054158 20110412 054158
11.66 59.1 20110529 093912 20110628 093912
24.65 61.54 20110402 165442 20110502 165442
24.75 57.34 20110514 192512 20110613 192512
19.49 69.11 20110122 140946 20110221 140946
30.26 58.15 20110107 184939 20110206 184939
34.16 65.87 20110220 031207 20110322 031207
11.52 52.98 20110529 190338 20110628 190338
7.28 61.78 20110511 190317 20110610 190317
36.84 57.13 20110326 172101 20110425 172101
14.3 58.97 20110402 135539 20110502 135539
30.93 69.1 20110127 060246 20110226 060246
15.01 58.68 20110519 112138 20110618 112138
8.82 68.75 20110120 160556 20110219 160556
34.34 61.23 20110423 152646 20110523 152646
32.24 55.08 20110120 002819 20110219 002819
2.65 64.05 20110210 031314 20110312 031314
33.2 64.17 20110418 211656 20110518 211656
27.22 66.87 20110423 115618 20110523 115618
18.65 62.76 20110130 034326 20110301 034326
30.46 61.36 20110128 163253 20110227 163253
13.89 58.59 20110306 130340 20110405 130340
25.68 65.87 20110420 002726 20110520 002726
29.46 68.73 20110530 120058 20110629 120058
29.47 52.79 20110509 073252 20110608 073252
9.73 67.63 20110530 205736 20110629 205736
22.54 60.15 20110207 073758 20110309 073758
19.83 69.75 20110424 170955 20110524 170955
5.04 67.95 20110519 231652 20110618 231652
19.33 57.45 20110111 215834 20110210 215834
33.04 53.17 20110113 110933 20110212 110933
4.03 67.18 20110225 074458 20110327 074458
4.77 68.98 20110124 112132 20110223 112132
22.12 54.75 20110126 154646 20110225 154646
11.23 51.06 20110419 225524 20110519 225524
19.73 60.2 20110315 151737 20110414 151737
25.37 66.62 20110109 233943 20110208 233943
18.52 57.8 20110313 133745 20110412 133745
32.93 61.04 20110521 154849 20110620 154849
7.65 57.11 20110225 192144 20110327 192144
28.09 56.56 20110420 014243 20110520 014243
28.3 66.45 20110519 065827 20110618 065827
6.44 54.14 20110310 115723 20110409 115723
13.52 63.81 20110110 120705 20110209 120705
28.11 66.81 20110227 001411 20110329 001411
8.62 60.1 20110226 174944 20110328 174944
27.45 51.63 20110508 084716 20110607 084716
33.27 51.25 20110214 150545 20110316 150545
14.66 67.42 20110205 082444 20110307 082444
31 54.81 20110104 054157 20110203 054157
8.7 64.29 20110329 021945 20110428 021945
33.56 53.57 20110424 042429 20110524 042429
16.1 63.85 20110303 152327 20110402 152327
7.17 61.96 20110520 204819 20110619 204819
22.56 60.08 20110410 063721 20110510 063721
29.76 58.27 20110205 062527 20110307 062527
20.32 68.24 20110215 193734 20110317 193734
6.05 53.1 20110529 152724 20110628 152724
33.2 60.13 20110122 165812 20110221 165812
20.69 56.85 20110518 185108 20110617 185108
9.45 62.77 20110223 110226 20110325 110226
28.54 68.13 20110523 203817 20110622 203817
22.19 56.66 20110428 160856 20110528 160856
34.51 59.7 20110304 233020 20110403 233020
20.72 57.69 20110202 010829 20110304 010829
3.89 55.2 20110123 172214 20110222 172214
4.21 55.6 20110104 223247 20110203 223247
32.27 60.57 20110217 053631 20110319 053631
18.11 65.61 20110212 152258 20110314 152258
29.67 66.7 20110128 040436 20110227 040436
29.26 61.08 20110318 034905 20110417 034905
2.14 63.78 20110212 021504 20110314 021504
10.59 64.8 20110321 001241 20110420 001241
7.65 67.13 20110114 023330 20110213 023330
14.58 64.76 20110106 015050 20110205 015050
14.12 51.9 20110530 210654 20110629 210654
2.3 52.36 20110106 165108 20110205 165108
24.75 57.9 20110112 195516 20110211 195516
6.64 60.71 20110216 183808 20110318 183808
12.14 68.65 20110219 225403 20110321 225403
9.03 66.07 20110222 084143 20110324 084143
16.6 56.92 20110306 122004 20110405 122004
28.32 63.63 20110121 144801 20110220 144801
14.75 66.42 20110320 094936 20110419 094936
25.39 69.48 20110414 125857 20110514 125857
32.08 67.52 20110427 114336 20110527 114336
25.45 61.96 20110316 102749 20110415 102749
24.96 61.65 20110319 090606 20110418 090606
5.84 56.12 20110328 111616 20110427 111616
28.86 51.37 20110516 135126 20110615 135126
18.03 59.21 20110319 120343 20110418 120343
36.18 53 20110124 031600 20110223 031600
33.57 60.43 20110304 071923 20110403 071923
29.81 66.25 20110218 055611 20110320 055611
4.46 51.42 20110107 050434 20110206 050434
30.12 65.3 20110118 183613 20110217 183613
11.51 68.92 20110503 132836 20110602 132836
35.09 56.01 20110114 060616 20110213 060616
32.5 58.01 20110401 184043 20110501 184043
8.01 55.9 20110113 125055 20110212 125055
35.21 54.8 20110313 233637 20110412 233637
25.01 56.46 20110517 204419 20110616 204419
27.11 54.26 20110424 131757 20110524 131757
27.68 65.72 20110416 025724 20110516 025724
16.19 52.56 20110423 212855 20110523 212855
9.75 59.4 20110226 211124 20110328 211124
13.69 52.32 20110424 152729 20110524 152729
3.92 58.48 20110313 140006 20110412 140006
5.11 52.04 20110224 161158 20110326 161158
7.1 68.31 20110320 193104 20110419 193104
6.01 51.62 20110105 154141 20110204 154141
31.7 68.97 20110331 171113 20110430 171113
28.76 51.54 20110126 003908 20110225 003908
7.29 52.53 20110307 171923 20110406 171923
36.56 56.58 20110123 232230 20110222 232230
25.32 60.08 20110518 061604 20110617 061604
2.9 66.1 20110220 011339 20110322 011339
14.82 63.49 20110509 045700 20110608 045700
18.94 64.85 20110419 124726 20110519 124726
25.8 63.69 20110521 205345 20110620 205345
32.24 53.14 20110206 084754 20110308 084754
10.33 58.49 20110310 181523 20110409 181523
23.06 61.78 20110505 192538 20110604 192538
10.48 61.29 20110228 053231 20110330 053231
22.37 54.71 20110206 024202 20110308 024202
3.41 69.51 20110530 174012 20110629 174012
17.25 58.38 20110124 100721 20110223 100721
11.35 68.49 20110211 084526 20110313 084526
4.65 59.84 20110424 185507 20110524 185507
27.63 64.17 20110325 021619 20110424 021619
13.38 53.02 20110119 025156 20110218 025156
20.31 61.94 20110211 002725 20110313 002725
21.87 54.24 20110403 041520 20110503 041520
6.49 57.44 20110324 224347 20110423 224347
19.06 61.74 20110508 015121 20110607 015121
12.82 66.41 20110414 150737 20110514 150737
35.24 58.07 20110110 160547 20110209 160547
25.13 57.7 20110404 105155 20110504 105155
28.18 68.94 20110107 112601 20110206 112601
31.12 51.37 20110423 195603 20110523 195603
36.71 64.32 20110212 142430 20110314 142430
30.33 57.84 20110112 153054 20110211 153054
24.52 52.51 20110219 073937 20110321 073937
17.62 66.49 20110320 103257 20110419 103257
31.2 53.69 20110316 164034 20110415 164034
15.58 52.93 20110304 072507 20110403 072507
7.09 52.31 20110408 042440 20110508 042440
36.54 61.96 20110401 124457 20110501 124457
9.05 68.57 20110216 182653 20110318 182653
30.96 57.06 20110114 160204 20110213 160204
25.38 68.5 20110420 031928 20110520 031928
10.78 61.73 20110422 171301 20110522 171301
26.85 65.61 20110424 084341 20110524 084341
12.54 52.39 20110502 201624 20110601 201624
25.67 61.75 20110513 005700 20110612 005700
6.53 63.12 20110104 235250 20110203 235250
29.04 54.72 20110416 150113 20110516 150113
17.2 53.07 20110424 174706 20110524 174706
7.07 56.69 20110228 182334 20110330 182334
32.83 64.29 20110217 200424 20110319 200424
34.97 65.88 20110316 224748 20110415 224748
4.07 58.68 20110503 111906 20110602 111906
11.5 51.88 20110531 070559 20110630 070559
27.3 64.26 20110424 142004 20110524 142004
5.54 63.26 20110316 081855 20110415 081855
17.7 59.65 20110526 120811 20110625 120811
5.77 51.46 20110213 154635 20110315 154635
14.77 62.64 20110509 043100 20110608 043100
32.83 61.91 20110601 043317 20110701 043317
15.84 55.99 20110325 054554 20110424 054554
23.45 58.24 20110208 033107 20110310 033107
15.45 69.65 20110125 150509 20110224 150509
30.68 51.71 20110314 155842 20110413 155842
32 61.57 20110215 081700 20110317 081700
7.88 64.94 20110518 195505 20110617 195505
35.46 51.61 20110209 041645 20110311 041645
34.75 52.52 20110103 220706 20110202 220706
30.85 65.95 20110420 181633 20110520 181633
14.9 66.81 20110423 022948 20110523 022948
25.28 59.23 20110318 052208 20110417 052208
24.33 63.48 20110318 041715 20110417 041715
15.55 64.8 20110425 091938 20110525 091938
9.88 65.24 20110521 034203 20110620 034203
14.9 53.11 20110223 221406 20110325 221406
12.43 60.41 20110509 035106 20110608 035106
27.7 64.32 20110315 152416 20110414 152416
5.29 65.69 20110420 082208 20110520 082208
3.03 53.36 20110320 152442 20110419 152442
9.46 61.15 20110115 004239 20110214 004239
24.99 61.87 20110314 175740 20110413 175740
5.88 53.16 20110126 101812 20110225 101812
35.89 62.44 20110505 212251 20110604 212251
25.46 59.09 20110521 072718 20110620 072718
23.44 55.98 20110507 023829 20110606 023829
30.52 64.75 20110125 145923 20110224 145923
21.96 53.65 20110223 111926 20110325 111926
7.47 69.17 20110526 185044 20110625 185044
30.53 56.11 20110423 103206 20110523 103206
24 69.11 20110223 222607 20110325 222607
21.32 56.29 20110524 060052 20110623 060052
24.7 57.2 20110210 155137 20110312 155137
31.45 60.79 20110226 151110 20110328 151110
14.53 51.48 20110407 085203 20110507 085203
19.9 67.94 20110216 041036 20110318 041036
7.72 52.77 20110117 021128 20110216 021128
31.54 55.86 20110516 081019 20110615 081019
34.17 56.36 20110414 094120 20110514 094120
