31.63 55.51 20110523 061448 20110622 061448
22.94 61.68 20110125 061244 20110224 061244
8.44 51.66 20110130 065050 20110301 065050
4.37 66.91 20110212 074510 20110314 074510
28.09 67.06 20110113 211821 20110212 211821
12.86 67.71 20110513 034604 20110612 034604
17.62 60.15 20110509 013313 20110608 013313
19.33 58.6 20110221 155130 20110323 155130
33.97 60.83 20110206 002853 20110308 002853
15.06 54.6 20110512 032159 20110611 032159
19.98 53.06 20110517 071648 20110616 071648
15.41 69.86 20110216 194918 20110318 194918
5.04 60.88 20110428 122429 20110528 122429
34.08 70 20110327 101912 20110426 101912
8.25 66.56 20110226 091400 20110328 091400
9.4 53.44 20110509 163744 20110608 163744
18.44 51.52 20110224 203448 20110326 203448
36 59 20110112 105706 20110211 105706
8.29 52.25 20110503 050201 20110602 050201
31.26 55.8 20110417 071404 20110517 071404
32.2 56.09 20110201 160140 20110303 160140
30.66 55.54 20110516 034148 20110615 034148
20.53 53.07 20110213 050300 20110315 050300
29.64 62.31 20110105 053636 20110204 053636
14.86 59.77 20110413 051422 20110513 051422
20.77 61.99 20110107 031026 20110206 031026
6.93 65.21 20110305 093605 20110404 093605
31.95 68.78 20110220 051624 20110322 051624
4.23 68.77 20110211 075534 20110313 075534
16.85 69.15 20110203 050200 20110305 050200
12.26 52.95 20110526 230821 20110625 230821
8.32 66.01 20110428 052613 20110528 052613
14.51 69.47 20110426 053736 20110526 053736
9.77 60.27 20110118 090254 20110217 090254
11.55 67.23 20110411 071917 20110511 071917
25.46 55.42 20110416 125404 20110516 125404
5.06 65.74 20110507 221708 20110606 221708
25.72 56.68 20110125 074901 20110224 074901
30.08 66.61 20110111 203244 20110210 203244
3 55.35 20110115 031259 20110214 031259
20.37 69.97 20110514 215840 20110613 215840
24.03 51.77 20110312 124302 20110411 124302
2.51 63.79 20110426 033247 20110526 033247
32.13 66.24 20110331 041701 20110430 041701
13.21 59.66 20110506 034030 20110605 034030
21.21 61.38 20110525 111100 20110624 111100
30.16 54.97 20110320 182225 20110419 182225
28.57 57.49 20110327 012957 20110426 012957
19.16 55.7 20110124 100808 20110223 100808
13.76 57.05 20110301 001931 20110331 001931
6.24 56.73 20110418 143508 20110518 143508
10.79 60.9 20110322 151120 20110421 151120
17.15 53.4 20110209 224927 20110311 224927
27.02 68.57 20110115 204352 20110214 204352
31.24 52.97 20110510 130029 20110609 130029
10.61 59.97 20110302 215211 20110401 215211
23.91 67.79 20110407 150348 20110507 150348
4.41 69.72 20110528 011912 20110627 011912
34.92 54.41 20110522 211655 20110621 211655
2.36 65.54 20110411 192510 20110511 192510
18.6 54.83 20110218 000222 20110320 000222
32.53 58.78 20110122 024342 20110221 024342
3.02 54.66 20110204 090034 20110306 090034
22.52 61.37 20110411 072405 20110511 072405
6.77 61.1 20110326 171912 20110425 171912
22.21 53.3 20110202 032114 20110304 032114
30.16 54.17 20110529 112015 20110628 112015
22.26 68.66 20110201 021403 20110303 021403
5.69 69.9 20110302 145457 20110401 145457
15.64 62.93 20110221 071210 20110323 071210
26.36 58.97 20110402 062633 20110502 062633
2.09 63.1 20110516 065338 20110615 065338
31.64 66.86 20110507 231103 20110606 231103
22.85 58.22 20110131 185402 20110302 185402
7.97 55.1 20110509 160754 20110608 160754
36.22 54.57 20110525 124925 20110624 124925
23.8 52.33 20110426 021009 20110526 021009
30.66 68.57 20110211 172156 20110313 172156
2.97 58.55 20110301 015103 20110331 015103
18.06 51.08 20110528 212158 20110627 212158
19.83 59.6 20110417 235429 20110517 235429
19.59 53.45 20110205 034438 20110307 034438
31.46 62.36 20110418 101152 20110518 101152
18.47 57.46 20110320 053706 20110419 053706
33.59 56 20110214 233556 20110316 233556
15.23 61.31 20110206 201400 20110308 201400
8.07 53.04 20110502 032216 20110601 032216
35.38 51.32 20110405 140831 20110505 140831
34.02 53.28 20110329 143253 20110428 143253
20.1 63.65 20110410 061240 20110510 061240
23.04 62.28 20110220 150531 20110322 150531
5.29 61.45 20110401 013457 20110501 013457
17.9 60.57 20110513 184824 20110612 184824
17.88 60.14 20110109 132006 20110208 132006
12.77 58.19 20110302 010030 20110401 010030
2.53 67.22 20110426 055823 20110526 055823
36.68 65.19 20110108 201700 20110207 201700
19.69 65.25 20110126 051346 20110225 051346
19.39 66.29 20110416 010214 20110516 010214
28.04 56.58 20110210 192659 20110312 192659
21.13 60.64 20110325 223425 20110424 223425
35.14 59.5 20110323 081849 20110422 081849
13.01 52.39 20110325 214855 20110424 214855
16.03 66.01 20110111 152028 20110210 152028
28.97 66.43 20110213 080001 20110315 080001
20.92 59.36 20110409 172909 20110509 172909
31.8 56.06 20110205 114631 20110307 114631
35.96 58.49 20110226 130036 20110328 130036
35.37 53.6 20110526 150148 20110625 150148
34.68 52.38 20110225 032411 20110327 032411
2.58 67.81 20110313 230317 20110412 230317
15.95 67.95 20110414 113532 20110514 113532
13.97 63.97 20110223 203116 20110325 203116
26.91 52.48 20110506 182228 20110605 182228
25.96 53.6 20110223 162707 20110325 162707
25.69 66.28 20110311 021619 20110410 021619
26.97 61.77 20110501 194142 20110531 194142
20.06 51.77 20110530 223137 20110629 223137
20.09 53.25 20110524 052204 20110623 052204
5.81 57.06 20110110 170857 20110209 170857
34.31 60.57 20110511 024918 20110610 024918
16.6 65.98 20110219 081731 20110321 081731
4.44 66.59 20110601 061826 20110701 061826
18.22 67.69 20110418 175817 20110518 175817
15.24 69.43 20110129 200744 20110228 200744
6 52.8 20110424 123541 20110524 123541
14.35 61.69 20110330 004731 20110429 004731
25.48 69.53 20110301 235716 20110331 235716
2.1 68.36 20110109 202303 20110208 202303
12.14 55.39 20110419 085107 20110519 085107
18.92 64.86 20110318 005719 20110417 005719
24.52 64.78 20110527 012034 20110626 012034
4.1 55.91 20110514 104928 20110613 104928
15.07 63.07 20110317 073453 20110416 073453
21.11 59.23 20110426 100454 20110526 100454
25.22 62.36 20110116 201023 20110215 201023
19.78 55.5 20110109 080854 20110208 080854
29.66 53.28 20110507 075001 20110606 075001
8.21 59.96 20110104 185718 20110203 185718
29.2 68.97 20110527 110245 20110626 110245
3.96 69.25 20110216 081908 20110318 081908
10.61 63.75 20110401 193611 20110501 193611
4.15 69.19 20110428 195604 20110528 195604
31.96 58.19 20110416 232305 20110516 232305
22.34 64.04 20110222 012336 20110324 012336
9.92 63.36 20110516 090624 20110615 090624
28.52 64.36 20110403 225735 20110503 225735
33.37 62.68 20110430 231448 20110530 231448
23.51 69.84 20110315 102736 20110414 102736
16.71 69.49 20110306 045820 20110405 045820
29.13 57.49 20110131 133535 20110302 133535
12.17 62.84 20110518 092038 20110617 092038
27.61 64.74 20110423 175555 20110523 175555
34.87 65.44 20110315 152852 20110414 152852
12.23 56.98 20110423 082341 20110523 082341
13.57 59.55 20110202 160503 20110304 160503
33.19 68.71 20110430 213548 20110530 213548
14.46 55.6 20110312 005613 20110411 005613
17.7 53.94 20110305 154426 20110404 154426
34.33 65.67 20110124 031758 20110223 031758
6.19 69.09 20110422 095429 20110522 095429
35.4 58.46 20110324 132401 20110423 132401
23.39 59.99 20110429 215252 20110529 215252
16.04 61.68 20110504 055459 20110603 055459
30.43 52.91 20110407 081721 20110507 081721
16.19 52.15 20110415 154203 20110515 154203
28.75 66.34 20110202 105729 20110304 105729
28.27 62.61 20110114 094142 20110213 094142
7.17 55.06 20110125 003934 20110224 003934
16.04 60.43 20110316 194710 20110415 194710
5.33 52.05 20110413 150400 20110513 150400
9.72 54.18 20110211 123422 20110313 123422
11.2 51.56 20110321 051152 20110420 051152
9.27 54.07 20110209 034459 20110311 034459
21.92 51.25 20110429 032030 20110529 032030
32.29 54.27 20110406 062854 20110506 062854
16.57 58.16 20110411 003959 20110511 003959
22.22 63.33 20110105 151237 20110204 151237
28.14 53.5 20110502 050612 20110601 050612
34.37 69.28 20110210 151359 20110312 151359
34.7 54.2 20110128 020926 20110227 020926
24.32 55.26 20110501 164305 20110531 164305
21.37 52.06 20110218 083246 20110320 083246
28.43 64.69 20110517 051419 20110616 051419
8.29 54.65 20110202 161641 20110304 161641
27.07 61.52 20110413 140641 20110513 140641
11.5 68.76 20110520 081227 20110619 081227
22.83 59.07 20110420 030710 20110520 030710
11.54 64.07 20110227 165251 20110329 165251
7.52 52.02 20110319 061826 20110418 061826
20.03 68.77 20110110 123646 20110209 123646
29.53 61.82 20110202 132011 20110304 132011
4.53 67.75 20110505 064251 20110604 064251
2.87 63.59 20110424 090413 20110524 090413
24.66 51.4 20110113 104804 20110212 104804
17.63 67.66 20110328 172441 20110427 172441
18.47 57.71 20110112 161926 20110211 161926
32.22 59.28 20110314 145841 20110413 145841
7.94 63.09 20110105 170140 20110204 170140
7.27 58.63 20110109 030439 20110208 030439
28.05 64.52 20110107 014053 20110206 014053
21.04 62.33 20110528 132347 20110627 132347
33.93 55.27 20110203 111339 20110305 111339
17.66 57.7 20110504 162243 20110603 162243
30.4 62.15 20110306 103349 20110405 103349
25.74 68.42 20110215 215259 20110317 215259
19.55 53.39 20110306 012349 20110405 012349
9.26 57.05 20110420 164759 20110520 164759
29.24 54.43 20110404 020312 20110504 020312
10.94 52.4 20110108 161515 20110207 161515
34.64 62.55 20110406 104438 20110506 104438
5.47 51.39 20110404 182612 20110504 182612
18.28 53.67 20110413 100623 20110513 100623
28.44 63.47 20110520 202739 20110619 202739
31.78 57.59 20110126 033239 20110225 033239
26.47 57.96 20110324 052720 20110423 052720
27.28 51.64 20110308 203752 20110407 203752
14.72 63.72 20110405 144239 20110505 144239
34.82 66.16 20110326 001055 20110425 001055
34.52 55.5 20110214 060022 20110316 060022
21.37 51.24 20110414 154508 20110514 154508
13.23 62.54 20110327 233907 20110426 233907
22.38 52.11 20110104 012840 20110203 012840
15.34 63.95 20110419 005432 20110519 005432
6.74 51.15 20110323 152845 20110422 152845
13.53 56.22 20110411 030251 20110511 030251
14.01 52.09 20110117 032359 20110216 032359
12.55 52.43 20110424 065710 20110524 065710
36.8 67.97 20110127 064512 20110226 064512
20.94 64.5 20110426 184523 20110526 184523
25.31 64.94 20110408 201908 20110508 201908
21.69 59.41 20110224 152512 20110326 152512
12.18 65.6 20110410 225421 20110510 225421
18.34 57.3 20110529 063927 20110628 063927
35.7 65.77 20110319 191052 20110418 191052
22.54 58.58 20110131 025640 20110302 025640
13.33 64.8 20110530 060042 20110629 060042
28.34 60.15 20110116 120209 20110215 120209
8.08 63.01 20110507 165128 20110606 165128
34.91 69.74 20110117 074035 20110216 074035
16.99 62.45 20110302 094426 20110401 094426
9.22 68.75 20110423 183746 20110523 183746
5.6 66.48 20110416 005534 20110516 005534
14.38 56.75 20110526 023243 20110625 023243
17.71 66.71 20110507 224741 20110606 224741
32.89 65.76 20110504 153604 20110603 153604
34.72 60.06 20110425 053638 20110525 053638
5.67 60.59 20110502 124723 20110601 124723
32.87 66.89 20110426 042723 20110526 042723
26.93 64.06 20110131 085019 20110302 085019
33.92 69.69 20110227 085115 20110329 085115
5.18 68.15 20110406 070705 20110506 070705
26.79 55.17 20110121 074907 20110220 074907
7.58 60.1 20110323 225339 20110422 225339
18.97 58.53 20110201 070146 20110303 070146
16.67 66.23 20110119 102310 20110218 102310
13.06 56.39 20110129 070456 20110228 070456
15.63 64.87 20110306 031544 20110405 031544
27.36 57.61 20110413 211138 20110513 211138
22.4 58.11 20110506 040114 20110605 040114
32.61 67.75 20110211 071114 20110313 071114
17.07 52.47 20110218 084103 20110320 084103
13.03 53.71 20110523 221416 20110622 221416
17.88 60.29 20110327 203110 20110426 203110
15.1 53.41 20110308 233117 20110407 233117
12.22 58.81 20110411 220308 20110511 220308
25.45 57 20110105 235823 20110204 235823
30.4 56.29 20110413 005446 20110513 005446
29.75 58.75 20110315 234250 20110414 234250
24.68 55.06 20110226 155319 20110328 155319
19.52 52.01 20110404 145653 20110504 145653
17.92 52.17 20110121 200851 20110220 200851
35.66 59.23 20110129 103014 20110228 103014
6.18 67.33 20110224 031415 20110326 031415
29.79 59.23 20110516 150916 20110615 150916
22.82 66.14 20110511 054514 20110610 054514
17.85 66.2 20110316 003345 20110415 003345
8.92 58.11 20110117 190056 20110216 190056
17.67 51.11 20110206 131837 20110308 131837
16.37 55.19 20110307 205223 20110406 205223
27.17 69.47 20110520 043701 20110619 043701
31.95 67.57 20110212 163119 20110314 163119
31.79 57.19 20110329 093207 20110428 093207
18.94 68.6 20110127 071754 20110226 071754
10.08 68.68 20110131 152939 20110302 152939
25.4 54.13 20110310 232313 20110409 232313
23.53 69.62 20110504 030450 20110603 030450
20.94 55.2 20110326 195425 20110425 195425
19.17 51.64 20110301 010603 20110331 010603
18.56 55.3 20110221 024759 20110323 024759
32.23 65.62 20110503 074158 20110602 074158
2.99 68.09 20110208 100722 20110310 100722
4.33 67.25 20110125 233312 20110224 233312
15.64 56.87 20110302 222908 20110401 222908
24.97 51.61 20110415 195703 20110515 195703
32.87 58.35 20110416 034702 20110516 034702
10.87 65.42 20110330 121330 20110429 121330
3.26 59.15 20110501 054100 20110531 054100
14.99 62.58 20110306 135047 20110405 135047
24.91 65.94 20110203 061237 20110305 061237
14.4 53.6 20110522 033146 20110621 033146
6.15 60.77 20110308 132650 20110407 132650
4.57 52.3 20110125 041044 20110224 041044
34.65 69.21 20110419 195027 20110519 195027
23.45 65.08 20110116 151817 20110215 151817
36.77 69.44 20110528 133726 20110627 133726
2.81 54.48 20110127 182727 20110226 182727
8.81 62.27 20110519 043314 20110618 043314
26.29 65.57 20110223 093229 20110325 093229
24.13 69.04 20110121 194620 20110220 194620
22.18 63.85 20110319 144120 20110418 144120
26.73 51.92 20110109 121741 20110208 121741
17.67 55.03 20110226 035547 20110328 035547
8.04 60.93 20110420 142438 20110520 142438
4.21 56.26 20110124 152918 20110223 152918
27.67 55.33 20110124 173649 20110223 173649
8.29 65.31 20110409 220552 20110509 220552
32.4 64.87 20110415 175553 20110515 175553
7.15 64.42 20110111 225816 20110210 225816
19.18 53.92 20110210 005437 20110312 005437
4.04 58.74 20110522 023418 20110621 023418
13.53 57.3 20110131 084810 20110302 084810
27.59 57.58 20110429 200944 20110529 200944
9.38 67.92 20110414 065832 20110514 065832
31.73 61.29 20110413 175817 20110513 175817
13.69 57.03 20110310 093115 20110409 093115
23.45 61.54 20110526 033921 20110625 033921
27.21 63.53 20110323 141433 20110422 141433
22.79 69.59 20110129 170722 20110228 170722
29.6 59 20110303 082127 20110402 082127
8.82 64.34 20110413 041450 20110513 041450
7.77 52.47 20110216 034135 20110318 034135
6.63 51.06 20110301 083957 20110331 083957
2.43 58.78 20110211 212757 20110313 212757
27.94 64.47 20110429 032617 20110529 032617
19.97 59.18 20110129 174512 20110228 174512
34.07 61.69 20110526 183358 20110625 183358
17.59 63.2 20110123 193832 20110222 193832
31.92 62.91 20110408 180121 20110508 180121
3.42 65.99 20110310 074607 20110409 074607
25.29 59.75 20110111 172841 20110210 172841
28.75 68.58 20110117 061812 20110216 061812
29.49 55.25 20110507 081112 20110606 081112
20.12 67.81 20110309 100035 20110408 100035
35.38 61.94 20110301 095049 20110331 095049
6.43 55.64 20110325 035340 20110424 035340
29.37 62.01 20110401 220949 20110501 220949
12.59 61.64 20110505 122129 20110604 122129
7.16 69.31 20110418 013704 20110518 013704
26.03 52.12 20110306 035349 20110405 035349
30.67 64.33 20110202 045652 20110304 045652
31.5 60.49 20110128 073407 20110227 073407
25.93 54.29 20110411 220115 20110511 220115
10.88 57.5 20110103 153600 20110202 153600
26.17 63.38 20110508 170845 20110607 170845
12.21 65.1 20110203 032610 20110305 032610
11.15 62.32 20110530 082637 20110629 082637
