28.15 69.38 20110306 123140 20110405 123140
10.92 61.12 20110314 151459 20110413 151459
7.4 63.29 20110517 052522 20110616 052522
17.77 55.82 20110226 090949 20110328 090949
34.07 69.11 20110206 094641 20110308 094641
9.53 59.99 20110226 140009 20110328 140009
22.2 59.17 20110202 204948 20110304 204948
11.36 58.6 20110201 001001 20110303 001001
4.27 59.1 20110501 234304 20110531 234304
33.3 60.68 20110525 174848 20110624 174848
19.89 60.72 20110114 001759 20110213 001759
7.73 57.24 20110410 184612 20110510 184612
12.22 60.58 20110420 150723 20110520 150723
34.64 68.08 20110412 074838 20110512 074838
29.93 56.04 20110406 211458 20110506 211458
30.23 58.61 20110419 100825 20110519 100825
23.55 63.1 20110324 095843 20110423 095843
22.22 63.54 20110329 001911 20110428 001911
3.6 68.04 20110509 102208 20110608 102208
16.81 57.6 20110409 110940 20110509 110940
26.58 57.13 20110529 163653 20110628 163653
13.41 66.98 20110531 011405 20110630 011405
7.47 52.38 20110314 104918 20110413 104918
12.49 59.79 20110529 210632 20110628 210632
15.16 66.79 20110501 062930 20110531 062930
31.14 65.26 20110124 081700 20110223 081700
29.53 58.05 20110331 221417 20110430 221417
33.46 65.62 20110105 074615 20110204 074615
4.44 61.04 20110104 113704 20110203 113704
23.04 63.91 20110310 235338 20110409 235338
5.26 62.24 20110113 075008 20110212 075008
33.88 52.62 20110511 140108 20110610 140108
14.27 67.38 20110221 030106 20110323 030106
23.56 63.65 20110130 073402 20110301 073402
19.72 65.96 20110510 010405 20110609 010405
21.72 54.94 20110223 220457 20110325 220457
25.3 66.72 20110213 112840 20110315 112840
11.57 65.05 20110511 195219 20110610 195219
7.35 52.47 20110219 060553 20110321 060553
3.79 53.38 20110211 065431 20110313 065431
24.77 56.67 20110318 002157 20110417 002157
27.57 62.18 20110108 133829 20110207 133829
17.35 68.24 20110328 103911 20110427 103911
9.09 67.4 20110525 024307 20110624 024307
13.93 65.02 20110427 035749 20110527 035749
16.08 67.07 20110526 224444 20110625 224444
28.13 62.94 20110521 152123 20110620 152123
11 53.05 20110516 101959 20110615 101959
4.85 69.64 20110227 124138 20110329 124138
25.76 58.02 20110422 113333 20110522 113333
34.38 65.14 20110224 013400 20110326 013400
11.06 61.86 20110402 015805 20110502 015805
3.33 53.29 20110401 151006 20110501 151006
20.85 64.97 20110513 161101 20110612 161101
2.13 54.21 20110504 144424 20110603 144424
16.79 52.99 20110305 173900 20110404 173900
30.39 52.8 20110508 170930 20110607 170930
30.44 58.54 20110320 191717 20110419 191717
23.52 65.82 20110115 155109 20110214 155109
33.74 61.8 20110128 211101 20110227 211101
35.28 61.71 20110217 051057 20110319 051057
15.76 59.14 20110214 181203 20110316 181203
11.38 57.82 20110201 175543 20110303 175543
31.51 62.62 20110426 204954 20110526 204954
5.56 66.32 20110219 205926 20110321 205926
5.56 69.08 20110409 022530 20110509 022530
23.31 66.69 20110517 082958 20110616 082958
15.01 54.48 20110411 025350 20110511 025350
35.02 54.14 20110410 020316 20110510 020316
8.85 58.53 20110511 035851 20110610 035851
10.66 59.53 20110325 021945 20110424 021945
11.4 52.47 20110516 051708 20110615 051708
14.01 55.46 20110509 124702 20110608 124702
6.12 61.31 20110517 151727 20110616 151727
25.26 60.89 20110106 182633 20110205 182633
36.01 68.06 20110423 050102 20110523 050102
35.01 57.61 20110510 011312 20110609 011312
35.73 54.46 20110413 161321 20110513 161321
11.28 58.97 20110220 053359 20110322 053359
15.97 66.46 20110317 191515 20110416 191515
34.75 65.8 20110321 231554 20110420 231554
12.43 57.69 20110316 151812 20110415 151812
9.36 61.41 20110127 042818 20110226 042818
32.97 67.37 20110311 085033 20110410 085033
7.28 56.99 20110416 032516 20110516 032516
32.48 59.99 20110524 201650 20110623 201650
18.3 54.76 20110121 044356 20110220 044356
28.87 53.78 20110509 181440 20110608 181440
36.23 59.83 20110306 154028 20110405 154028
7.91 59.42 20110414 032855 20110514 032855
11.11 52.2 20110214 090422 20110316 090422
8.43 57.77 20110210 104319 20110312 104319
17.06 51.26 20110308 170327 20110407 170327
6.34 60.25 20110408 005148 20110508 005148
21.46 69.37 20110410 170336 20110510 170336
13.39 51.75 20110507 112226 20110606 112226
32.3 67.27 20110114 062008 20110213 062008
21.48 53.33 20110302 020012 20110401 020012
4.53 53.8 20110422 014113 20110522 014113
25.47 63.26 20110120 032154 20110219 032154
6.01 68.39 20110120 112010 20110219 112010
16.77 60.95 20110418 171909 20110518 171909
20.98 56.58 20110528 035322 20110627 035322
24.82 57.53 20110214 113709 20110316 113709
20.24 63.47 20110311 035309 20110410 035309
9.42 54.69 20110124 195202 20110223 195202
17.91 64.97 20110405 161950 20110505 161950
7.38 55.15 20110223 151546 20110325 151546
23.17 62.8 20110213 221533 20110315 221533
15.76 54.02 20110428 101744 20110528 101744
27.84 53.4 20110303 050628 20110402 050628
29.58 67.34 20110503 134919 20110602 134919
9.37 58.36 20110104 235513 20110203 235513
24.57 60.21 20110420 131116 20110520 131116
4.63 63.34 20110427 132524 20110527 132524
23.84 65.75 20110128 012306 20110227 012306
28.95 55.86 20110302 022113 20110401 022113
20.09 68.8 20110405 120734 20110505 120734
3.65 54.2 20110307 043427 20110406 043427
3.64 66.4 20110325 234535 20110424 234535
6.59 61.2 20110420 025911 20110520 025911
32.56 63.14 20110515 064322 20110614 064322
33.37 62.46 20110131 195644 20110302 195644
23.47 51.49 20110417 035453 20110517 035453
25.87 68.66 20110214 200226 20110316 200226
9.71 63.53 20110419 202134 20110519 202134
20.32 61.66 20110217 042700 20110319 042700
15.8 53.87 20110125 204006 20110224 204006
36.58 54.41 20110225 172429 20110327 172429
8.04 67.86 20110318 075140 20110417 075140
27.09 55.35 20110510 230334 20110609 230334
12.7 63.94 20110209 072849 20110311 072849
23.35 57.92 20110525 172856 20110624 172856
24.29 59.62 20110222 030757 20110324 030757
33.43 64.54 20110301 015529 20110331 015529
3.54 51.88 20110311 042619 20110410 042619
31.68 69.19 20110509 042310 20110608 042310
32.81 60.72 20110111 045848 20110210 045848
34.18 65.68 20110113 041212 20110212 041212
18.73 62.27 20110221 032307 20110323 032307
34.16 58.61 20110110 084440 20110209 084440
33.83 66.98 20110319 160407 20110418 160407
24.99 63.31 20110520 012059 20110619 012059
23.5 54.98 20110326 002537 20110425 002537
28.14 54.58 20110401 070612 20110501 070612
28.12 55.98 20110204 224210 20110306 224210
28.73 59.61 20110321 025134 20110420 025134
18.21 55.62 20110529 111913 20110628 111913
6.56 63.67 20110514 225048 20110613 225048
9.43 59.03 20110409 131301 20110509 131301
27.39 58.15 20110519 002724 20110618 002724
25.9 52.99 20110514 231147 20110613 231147
16.45 51.91 20110124 173642 20110223 173642
11.89 54.22 20110422 195817 20110522 195817
32.25 56.81 20110128 180920 20110227 180920
6.41 67.23 20110118 162822 20110217 162822
34.82 69.44 20110317 095137 20110416 095137
2.18 58.9 20110521 090255 20110620 090255
31.41 57.24 20110516 183357 20110615 183357
27.83 52.55 20110427 014627 20110527 014627
3.32 67.07 20110309 061145 20110408 061145
24.88 51.71 20110211 124733 20110313 124733
14.78 65.24 20110512 110151 20110611 110151
6.8 52.71 20110316 185019 20110415 185019
27.76 64.16 20110216 054218 20110318 054218
2.54 66.06 20110503 050700 20110602 050700
26.4 59.64 20110115 154145 20110214 154145
19.76 54.16 20110409 031510 20110509 031510
5.28 52.5 20110302 231455 20110401 231455
6.97 55.14 20110107 170409 20110206 170409
24.79 61.1 20110115 230300 20110214 230300
10.6 60.82 20110512 192329 20110611 192329
4.64 59.2 20110131 162739 20110302 162739
10.52 68.43 20110428 140509 20110528 140509
30.63 54.06 20110206 182040 20110308 182040
3.65 55.9 20110131 122614 20110302 122614
35 65.73 20110215 074529 20110317 074529
25.74 61.94 20110204 072315 20110306 072315
6.25 63 20110109 211730 20110208 211730
13.14 67.79 20110116 110422 20110215 110422
32.4 55.01 20110220 083917 20110322 083917
5.25 64.41 20110427 182810 20110527 182810
8.51 69.11 20110109 203837 20110208 203837
13.36 55.81 20110514 020649 20110613 020649
35.45 61.59 20110209 041530 20110311 041530
10.05 67.63 20110226 134124 20110328 134124
3.76 53.96 20110531 080748 20110630 080748
9.87 55.14 20110312 011739 20110411 011739
24.54 58.52 20110530 002535 20110629 002535
19.12 68.82 20110117 172046 20110216 172046
15 58.68 20110426 020228 20110526 020228
16.63 57.58 20110426 045427 20110526 045427
13.47 59.91 20110412 153122 20110512 153122
25.32 65.69 20110322 015834 20110421 015834
29.72 54.43 20110504 055209 20110603 055209
28.6 60.21 20110413 071827 20110513 071827
16.77 59.49 20110515 124950 20110614 124950
33.82 62.33 20110314 020547 20110413 020547
14.93 59.13 20110502 172857 20110601 172857
6.36 69.07 20110313 111051 20110412 111051
32.32 57.17 20110123 155831 20110222 155831
25.11 54.48 20110418 160205 20110518 160205
6.46 64.42 20110117 113724 20110216 113724
9.5 63.57 20110511 154733 20110610 154733
9.45 64.39 20110430 024606 20110530 024606
30.11 67.79 20110406 212916 20110506 212916
8.78 52.32 20110211 071428 20110313 071428
5.67 59.44 20110530 074827 20110629 074827
8.38 57.32 20110422 151112 20110522 151112
15.48 60.48 20110205 010854 20110307 010854
2.36 62.17 20110409 100209 20110509 100209
26.96 61.87 20110305 041748 20110404 041748
31.27 58.35 20110508 233215 20110607 233215
14.35 54.99 20110430 163208 20110530 163208
17.7 59.29 20110110 232430 20110209 232430
29.56 61.95 20110120 114939 20110219 114939
36.8 51.45 20110522 003427 20110621 003427
28.31 57.51 20110217 100049 20110319 100049
6.54 53.88 20110528 005149 20110627 005149
5.29 60.47 20110515 215838 20110614 215838
8.38 52.03 20110402 222522 20110502 222522
2.83 52.24 20110116 065608 20110215 065608
32.52 60.1 20110529 232453 20110628 232453
28.71 58.7 20110215 042501 20110317 042501
23.65 61.63 20110312 170914 20110411 170914
19.12 54.95 20110219 214238 20110321 214238
28.98 52.49 20110317 175014 20110416 175014
5.49 69.96 20110207 190424 20110309 190424
25.8 51.68 20110106 201841 20110205 201841
33.83 60.21 20110326 101156 20110425 101156
36.42 60.97 20110225 235225 20110327 235225
24.44 62.81 20110307 063423 20110406 063423
19.92 59.86 20110308 190937 20110407 190937
27.05 66.1 20110103 123244 20110202 123244
36.67 69.38 20110421 122409 20110521 122409
18.94 64.23 20110419 155108 20110519 155108
2.74 52.52 20110506 203936 20110605 203936
10.63 66.85 20110122 212020 20110221 212020
27.48 60.86 20110402 145236 20110502 145236
6.86 53.05 20110301 195738 20110331 195738
10.81 67.7 20110210 120127 20110312 120127
20.72 61.55 20110329 051601 20110428 051601
21.08 59.53 20110404 154633 20110504 154633
4.55 69.14 20110419 070951 20110519 070951
10.54 52.39 20110401 172931 20110501 172931
28.19 56.73 20110208 235726 20110310 235726
21.56 51.21 20110520 225358 20110619 225358
16.84 65.98 20110415 181945 20110515 181945
6.39 54.55 20110105 195059 20110204 195059
25.33 68.19 20110122 172631 20110221 172631
33.2 51.23 20110321 175033 20110420 175033
12.6 53.25 20110530 050658 20110629 050658
18.29 55.4 20110201 040334 20110303 040334
15.47 66.92 20110529 063513 20110628 063513
26.37 68.6 20110112 191835 20110211 191835
34.6 56.07 20110417 135329 20110517 135329
11.94 53.33 20110310 003343 20110409 003343
2.75 54.36 20110219 211530 20110321 211530
18.27 66.19 20110223 182532 20110325 182532
14.95 60.92 20110311 013332 20110410 013332
4.79 64.79 20110425 050249 20110525 050249
19.02 56.63 20110121 102854 20110220 102854
6.07 67.98 20110415 191237 20110515 191237
8.01 67.73 20110318 082337 20110417 082337
33.01 54.89 20110330 165529 20110429 165529
6.47 62.85 20110506 205226 20110605 205226
15.17 56.68 20110121 045826 20110220 045826
7.27 56.77 20110128 211037 20110227 211037
28.99 56.68 20110128 191510 20110227 191510
14.88 60.61 20110523 222425 20110622 222425
28.62 60.64 20110211 131256 20110313 131256
31.67 67.94 20110514 053025 20110613 053025
22.25 53.98 20110215 150522 20110317 150522
13.74 65.24 20110105 235539 20110204 235539
23.47 53.07 20110402 095238 20110502 095238
10.82 67 20110324 121629 20110423 121629
8.56 55.57 20110228 001437 20110330 001437
11.79 53.88 20110527 230631 20110626 230631
15.17 58.51 20110222 043534 20110324 043534
4.8 56.99 20110211 053519 20110313 053519
13.21 61.66 20110211 092521 20110313 092521
22.57 67.08 20110508 032400 20110607 032400
28.87 63.62 20110513 072325 20110612 072325
19.85 65.03 20110429 174000 20110529 174000
36.99 64.17 20110227 143937 20110329 143937
25.99 65.6 20110225 112755 20110327 112755
33.2 59.2 20110405 081047 20110505 081047
31.94 53.35 20110228 073043 20110330 073043
8.69 66.23 20110402 123612 20110502 123612
28.1 56.59 20110112 101727 20110211 101727
24.66 67.54 20110409 213844 20110509 213844
3.97 53.61 20110123 033158 20110222 033158
25.41 60.76 20110213 210932 20110315 210932
28.92 58.92 20110120 154844 20110219 154844
4.19 63.54 20110126 160729 20110225 160729
8.8 55.9 20110313 092619 20110412 092619
8 58.52 20110529 080725 20110628 080725
8.06 55.17 20110103 151821 20110202 151821
34.88 69.4 20110120 002635 20110219 002635
30.12 69.36 20110403 152436 20110503 152436
28.38 53.11 20110506 123035 20110605 123035
30.46 61.31 20110128 144211 20110227 144211
4.67 64.54 20110413 010216 20110513 010216
8.21 52.78 20110509 045857 20110608 045857
23.38 67.83 20110425 202603 20110525 202603
21.55 67.16 20110325 154117 20110424 154117
11.86 53.25 20110404 043109 20110504 043109
14.67 57.61 20110524 220759 20110623 220759
26.02 53.76 20110216 182636 20110318 182636
5.03 66.65 20110220 091954 20110322 091954
11.03 63.43 20110311 005433 20110410 005433
28.84 53.36 20110215 103054 20110317 103054
5.74 59.85 20110413 075136 20110513 075136
15.01 54.93 20110428 085240 20110528 085240
16.94 53.61 20110413 030028 20110513 030028
30.45 69.39 20110305 163151 20110404 163151
30.47 62.43 20110304 234624 20110403 234624
21.58 55.21 20110213 131922 20110315 131922
19.06 52.03 20110328 110651 20110427 110651
36.51 57.08 20110219 232033 20110321 232033
8.63 63.95 20110314 041046 20110413 041046
22.69 69.07 20110315 071618 20110414 071618
8.86 54.34 20110528 122951 20110627 122951
21.03 61.87 20110112 171349 20110211 171349
25.61 64.52 20110313 093042 20110412 093042
32.48 52.38 20110421 123404 20110521 123404
22.21 58.64 20110220 064135 20110322 064135
2.08 55.46 20110223 174856 20110325 174856
3.29 67.5 20110217 181918 20110319 181918
12.52 65.09 20110416 215754 20110516 215754
9.33 53.14 20110526 143517 20110625 143517
16.36 60.76 20110220 201914 20110322 201914
4.12 53.49 20110318 233422 20110417 233422
34.2 59.88 20110110 150439 20110209 150439
5 63.11 20110505 075547 20110604 075547
13.68 57.63 20110405 132114 20110505 132114
34.71 69.99 20110306 182847 20110405 182847
11.12 68.97 20110307 141119 20110406 141119
27.82 51.23 20110219 142523 20110321 142523
8.33 57.05 20110528 193320 20110627 193320
33.17 69.9 20110128 160502 20110227 160502
34.32 58.47 20110531 225248 20110630 225248
16.28 69.79 20110523 015619 20110622 015619
27.92 67.15 20110127 032110 20110226 032110
28.16 64.93 20110330 160541 20110429 160541
15.34 61.22 20110212 211158 20110314 211158
7.13 58.92 20110403 073018 20110503 073018
20.46 51.15 20110424 150635 20110524 150635
5.18 57.31 20110502 212616 20110601 212616
22.19 66.87 20110316 020737 20110415 020737
33.68 53.08 20110104 133654 20110203 133654
20.81 60.73 20110126 000446 20110225 000446
26.28 59.05 20110313 134017 20110412 134017
30.94 66.18 20110302 095501 20110401 095501
33.71 61.37 20110416 212030 20110516 212030
11.27 69.23 20110515 153624 20110614 153624
4.42 52.58 20110507 195438 20110606 195438
