128.13 -0.45 20121127 124010 20121227 124010
153.96 -26.25 20121124 183651 20121224 183651
135.95 -33.02 20121031 105416 20121130 105416
136.62 -24.49 20120816 011945 20120915 011945
124.59 -5.35 20120912 140236 20121012 140236
127.68 -30.93 20120813 113024 20120912 113024
124.81 -18.23 20120817 125502 20120916 125502
124.93 -16.3 20120927 034747 20121027 034747
158.21 -19.84 20121012 032930 20121111 032930
158.58 -5.47 20120918 081544 20121018 081544
115.13 -3.23 20121108 040003 20121208 040003
136.71 -5.92 20121106 024618 20121206 024618
115.02 -16.95 20120829 065133 20120928 065133
136.29 -28.92 20121014 141851 20121113 141851
146.07 -32.84 20121009 050112 20121108 050112
114.89 -18.72 20120905 002813 20121005 002813
114.86 -11.65 20120814 090822 20120913 090822
121.37 -24.28 20120828 085745 20120927 085745
134.91 4.15 20121009 173737 20121108 173737
157.34 -19.61 20120814 153357 20120913 153357
123.81 1.07 20120815 202931 20120914 202931
157.29 -11.79 20121002 025158 20121101 025158
150.31 -15.99 20120815 171450 20120914 171450
125.48 -10.18 20121110 104933 20121210 104933
137.52 -8.94 20120917 192926 20121017 192926
114.36 -13.66 20121116 112624 20121216 112624
158.69 -3.76 20120904 133555 20121004 133555
157.57 -30.93 20120908 121627 20121008 121627
150.29 -31.09 20121110 143753 20121210 143753
115.62 -9.27 20121010 080005 20121109 080005
117.15 3.25 20121103 110047 20121203 110047
127.59 -34.83 20121005 002705 20121104 002705
135.2 -17.42 20120805 103652 20120904 103652
126.58 -32.75 20120815 181331 20120914 181331
116.08 -23.07 20121117 155408 20121217 155408
152.06 -29.95 20121108 060829 20121208 060829
134.04 -34.42 20120812 110409 20120911 110409
156.61 -4.63 20120824 024748 20120923 024748
132.03 -13.1 20121126 093954 20121226 093954
124.76 -18.97 20121012 124939 20121111 124939
123.87 0.66 20120924 015015 20121024 015015
143.17 -22.32 20121021 161736 20121120 161736
143.12 -28 20121013 181331 20121112 181331
157.46 4.44 20121019 171214 20121118 171214
132.89 -21.51 20120810 215938 20120909 215938
126.32 -28.42 20120812 192635 20120911 192635
150.35 -18.43 20121020 161414 20121119 161414
113.3 -5.98 20120805 120456 20120904 120456
137.3 -21.28 20121021 232337 20121120 232337
133.6 -8.85 20120918 215841 20121018 215841
134.72 -2.64 20120920 175407 20121020 175407
131.6 -25.93 20120910 015104 20121010 015104
114.65 -30.36 20120830 233740 20120929 233740
139.27 -17.2 20121028 151705 20121127 151705
143.07 -10.66 20121102 120644 20121202 120644
158.27 3.79 20121109 231737 20121209 231737
154.47 -31.4 20121118 015812 20121218 015812
158.58 -7.15 20120804 145254 20120903 145254
139.28 -34.64 20120928 131955 20121028 131955
132.75 -4.53 20121126 061736 20121226 061736
140.52 -6.55 20121105 173705 20121205 173705
142.11 -5.71 20121023 190831 20121122 190831
128.65 -11.75 20121004 023309 20121103 023309
119.06 -22.48 20120804 083009 20120903 083009
114.32 1.8 20120805 093154 20120904 093154
119.95 -18.73 20121022 163223 20121121 163223
120.89 -12.02 20121006 080528 20121105 080528
139 -20.68 20120909 235551 20121009 235551
151.77 -19.78 20121127 165528 20121227 165528
114.96 -27.56 20121125 214845 20121225 214845
127.87 -32.31 20121018 160006 20121117 160006
113.17 -14.18 20120819 191448 20120918 191448
148.59 -23.7 20121029 214748 20121128 214748
152.98 -10.67 20121102 034655 20121202 034655
127.04 -8.31 20120825 061406 20120924 061406
146.01 -22.32 20121102 153503 20121202 153503
144.96 3.19 20120909 195629 20121009 195629
119.77 -7.95 20120809 224921 20120908 224921
146.14 -15.29 20121101 010754 20121201 010754
143.27 -9.29 20121018 063722 20121117 063722
158.38 -8.48 20120917 040446 20121017 040446
130.85 -34.61 20120905 090444 20121005 090444
124.71 -17.7 20121129 233410 20121229 233410
143.34 -20.37 20121009 072623 20121108 072623
148.34 1.13 20121010 210753 20121109 210753
127.04 -11.73 20121008 004208 20121107 004208
130.77 -2.57 20121115 200948 20121215 200948
158 -10.9 20121123 224352 20121223 224352
154.5 1.37 20121122 124350 20121222 124350
114.2 -18.24 20120915 221446 20121015 221446
151.12 -10.13 20120830 083710 20120929 083710
147.11 2.36 20120822 212930 20120921 212930
127.87 -20.73 20120813 201310 20120912 201310
131.7 -6.28 20121112 023703 20121212 023703
149.61 -24.65 20120823 140956 20120922 140956
153.41 -28.1 20120914 062059 20121014 062059
143.58 -15.93 20120914 205621 20121014 205621
119.13 0.48 20121108 130510 20121208 130510
117.92 -17.51 20121125 192805 20121225 192805
139.84 -17.15 20121108 141145 20121208 141145
127.11 -5.37 20120922 180209 20121022 180209
149.09 -25.24 20120825 222033 20120924 222033
128.35 -16.65 20121010 015722 20121109 015722
157.16 -18.57 20121115 223315 20121215 223315
140.29 -17.19 20120817 020153 20120916 020153
119.97 -27.22 20120829 004019 20120928 004019
128.82 -17.33 20121010 043038 20121109 043038
141.28 -27.88 20121031 060426 20121130 060426
129.57 -25.25 20121120 062459 20121220 062459
122.05 -15.25 20121002 010612 20121101 010612
131.41 -10.67 20120812 140330 20120911 140330
131.15 -17.67 20120830 133143 20120929 133143
137.14 -14.35 20121018 173545 20121117 173545
123.42 -31.5 20121023 140934 20121122 140934
124.02 -6.43 20121002 072059 20121101 072059
138.73 -14.63 20121128 234424 20121228 234424
115.99 -20.53 20121031 063448 20121130 063448
136.77 1.42 20120905 171711 20121005 171711
157.72 -21.97 20121121 141451 20121221 141451
129.67 -20.33 20120903 093851 20121003 093851
132.77 -18.61 20121114 181012 20121214 181012
144.46 2.86 20120827 190338 20120926 190338
146.44 4.01 20121123 134852 20121223 134852
142.57 -4.81 20120809 100232 20120908 100232
122.61 -9.54 20121127 170003 20121227 170003
121.82 -3.33 20121005 011340 20121104 011340
116.81 -3.79 20120828 071500 20120927 071500
135.49 -30.05 20121014 094945 20121113 094945
146.12 -6.26 20120904 061412 20121004 061412
151.83 -5.85 20121002 043136 20121101 043136
153.93 -5.97 20121109 020413 20121209 020413
157.71 -32.77 20120907 065230 20121007 065230
115.02 -10.5 20121116 202556 20121216 202556
136.29 -17.27 20121126 232412 20121226 232412
152.77 3.91 20120908 043445 20121008 043445
119.37 -5.86 20120915 065015 20121015 065015
132.25 -13.83 20121016 235758 20121115 235758
120.76 -8.76 20120912 132334 20121012 132334
131.73 -2.29 20121020 155838 20121119 155838
137.88 -3.43 20121128 192456 20121228 192456
138.91 1.81 20121113 220319 20121213 220319
137.82 -1.79 20120927 015724 20121027 015724
152.59 -29.71 20121029 174122 20121128 174122
127.23 1.91 20121107 201514 20121207 201514
130.48 -5.74 20120901 202815 20121001 202815
126.88 -31.14 20121023 104200 20121122 104200
155.45 0.95 20120820 174426 20120919 174426
153.1 -31.58 20120915 074912 20121015 074912
115.88 -15.32 20121126 011316 20121226 011316
119.04 -10.72 20120805 010332 20120904 010332
117.44 1.82 20120924 194343 20121024 194343
127.06 -29.26 20121022 081613 20121121 081613
142.61 -7.25 20120924 162737 20121024 162737
148.57 2.31 20120807 123348 20120906 123348
136.02 -24.22 20120804 153947 20120903 153947
145.4 -28.13 20121020 093620 20121119 093620
142.43 -9.24 20121006 131757 20121105 131757
114.86 -30.15 20120830 095402 20120929 095402
155.21 -22.06 20120901 071825 20121001 071825
120.53 -18.8 20121104 174618 20121204 174618
133.41 4.11 20121010 235335 20121109 235335
147.9 -10.62 20121130 102004 20121230 102004
146.77 -19.92 20120914 004220 20121014 004220
152.36 -33.61 20121003 133138 20121102 133138
142.01 2.03 20121001 174653 20121031 174653
135.66 2.71 20120902 112904 20121002 112904
124.87 -32.11 20120925 214802 20121025 214802
128.71 -3.99 20121003 090612 20121102 090612
139.9 -9.11 20121107 141916 20121207 141916
135.15 -27.47 20121008 075424 20121107 075424
141.32 -12.41 20120905 005248 20121005 005248
126.78 -31.85 20120903 153440 20121003 153440
116.32 3.31 20120930 074001 20121030 074001
126.91 -9.86 20121010 190535 20121109 190535
151.53 -23.88 20120919 040513 20121019 040513
158.91 0.83 20120806 042549 20120905 042549
146.09 -0.11 20120820 183209 20120919 183209
143.6 -10.56 20121116 031204 20121216 031204
115.21 -26.96 20121128 061311 20121228 061311
156.66 -20.85 20121031 173909 20121130 173909
125.89 -12.95 20120914 132941 20121014 132941
129.49 -33.33 20120916 221345 20121016 221345
122.25 -21.28 20120928 071713 20121028 071713
144.05 -22.3 20120813 132159 20120912 132159
156.48 3.31 20121029 081346 20121128 081346
115.6 -33.54 20120904 112110 20121004 112110
145.69 -32.94 20120820 165059 20120919 165059
122.42 3.86 20120929 081701 20121029 081701
146.71 -1.08 20121121 050517 20121221 050517
130.74 -27.53 20121020 105618 20121119 105618
138.34 -10.3 20120811 130514 20120910 130514
126.65 -15.98 20120913 121834 20121013 121834
114.7 -30.64 20121017 012254 20121116 012254
128.53 -26.7 20121008 071313 20121107 071313
122.77 -12.49 20120928 122248 20121028 122248
128.57 -4.02 20121128 173501 20121228 173501
140.63 -12.38 20121123 040351 20121223 040351
152.23 -29.9 20120924 235404 20121024 235404
157.85 -15.18 20121026 094138 20121125 094138
129.44 -1.94 20120901 223707 20121001 223707
114.55 -22.19 20121003 172530 20121102 172530
126.13 -1.14 20120902 134922 20121002 134922
158.63 -0.42 20120829 182915 20120928 182915
145.11 -17.37 20121008 212557 20121107 212557
135.55 -2.91 20120922 044243 20121022 044243
142.53 -24.86 20120823 165131 20120922 165131
131.23 -28.81 20120825 120501 20120924 120501
120.25 4.13 20121107 043744 20121207 043744
156.38 -27.85 20121101 145548 20121201 145548
116.68 -7.89 20120909 072039 20121009 072039
147.5 -11.01 20121011 143744 20121110 143744
133.3 -20.04 20121120 081721 20121220 081721
116.73 -16.26 20120929 042522 20121029 042522
143.17 -1.64 20121103 210919 20121203 210919
144.31 -21.28 20121021 033208 20121120 033208
142.51 -9.05 20121008 023755 20121107 023755
126.93 -34.61 20120813 133925 20120912 133925
126.67 -12.94 20120818 152114 20120917 152114
147.02 -11.81 20121005 200304 20121104 200304
155 -28.22 20121121 184807 20121221 184807
132.61 -10.49 20120805 071749 20120904 071749
136.08 -16.66 20120911 053222 20121011 053222
133.33 -18.01 20121030 080024 20121129 080024
120.63 -2.51 20121102 043803 20121202 043803
151.12 -20.96 20120822 043604 20120921 043604
127.88 -8.53 20121007 235919 20121106 235919
125.58 -30.6 20120911 103740 20121011 103740
155 -13.67 20120913 010205 20121013 010205
120.49 -17.07 20121007 022043 20121106 022043
145.84 -31.03 20120821 130834 20120920 130834
158.44 -5.14 20120830 085616 20120929 085616
146.87 -11.64 20120831 154508 20120930 154508
146.49 -7.79 20120919 185621 20121019 185621
138.57 -34.39 20120912 015821 20121012 015821
154.17 -3.22 20120806 154817 20120905 154817
120.71 -32.65 20121126 131149 20121226 131149
127.52 -6.58 20121126 053313 20121226 053313
119.17 -13.57 20121016 081752 20121115 081752
114.56 -27.73 20121024 123908 20121123 123908
118.74 1.1 20120904 231213 20121004 231213
129.61 -28.2 20120925 092457 20121025 092457
114.92 -34.95 20121102 070651 20121202 070651
129.36 0.31 20120910 071625 20121010 071625
127.67 -5.3 20120819 171729 20120918 171729
142.77 -16.13 20120927 061839 20121027 061839
142.39 -10.45 20121020 224044 20121119 224044
119.28 -31.96 20120921 054112 20121021 054112
146.2 -32.6 20120928 080701 20121028 080701
147.85 -7.08 20120926 195051 20121026 195051
142.54 1.18 20120831 102422 20120930 102422
139.6 -21.6 20120830 144002 20120929 144002
155.46 -4.74 20120826 133024 20120925 133024
133.24 -1.51 20120927 230537 20121027 230537
125.83 -4.96 20121024 071509 20121123 071509
131.11 3.04 20121018 102621 20121117 102621
143.9 -31.03 20121201 001538 20121231 001538
124.97 -9.59 20121002 153359 20121101 153359
146.15 -29.69 20121003 230006 20121102 230006
123.05 -28.78 20121105 073704 20121205 073704
137.35 -0.53 20121107 035539 20121207 035539
149.22 -16.99 20120907 234540 20121007 234540
129.14 -6.29 20121130 114043 20121230 114043
147.09 -5.37 20120829 201316 20120928 201316
150.47 -33.12 20121026 122131 20121125 122131
146.83 -6.63 20121003 082328 20121102 082328
155.93 -5.38 20120821 184634 20120920 184634
144.05 -30.61 20121001 062540 20121031 062540
118.03 -2.9 20120909 030007 20121009 030007
113.23 -20.2 20121013 070307 20121112 070307
116.49 -21.25 20120806 134412 20120905 134412
156.06 -24.75 20120811 211402 20120910 211402
133.94 -23.36 20120821 102900 20120920 102900
152.78 -19.87 20120901 135424 20121001 135424
151.45 -17.2 20120822 132812 20120921 132812
122.87 -33.58 20121113 052941 20121213 052941
137.35 -27.48 20120813 202715 20120912 202715
149.89 -10.69 20121002 091109 20121101 091109
128.91 -30.26 20121103 094624 20121203 094624
129.41 2.86 20120912 042525 20121012 042525
122.61 -2.03 20120928 230213 20121028 230213
150.03 1.63 20120830 025239 20120929 025239
127.93 -5.9 20120902 164825 20121002 164825
118.67 -12.88 20120822 022417 20120921 022417
142.19 -13.64 20121126 010531 20121226 010531
149.55 -31.38 20120806 020156 20120905 020156
141.45 -12.02 20120908 173331 20121008 173331
122.56 -23.82 20120923 145812 20121023 145812
122.4 2.64 20121030 123458 20121129 123458
114.21 -24.11 20120806 213631 20120905 213631
143.88 -16.65 20120913 211815 20121013 211815
158.74 -33.22 20120921 103534 20121021 103534
150.79 -11.08 20121027 194750 20121126 194750
126.54 -27.41 20120924 044813 20121024 044813
116.08 -20.12 20120930 030604 20121030 030604
118.79 -1.48 20121120 111957 20121220 111957
118.63 -18.88 20120823 071103 20120922 071103
116.27 -8.29 20120812 232817 20120911 232817
141.96 -22.91 20121017 074148 20121116 074148
127.83 -9.51 20120822 033530 20120921 033530
116.42 -30.58 20121018 000954 20121117 000954
116.46 -11.37 20121107 154628 20121207 154628
133.76 -17.77 20120811 162214 20120910 162214
145.81 -1.19 20121027 084413 20121126 084413
146.07 -28.24 20120905 164815 20121005 164815
154.85 2.24 20121105 200145 20121205 200145
136.78 -2.99 20121011 144814 20121110 144814
156.93 -21.08 20120921 144022 20121021 144022
113.21 -15.32 20121022 011209 20121121 011209
138.74 -0.35 20120907 044255 20121007 044255
145.93 -29.28 20120830 190902 20120929 190902
125.13 2.21 20120826 153722 20120925 153722
116.14 -1.42 20121128 092517 20121228 092517
156.18 -26.09 20120818 054400 20120917 054400
122.78 -22.85 20121119 131933 20121219 131933
158.79 -31.17 20121102 004007 20121202 004007
156.17 3.22 20120922 193716 20121022 193716
137.77 -21.79 20121012 150135 20121111 150135
148.07 -24.22 20121017 210547 20121116 210547
120.64 -11.36 20121114 104452 20121214 104452
117.57 -7.23 20121108 142318 20121208 142318
142.65 -0.65 20121014 085036 20121113 085036
139.38 -24.22 20120920 100913 20121020 100913
114.3 -3.57 20121031 180715 20121130 180715
155.82 -17.3 20121123 055941 20121223 055941
114.15 -12.84 20120824 072349 20120923 072349
151.82 -19.6 20121016 164405 20121115 164405
157.59 -23.87 20120826 191035 20120925 191035
145.8 2.58 20121025 132834 20121124 132834
152.31 -8.55 20121120 151631 20121220 151631
149.97 -18 20121103 201616 20121203 201616
119.51 -21.89 20120924 080426 20121024 080426
123.29 -26.24 20120909 120032 20121009 120032
115.57 -14.14 20121110 131516 20121210 131516
126.48 2.53 20120908 145525 20121008 145525
124.24 -16.09 20121130 124036 20121230 124036
127.97 -5.1 20120813 124800 20120912 124800
114.76 -22.35 20120803 145902 20120902 145902
127.82 -6.7 20120816 114743 20120915 114743
128.79 2.27 20121022 021056 20121121 021056
147.12 -28.81 20121124 065015 20121224 065015
132.5 -17.55 20121130 015619 20121230 015619
149.77 -34.9 20120806 105455 20120905 105455
114.59 -32.79 20121118 130551 20121218 130551
140.82 -21.76 20120828 115744 20120927 115744
126.35 -9.56 20120908 023719 20121008 023719
125.92 -8.89 20120911 201654 20121011 201654
113.28 -17.08 20121004 071910 20121103 071910
125.28 -29.48 20120909 103550 20121009 103550
127.71 -2.78 20120924 020811 20121024 020811
142.32 -21.2 20121126 180152 20121226 180152
146.92 -32.22 20121116 104215 20121216 104215
139.14 -32.36 20121012 155828 20121111 155828
149.02 -25.48 20121022 205135 20121121 205135
136.16 -21.69 20120917 155946 20121017 155946
156.81 -18.11 20121028 123912 20121127 123912
118.73 -17.28 20120831 162952 20120930 162952
116.91 0.77 20121011 213858 20121110 213858
