-99.85 51.03 20130405 143647 20130505 143647
-78.75 47.39 20130508 102242 20130607 102242
-93.49 37.55 20130225 193945 20130327 193945
-93.63 41.14 20130318 041152 20130417 041152
-104.06 39.08 20130106 183034 20130205 183034
-87.12 50.74 20130211 222537 20130313 222537
-84.34 39.58 20130516 174230 20130615 174230
-110.89 42.71 20130208 142903 20130310 142903
-104.6 54.34 20130129 082656 20130228 082656
-108.44 47.77 20130426 171711 20130526 171711
-78.57 36.65 20130516 093754 20130615 093754
-89.77 39.3 20130412 134254 20130512 134254
-100.3 53.13 20130117 001758 20130216 001758
-76.21 48.03 20130317 110356 20130416 110356
-106.21 36.2 20130425 124734 20130525 124734
-101.53 47.43 20130504 125446 20130603 125446
-100.15 36.64 20130505 085154 20130604 085154
-109.88 52.41 20130405 134734 20130505 134734
-100.89 47.64 20130118 151734 20130217 151734
-82.73 40.86 20130103 122739 20130202 122739
-81.5 40.72 20130129 135131 20130228 135131
-93.94 45.78 20130226 103934 20130328 103934
-109.72 37.18 20130502 050826 20130601 050826
-79.09 48.6 20130130 122725 20130301 122725
-91.87 50.65 20130419 220406 20130519 220406
-79.82 39.1 20130323 024547 20130422 024547
-103.18 49.5 20130402 082441 20130502 082441
-78.43 45.07 20130523 142516 20130622 142516
-103.99 43.09 20130209 135435 20130311 135435
-80.77 36.12 20130304 050051 20130403 050051
-83.81 53.86 20130601 011032 20130701 011032
-79.62 44.09 20130317 133407 20130416 133407
-104.62 37.22 20130119 203556 20130218 203556
-107.91 41.9 20130509 153358 20130608 153358
-94.28 49.39 20130422 040340 20130522 040340
-84.86 39.57 20130206 184354 20130308 184354
-77.95 45.74 20130425 174756 20130525 174756
-94.05 45.17 20130527 130605 20130626 130605
-78.68 53.14 20130509 005745 20130608 005745
-110.28 36.75 20130106 215256 20130205 215256
-84.94 35.5 20130407 131149 20130507 131149
-86.32 40.03 20130429 135659 20130529 135659
-97 45.32 20130422 044632 20130522 044632
-105.81 42.59 20130409 133913 20130509 133913
-85.72 51.06 20130403 010833 20130503 010833
-106.24 35.49 20130304 193248 20130403 193248
-82.26 43.46 20130106 100039 20130205 100039
-78.65 42.86 20130204 115706 20130306 115706
-89.68 35.61 20130129 212816 20130228 212816
-84.53 49.65 20130425 020638 20130525 020638
-109.71 35.28 20130211 202327 20130313 202327
-99.71 43.52 20130417 085040 20130517 085040
-94.35 44.85 20130531 204752 20130630 204752
-103.73 49.57 20130424 130157 20130524 130157
-103.2 36.26 20130515 065941 20130614 065941
-80.29 47.43 20130308 221515 20130407 221515
-93.29 36.82 20130226 100543 20130328 100543
-106.45 37.67 20130529 061823 20130628 061823
-106.19 45.27 20130125 181410 20130224 181410
-83.58 49.26 20130222 231719 20130324 231719
-107.91 44.01 20130530 173342 20130629 173342
-97.07 53.46 20130217 194144 20130319 194144
-103.33 54 20130530 031109 20130629 031109
-99.21 36.19 20130214 180634 20130316 180634
-85.44 47.13 20130519 134000 20130618 134000
-81.88 35.64 20130110 154136 20130209 154136
-99.7 38.5 20130515 020715 20130614 020715
-102.97 48.67 20130501 141117 20130531 141117
-81.84 42.43 20130402 221032 20130502 221032
-84.33 48.44 20130521 202516 20130620 202516
-108.31 37.98 20130511 203510 20130610 203510
-93.22 45.82 20130520 043918 20130619 043918
-93.84 43.7 20130507 075315 20130606 075315
-104.16 37.44 20130122 082823 20130221 082823
-82.85 42.05 20130104 095443 20130203 095443
-80.88 40.91 20130411 235603 20130511 235603
-99.01 48.1 20130323 091546 20130422 091546
-109.73 46.73 20130225 021022 20130327 021022
-94.74 40.77 20130505 204652 20130604 204652
-81.51 39.58 20130305 111937 20130404 111937
-104.79 37.31 20130207 181935 20130309 181935
-77.32 39.92 20130301 150315 20130331 150315
-92.58 40.03 20130402 221815 20130502 221815
-91.36 43.35 20130217 033228 20130319 033228
-102.97 45.04 20130519 194658 20130618 194658
-80.49 45.47 20130323 063317 20130422 063317
-79.43 54.28 20130303 044555 20130402 044555
-92.39 45.2 20130322 014821 20130421 014821
-109.46 39.86 20130422 115831 20130522 115831
-79.72 45.79 20130313 092519 20130412 092519
-107.01 41.92 20130417 124339 20130517 124339
-104.23 40.61 20130515 050659 20130614 050659
-103.18 53.61 20130204 034113 20130306 034113
-108.88 43.45 20130115 130832 20130214 130832
-104.37 50.01 20130531 170725 20130630 170725
-90.92 42.36 20130402 002055 20130502 002055
-81.26 50.08 20130409 113632 20130509 113632
-101.83 44.73 20130109 115656 20130208 115656
-78.49 44.58 20130309 233828 20130408 233828
-97.21 46.69 20130228 024704 20130330 024704
-79.77 36.53 20130529 144708 20130628 144708
-85.63 40.64 20130412 215225 20130512 215225
-95.75 46.1 20130430 002017 20130530 002017
-89.73 53.7 20130420 015057 20130520 015057
-84.18 48.32 20130202 214523 20130304 214523
-85.02 38.64 20130413 092216 20130513 092216
-84.48 51.43 20130516 114615 20130615 114615
-107.6 52.59 20130326 143450 20130425 143450
-76.64 39.75 20130416 122125 20130516 122125
-88.89 46.6 20130520 012349 20130619 012349
-109.78 53.5 20130512 224612 20130611 224612
-104.24 54.25 20130519 065837 20130618 065837
-108.56 41 20130411 162735 20130511 162735
-97.48 48.09 20130117 105620 20130216 105620
-106.37 38.84 20130208 042507 20130310 042507
-82.54 41.39 20130405 050004 20130505 050004
-104.83 39.21 20130401 103459 20130501 103459
-81.46 46.5 20130527 054537 20130626 054537
-78.75 40.78 20130425 195825 20130525 195825
-78.39 50.22 20130226 130416 20130328 130416
-91.56 35.61 20130207 031309 20130309 031309
-81.15 51.38 20130218 162936 20130320 162936
-94.69 54.72 20130122 073953 20130221 073953
-102.99 49.41 20130421 183352 20130521 183352
-96.75 47.92 20130221 105024 20130323 105024
-84.29 35.42 20130429 231351 20130529 231351
-95.66 43.12 20130413 044452 20130513 044452
-109.96 52.84 20130201 160955 20130303 160955
-94.14 42.68 20130531 035919 20130630 035919
-84.48 44.36 20130512 180525 20130611 180525
-105.86 50.87 20130411 195045 20130511 195045
-109.52 49.86 20130105 124434 20130204 124434
-110.61 41.26 20130204 194512 20130306 194512
-78.08 35.73 20130509 035347 20130608 035347
-102.98 38.02 20130428 045947 20130528 045947
-84.16 35.34 20130301 220728 20130331 220728
-99.28 51.61 20130106 121559 20130205 121559
-93.37 53.67 20130304 081220 20130403 081220
-99.4 40.83 20130202 093310 20130304 093310
-100.82 44.93 20130305 152734 20130404 152734
-87.86 48.46 20130519 184259 20130618 184259
-84.48 42.35 20130119 230201 20130218 230201
-99.9 42.4 20130310 003210 20130409 003210
-105.87 49.55 20130414 144910 20130514 144910
-76.4 41.86 20130523 153224 20130622 153224
-90.55 39.38 20130217 222313 20130319 222313
-83.85 48.88 20130118 065318 20130217 065318
-95.15 44 20130302 202839 20130401 202839
-101.08 51.47 20130111 051121 20130210 051121
-104.7 35.78 20130407 201930 20130507 201930
-81.23 51.51 20130221 120103 20130323 120103
-94.48 45.64 20130320 073756 20130419 073756
-95.71 47.1 20130524 161948 20130623 161948
-98.72 36.49 20130414 011956 20130514 011956
-100.51 38.4 20130518 191754 20130617 191754
-97.8 41.53 20130408 004551 20130508 004551
-104.49 43.44 20130118 130449 20130217 130449
-102.17 41.66 20130325 095645 20130424 095645
-104.22 53.59 20130127 132422 20130226 132422
-77.9 50.89 20130201 071340 20130303 071340
-76.78 50.46 20130514 150530 20130613 150530
-88.7 48.69 20130512 070740 20130611 070740
-77.09 49.89 20130223 054134 20130325 054134
-81.75 52.62 20130119 014149 20130218 014149
-92.34 52.1 20130401 000745 20130501 000745
-108.55 36.81 20130414 180048 20130514 180048
-104.01 48.62 20130202 033515 20130304 033515
-95.11 35.52 20130323 190853 20130422 190853
-101.05 45.87 20130429 212107 20130529 212107
-90.65 44.77 20130411 230716 20130511 230716
-84.64 53.64 20130502 041703 20130601 041703
-85.11 51.67 20130118 070538 20130217 070538
-96.97 45.92 20130126 212538 20130225 212538
-92.48 37.14 20130517 185855 20130616 185855
-91.06 35.42 20130530 082032 20130629 082032
-109.34 37.55 20130319 055431 20130418 055431
-108.82 39.85 20130318 055417 20130417 055417
-95.7 39.79 20130122 121701 20130221 121701
-76.09 54.34 20130118 135532 20130217 135532
-102.72 50.61 20130212 171555 20130314 171555
-76.78 45.28 20130406 222255 20130506 222255
-80.09 43.85 20130126 221050 20130225 221050
-107.74 52.14 20130413 190114 20130513 190114
-97.93 51.22 20130214 124132 20130316 124132
-110.02 54.76 20130320 002200 20130419 002200
-87.6 52.72 20130228 152523 20130330 152523
-100.78 42.6 20130131 042002 20130302 042002
-103.99 42.07 20130405 080057 20130505 080057
-95.91 48.22 20130423 213111 20130523 213111
-89.62 52.13 20130522 102705 20130621 102705
-96.89 36.27 20130314 132606 20130413 132606
-103.39 40.71 20130510 084116 20130609 084116
-110.63 49.96 20130413 144257 20130513 144257
-83.96 42.2 20130130 195248 20130301 195248
-79.4 48.12 20130111 124015 20130210 124015
-77.81 48.55 20130121 214650 20130220 214650
-105.81 35.53 20130526 041844 20130625 041844
-77.06 35.57 20130316 022830 20130415 022830
-100.23 53.52 20130512 071011 20130611 071011
-93.18 47.61 20130403 092046 20130503 092046
-99.25 43.35 20130120 041710 20130219 041710
-106.84 41.33 20130511 032645 20130610 032645
-110.88 37.45 20130228 175930 20130330 175930
-94.9 53.42 20130401 003812 20130501 003812
-77.98 48.54 20130406 103636 20130506 103636
-78.4 36.06 20130423 040106 20130523 040106
-88.38 44.55 20130412 010414 20130512 010414
-76.08 37.19 20130126 121032 20130225 121032
-95.52 54.35 20130526 130731 20130625 130731
-92.61 50.5 20130214 193025 20130316 193025
-78.11 37.11 20130124 092147 20130223 092147
-102.37 52.63 20130103 102107 20130202 102107
-103.53 49.76 20130330 060108 20130429 060108
-102.29 46.79 20130419 122420 20130519 122420
-101.96 44.41 20130415 192304 20130515 192304
-90.03 43.14 20130410 155809 20130510 155809
-95.25 39.85 20130208 071612 20130310 071612
-99.21 35.33 20130316 090446 20130415 090446
-108.74 46.22 20130522 155736 20130621 155736
-88.89 52.68 20130526 151355 20130625 151355
-91.87 53.6 20130118 153339 20130217 153339
-89.68 39.03 20130404 061131 20130504 061131
-80.26 44.18 20130116 043703 20130215 043703
-94.07 52.04 20130319 081219 20130418 081219
-88.56 50 20130107 021954 20130206 021954
-77.84 46.48 20130228 172624 20130330 172624
-103.09 40.87 20130306 005319 20130405 005319
-80.96 49.79 20130113 040635 20130212 040635
-103.59 48.39 20130404 123753 20130504 123753
-81.29 41.74 20130108 170308 20130207 170308
-92.66 39.81 20130422 190200 20130522 190200
-108.22 36.34 20130406 195157 20130506 195157
-78.52 38.39 20130306 020833 20130405 020833
-105.77 50.15 20130314 194043 20130413 194043
-88.12 37.12 20130218 024822 20130320 024822
-103.12 38.85 20130302 133429 20130401 133429
-82.8 35.08 20130310 001040 20130409 001040
-76.33 50.15 20130302 001856 20130401 001856
-98.94 50.01 20130220 191624 20130322 191624
-83.44 48.03 20130205 031021 20130307 031021
-89.38 36.12 20130430 012303 20130530 012303
-97.6 42.64 20130516 191810 20130615 191810
-101.37 36.41 20130220 151526 20130322 151526
-85.14 42.54 20130425 023444 20130525 023444
-80.62 52.91 20130106 165110 20130205 165110
-82.05 54.3 20130420 072842 20130520 072842
-90.83 39.1 20130519 040303 20130618 040303
-80.23 41.6 20130213 021012 20130315 021012
-83.07 39.87 20130525 091738 20130624 091738
-100.56 45.88 20130130 082659 20130301 082659
-76.95 50.9 20130414 031112 20130514 031112
-88.67 54.85 20130201 151343 20130303 151343
-83.04 42.93 20130526 073849 20130625 073849
-77.48 41.08 20130405 033717 20130505 033717
-107.77 50.31 20130502 102417 20130601 102417
-85.82 35.11 20130107 101014 20130206 101014
-83.56 36.12 20130320 044810 20130419 044810
-92.03 44.31 20130424 081042 20130524 081042
-84.27 36.11 20130204 115318 20130306 115318
-108.91 51.09 20130413 042057 20130513 042057
-108.89 54.06 20130411 145058 20130511 145058
-84.99 51.89 20130518 145201 20130617 145201
-96.92 54.39 20130313 161514 20130412 161514
-109.57 52.08 20130209 102606 20130311 102606
-107.53 40.59 20130110 014826 20130209 014826
-109.52 45.28 20130422 200017 20130522 200017
-77.22 51.23 20130116 162227 20130215 162227
-88.57 51.49 20130522 180810 20130621 180810
-82.14 40.14 20130209 162804 20130311 162804
-97.33 39.52 20130220 210139 20130322 210139
-92.87 46.66 20130326 103834 20130425 103834
-110.64 45.64 20130223 112256 20130325 112256
-103.66 49.55 20130517 124649 20130616 124649
-89.72 53.17 20130215 084112 20130317 084112
-103.58 53.47 20130504 110451 20130603 110451
-105.45 51.86 20130311 051406 20130410 051406
-94.49 36.18 20130210 213045 20130312 213045
-76.51 45.14 20130427 013618 20130527 013618
-82.29 41.53 20130311 063932 20130410 063932
-95.44 36.37 20130104 004345 20130203 004345
-78.49 42.98 20130410 195239 20130510 195239
-88.13 40.56 20130324 081843 20130423 081843
-81.3 41.35 20130125 024106 20130224 024106
-103.81 38.84 20130121 215141 20130220 215141
-95.44 44.97 20130220 092410 20130322 092410
-84.53 36.44 20130410 124812 20130510 124812
-104.03 49.17 20130531 082643 20130630 082643
-106.55 48.18 20130511 005151 20130610 005151
-93.49 40.81 20130507 133627 20130606 133627
-107.87 49.69 20130120 225100 20130219 225100
-100.58 38.89 20130501 222216 20130531 222216
-109.64 39.71 20130122 154447 20130221 154447
-105.42 35.37 20130113 120007 20130212 120007
-90.54 50.4 20130417 082058 20130517 082058
-92.47 39.53 20130507 084927 20130606 084927
-77.06 51.14 20130501 084254 20130531 084254
-79.5 52.96 20130215 220202 20130317 220202
-106.88 41.45 20130313 052318 20130412 052318
-102 43.88 20130307 090738 20130406 090738
-96.81 38.38 20130511 055534 20130610 055534
-79.33 50.64 20130508 175807 20130607 175807
-77.32 46.96 20130326 154529 20130425 154529
-88.19 38.65 20130125 062929 20130224 062929
-95.79 39.1 20130127 040956 20130226 040956
-88.52 41.19 20130128 035643 20130227 035643
-104.62 52.62 20130119 170918 20130218 170918
-103.83 53.38 20130322 143305 20130421 143305
-105.65 36.53 20130523 200649 20130622 200649
-79.85 52.61 20130421 164349 20130521 164349
-95.35 46.77 20130407 204928 20130507 204928
-81.41 51.31 20130227 021632 20130329 021632
-93.98 52.51 20130425 164040 20130525 164040
-79.96 40.53 20130215 044722 20130317 044722
-97.97 43.5 20130309 103746 20130408 103746
-107.56 50.09 20130205 231327 20130307 231327
-105.95 54.91 20130124 212453 20130223 212453
-85.48 52.42 20130310 233547 20130409 233547
-110.17 46.94 20130208 003434 20130310 003434
-92.21 50.72 20130412 173544 20130512 173544
-96.11 39.61 20130206 051241 20130308 051241
-98.91 36.99 20130321 094834 20130420 094834
-88.43 47.35 20130327 023200 20130426 023200
-87.67 47.84 20130428 101913 20130528 101913
-98.93 51.87 20130312 202649 20130411 202649
-80.24 36.97 20130414 034246 20130514 034246
-97.43 42.83 20130412 155731 20130512 155731
-85.65 41.05 20130217 193040 20130319 193040
-106.44 38.26 20130113 063531 20130212 063531
-84.16 43.64 20130404 060231 20130504 060231
-76.12 47.62 20130428 065404 20130528 065404
-87.17 52.75 20130427 102851 20130527 102851
-107.18 52.28 20130310 213941 20130409 213941
-101.99 45.47 20130111 221628 20130210 221628
-84.83 42.53 20130219 213955 20130321 213955
-81.35 46.32 20130108 111327 20130207 111327
-99.82 35.22 20130316 220346 20130415 220346
-83.48 42.4 20130513 043736 20130612 043736
-94.67 35.7 20130211 062312 20130313 062312
-78.67 41.39 20130329 133934 20130428 133934
-105.62 36.75 20130330 040022 20130429 040022
-93 45.62 20130506 014335 20130605 014335
-105.89 42.38 20130530 224734 20130629 224734
-78.88 41.89 20130523 003913 20130622 003913
-82.75 37.99 20130331 170819 20130430 170819
-110.38 41.34 20130109 102013 20130208 102013
-80.06 48.42 20130126 102634 20130225 102634
-77.49 41.98 20130515 181303 20130614 181303
-107.71 35.05 20130119 144532 20130218 144532
-88.17 51.23 20130411 002218 20130511 002218
-82.41 41.54 20130107 040910 20130206 040910
-100.98 50.07 20130118 055735 20130217 055735
-87.9 52.31 20130511 033509 20130610 033509
-91.17 54.98 20130213 085609 20130315 085609
-81.55 41.81 20130527 080551 20130626 080551
-76.35 40.7 20130520 040007 20130619 040007
-79.07 47.64 20130208 163426 20130310 163426
-108.75 41.3 20130226 093042 20130328 093042
