119.11 -5.74 20120821 184301 20120920 184301
158.32 -22.5 20120822 134019 20120921 134019
115.36 -25.87 20120809 141413 20120908 141413
132.45 -3.54 20120913 153134 20121013 153134
140.25 -1.22 20120811 232223 20120910 232223
152.77 -33.36 20120915 032959 20121015 032959
126.21 0.8 20120827 203435 20120926 203435
122.88 -16.55 20121103 102335 20121203 102335
146.98 -23.37 20120914 191735 20121014 191735
138.41 1.47 20121003 021018 20121102 021018
157.71 -9.62 20121006 004921 20121105 004921
132.01 -2.17 20120909 113450 20121009 113450
119.17 -28.7 20120919 215318 20121019 215318
122.74 4.86 20121130 112424 20121230 112424
128.85 -18.83 20120814 224420 20120913 224420
129.7 -9.6 20121030 112944 20121129 112944
122.2 -13.44 20121116 104921 20121216 104921
143.16 -14.08 20120820 105255 20120919 105255
125.05 -7.44 20121129 071445 20121229 071445
122.17 -13.9 20120902 173932 20121002 173932
157.16 -8.53 20120930 011337 20121030 011337
122.08 -26.12 20121110 113707 20121210 113707
153.75 -9.12 20121007 234238 20121106 234238
141.44 -16.63 20121007 045640 20121106 045640
152.7 -29.8 20121118 140207 20121218 140207
121.55 1.63 20121019 092059 20121118 092059
154.88 -31.82 20120904 224241 20121004 224241
125.11 -28 20120926 065936 20121026 065936
129.99 -18.43 20120815 030016 20120914 030016
130.38 -27.31 20121129 075700 20121229 075700
122.7 -23.54 20121026 143811 20121125 143811
128.22 -4.84 20120817 194022 20120916 194022
139.82 -34.01 20121017 041209 20121116 041209
145.94 -22.61 20120830 174952 20120929 174952
113.77 -17.31 20120916 202825 20121016 202825
121.96 -18.72 20121016 065256 20121115 065256
114.45 -4.59 20120812 113043 20120911 113043
122.94 -25.6 20121107 031218 20121207 031218
114.73 1.17 20120928 054148 20121028 054148
133.14 -22.57 20121126 221252 20121226 221252
124.06 -5.44 20120920 171955 20121020 171955
155.13 -20.93 20121101 192959 20121201 192959
140.34 -11.79 20120927 175249 20121027 175249
117.16 -5.2 20120812 225223 20120911 225223
133.35 -30.41 20121124 153645 20121224 153645
155.57 0.76 20121201 061353 20121231 061353
130.6 -24.71 20120804 213631 20120903 213631
127.72 -20.23 20120831 114321 20120930 114321
149.07 -20.28 20121129 233151 20121229 233151
125.61 2.57 20120905 141914 20121005 141914
131.47 3.01 20120805 222615 20120904 222615
126.79 -8.47 20120907 035717 20121007 035717
143 1.7 20121127 125028 20121227 125028
151.09 -23.32 20121112 053508 20121212 053508
132.76 -29.93 20120919 002457 20121019 002457
145.93 -32.46 20121020 143735 20121119 143735
118.84 -21.78 20120914 192845 20121014 192845
149.32 -7.31 20121120 065750 20121220 065750
153.82 -5.15 20121027 202432 20121126 202432
136.71 3.23 20120906 051843 20121006 051843
121.03 -33.69 20120916 145659 20121016 145659
113.76 -25.52 20120910 084554 20121010 084554
128.52 -31.29 20120927 164636 20121027 164636
118.8 -6.8 20121021 121627 20121120 121627
158.83 -9.35 20120821 121252 20120920 121252
121.34 1.86 20120816 031342 20120915 031342
150.29 -7.02 20120826 224744 20120925 224744
138.65 -26.54 20121117 220606 20121217 220606
117.57 -2.71 20121030 070435 20121129 070435
126.01 1.04 20121119 225221 20121219 225221
158.19 -23.71 20120831 191541 20120930 191541
126.9 -29.03 20121016 013657 20121115 013657
157.76 -9.68 20120818 121500 20120917 121500
143.23 -28.79 20120923 184750 20121023 184750
126.3 -21.75 20120920 063700 20121020 063700
117.93 -32.32 20120823 185255 20120922 185255
117.65 -24.53 20121110 214010 20121210 214010
146.28 -32.74 20121110 001544 20121210 001544
119.36 -26.9 20121113 203240 20121213 203240
116.56 -30.78 20121102 140732 20121202 140732
153.66 -2.77 20120829 151848 20120928 151848
118.4 -15.97 20121117 003808 20121217 003808
130.68 -1.54 20121012 235232 20121111 235232
124.33 -29.89 20120818 061559 20120917 061559
134.93 -4.2 20121018 112545 20121117 112545
128.23 0.72 20121124 112159 20121224 112159
138.25 -7.45 20120826 103224 20120925 103224
157.29 -7.24 20120919 023443 20121019 023443
152.89 2.71 20121028 004600 20121127 004600
142.57 1.12 20120921 003504 20121021 003504
121.12 -24.41 20121130 224440 20121230 224440
156 -9.65 20121021 224959 20121120 224959
126.95 -15.11 20121015 215739 20121114 215739
134.03 -3.45 20120910 195855 20121010 195855
135.72 -19.21 20120915 185913 20121015 185913
144.69 -34.16 20121026 124018 20121125 124018
150.64 -15.38 20121125 232134 20121225 232134
149.24 -5.46 20121126 010647 20121226 010647
141.53 4.32 20120814 112844 20120913 112844
136.1 4.08 20120912 062149 20121012 062149
127.75 -7.45 20121001 045305 20121031 045305
155.38 2.57 20120916 231824 20121016 231824
127.48 -34.83 20121028 215611 20121127 215611
126.75 -7.27 20120907 042234 20121007 042234
121.4 -18.96 20121105 135347 20121205 135347
147.62 -23.79 20120806 120246 20120905 120246
141.7 -19.26 20121027 120915 20121126 120915
148.61 -24.01 20120815 122420 20120914 122420
120.47 -4.52 20120919 024020 20121019 024020
127.13 -15.16 20120820 205541 20120919 205541
136.47 -28.48 20120807 153936 20120906 153936
116.17 -11.56 20121119 093450 20121219 093450
149.65 -14.97 20121115 155722 20121215 155722
124.51 -30.43 20120824 194356 20120923 194356
127.95 2.46 20120918 123741 20121018 123741
144.48 -3.07 20121105 205631 20121205 205631
125.88 -31.6 20120917 164050 20121017 164050
152.19 -20.27 20121017 144927 20121116 144927
150.38 -26.99 20120810 085221 20120909 085221
131.03 -23.58 20121018 072445 20121117 072445
126.02 -31.24 20120907 112354 20121007 112354
152.12 -8.1 20121012 071904 20121111 071904
119.48 -20.55 20120917 133133 20121017 133133
137.93 -30.06 20121119 180710 20121219 180710
119.22 -2.34 20121109 050700 20121209 050700
143.1 -26.12 20120903 233602 20121003 233602
149.72 -16.91 20121020 044941 20121119 044941
145.34 -7.66 20120804 071717 20120903 071717
114.9 -0.28 20120826 235513 20120925 235513
155.42 -29.09 20121108 110249 20121208 110249
119 -12.26 20120816 092250 20120915 092250
155.89 4.67 20121006 113437 20121105 113437
150.45 -3.16 20120826 075208 20120925 075208
157.55 -20.24 20121008 212348 20121107 212348
156.17 -18.6 20121030 024131 20121129 024131
131.49 -24.93 20121113 084025 20121213 084025
121.99 -16 20121121 055217 20121221 055217
115.91 -13.5 20121123 171528 20121223 171528
137.4 -20.55 20120827 033410 20120926 033410
121.67 1.37 20120922 122452 20121022 122452
132.91 -15.47 20120806 163435 20120905 163435
143.96 -22.01 20120827 232113 20120926 232113
137.83 -1.99 20121110 091337 20121210 091337
155.89 -21.29 20121123 002629 20121223 002629
157.1 -9.57 20121031 215558 20121130 215558
148.86 -2.45 20121117 072321 20121217 072321
113.27 -18.3 20120829 013758 20120928 013758
113.28 0.12 20120807 065525 20120906 065525
120.16 -1.74 20121124 214132 20121224 214132
149.97 -30.62 20121102 075812 20121202 075812
128.33 -17.93 20120910 012456 20121010 012456
158.21 -18.37 20120808 191537 20120907 191537
124.29 4.91 20120925 030535 20121025 030535
145.86 3.18 20120814 191122 20120913 191122
113.49 -15.17 20121123 024202 20121223 024202
140.63 2.07 20120916 235619 20121016 235619
128.35 -18.41 20121112 180625 20121212 180625
156.34 -27.92 20120823 084817 20120922 084817
135.79 -7.6 20120821 235327 20120920 235327
133.75 -10.26 20120828 032029 20120927 032029
119.25 -15.87 20121009 101154 20121108 101154
132.58 -9.49 20121015 003123 20121114 003123
114.04 -32.64 20120918 133913 20121018 133913
139.31 -13.14 20121028 133423 20121127 133423
116.81 -14.82 20121023 085152 20121122 085152
150.22 -17.24 20121016 033122 20121115 033122
157.28 -12 20121112 072231 20121212 072231
132.01 -19.95 20120921 142006 20121021 142006
153.31 -8.2 20120918 222016 20121018 222016
117.28 -32.86 20120908 205614 20121008 205614
141.75 -2.6 20120911 092106 20121011 092106
145.56 -28.91 20120825 061546 20120924 061546
128.51 -10.36 20120810 160501 20120909 160501
140.4 -30.89 20121006 170927 20121105 170927
114.7 -27.4 20120821 010353 20120920 010353
132.93 -20.32 20121019 033738 20121118 033738
130.65 -27.22 20121002 000657 20121101 000657
154.3 -12.97 20121011 132042 20121110 132042
140.61 -14.24 20121014 004145 20121113 004145
135.83 1.74 20121120 043020 20121220 043020
154.3 -33.75 20121103 032507 20121203 032507
116.35 -19.17 20120903 071758 20121003 071758
140.13 -7.22 20120819 115714 20120918 115714
115.37 -32.05 20121014 044139 20121113 044139
151.13 -21.23 20120827 211602 20120926 211602
116.12 -17.19 20121105 062710 20121205 062710
130.57 -26.42 20120810 084211 20120909 084211
150.67 -15.52 20121121 145639 20121221 145639
153.04 -25.16 20121127 015821 20121227 015821
141.84 -32.37 20121028 062702 20121127 062702
137.3 2.76 20121008 201026 20121107 201026
147.03 -25.51 20121115 022627 20121215 022627
146.22 4.38 20120926 044723 20121026 044723
156.56 -17.44 20120913 112611 20121013 112611
150.11 -10.95 20120919 172730 20121019 172730
135.97 -11.68 20120917 215727 20121017 215727
155.87 -12.72 20121108 215920 20121208 215920
119.24 -1.62 20121119 145342 20121219 145342
157.81 -28.93 20120917 065452 20121017 065452
137.27 3.35 20120911 113652 20121011 113652
157.91 -19.31 20120828 205502 20120927 205502
158.47 -20.13 20121027 211625 20121126 211625
118.12 -14.68 20121123 171001 20121223 171001
129.68 -20.52 20120815 214858 20120914 214858
119.95 -11.79 20121128 031423 20121228 031423
117.62 -7.44 20120928 121306 20121028 121306
144.08 -34.95 20121027 033720 20121126 033720
124 -27.23 20120831 013435 20120930 013435
114.85 -24.66 20120810 213858 20120909 213858
117.8 -31.43 20121007 080053 20121106 080053
137.03 2.87 20121103 214302 20121203 214302
155.62 -17.78 20120923 081656 20121023 081656
141.24 -0.32 20120806 062913 20120905 062913
140.65 3.91 20121029 234056 20121128 234056
144.54 0.11 20121130 081708 20121230 081708
147.57 -13.71 20121116 032725 20121216 032725
137.56 -12.73 20121008 144920 20121107 144920
143.97 2.46 20120920 152614 20121020 152614
151.71 -34.4 20121005 231401 20121104 231401
127.8 -32.02 20120915 161826 20121015 161826
141.6 1.85 20120905 192031 20121005 192031
138.28 -7.24 20120929 031712 20121029 031712
151.92 -17.68 20121002 214750 20121101 214750
129.01 -29.9 20121010 070056 20121109 070056
114.89 0.68 20121027 154325 20121126 154325
142.51 -5.77 20121004 162208 20121103 162208
117.04 -2.37 20120925 022502 20121025 022502
114.5 -8.43 20121016 165017 20121115 165017
122.51 -26.06 20120816 211826 20120915 211826
145.43 -5.81 20121004 121629 20121103 121629
132.44 -17.99 20121031 173647 20121130 173647
148.75 -26.96 20120826 153241 20120925 153241
141.64 2.44 20120831 005755 20120930 005755
123.35 -6.5 20121009 041254 20121108 041254
141.5 -14.27 20120812 034128 20120911 034128
137.42 -4.8 20120807 034734 20120906 034734
117.61 -33.56 20121002 213723 20121101 213723
133.76 -26.18 20121027 233343 20121126 233343
137.81 -30.44 20120807 175320 20120906 175320
132.26 -21 20120909 024118 20121009 024118
149.99 -21.78 20120905 063530 20121005 063530
122.72 -15 20120830 195359 20120929 195359
147.7 -10.23 20120815 120315 20120914 120315
134.51 -14.53 20121114 150104 20121214 150104
130.92 -13.82 20120807 063643 20120906 063643
123.26 -8.86 20121019 175646 20121118 175646
144.94 -22.37 20120813 202115 20120912 202115
146.3 -10.02 20121112 053726 20121212 053726
139.71 -26.16 20120803 125709 20120902 125709
134.43 -18.5 20121003 111129 20121102 111129
157.2 -7.12 20120803 162001 20120902 162001
150.46 -14.61 20120815 221156 20120914 221156
114.94 -22.43 20121104 033312 20121204 033312
121.92 -12.16 20121129 092158 20121229 092158
126.27 -22.49 20121120 145744 20121220 145744
112.93 -17.67 20120821 184930 20120920 184930
123.47 -30.41 20121124 161520 20121224 161520
147.61 -33.57 20120820 205833 20120919 205833
116.41 -12.18 20121128 122624 20121228 122624
136.71 -6.77 20120816 155913 20120915 155913
118.76 -7.47 20121122 144142 20121222 144142
128.26 2.2 20121023 010921 20121122 010921
138.4 -1.78 20120904 102908 20121004 102908
133.31 1.9 20121006 195540 20121105 195540
155.62 -10.56 20120926 105739 20121026 105739
141.41 -23.61 20120804 173709 20120903 173709
156.32 -5.76 20120826 074449 20120925 074449
156.28 -18 20121028 060237 20121127 060237
152.47 -11.49 20121011 082520 20121110 082520
116.4 -29.2 20121006 152354 20121105 152354
153.66 -4.83 20120827 171129 20120926 171129
119.3 -22.06 20121003 174727 20121102 174727
140.33 -4.06 20120925 093551 20121025 093551
116.76 -25.48 20121115 222913 20121215 222913
119.66 -30.77 20120919 094555 20121019 094555
115.34 3.07 20120831 022502 20120930 022502
115.2 -32.58 20121002 202618 20121101 202618
141.52 -13.04 20121201 035422 20121231 035422
155.87 -23.22 20121119 063102 20121219 063102
141.01 -1.47 20121012 132019 20121111 132019
147.49 -20.69 20121009 161329 20121108 161329
121.95 -32.85 20120914 191415 20121014 191415
129.24 -15.93 20121009 053040 20121108 053040
150.45 2.99 20121127 162236 20121227 162236
150.2 -19.58 20120803 110909 20120902 110909
128.8 -30.89 20121201 094346 20121231 094346
119.22 -21.51 20120929 082310 20121029 082310
156.41 -16.53 20120909 235700 20121009 235700
125.94 1.27 20120824 232425 20120923 232425
116.21 -2.83 20121104 125646 20121204 125646
131.7 -2.87 20121130 180630 20121230 180630
118.24 -2.06 20121108 190809 20121208 190809
131.88 -9 20121129 052330 20121229 052330
119.6 -26.94 20121026 102546 20121125 102546
123.98 -30.11 20121021 063134 20121120 063134
122.45 -33.8 20121109 183208 20121209 183208
145.3 -10.3 20121110 164226 20121210 164226
114 -5.4 20121021 224826 20121120 224826
130.73 0.58 20121023 124419 20121122 124419
133.19 -24.66 20120915 014727 20121015 014727
129.24 -22.2 20121130 183758 20121230 183758
130.36 -11.62 20120805 093650 20120904 093650
118.59 -9.98 20121028 155212 20121127 155212
141.7 -22.04 20121113 193931 20121213 193931
137.04 4.81 20121105 053905 20121205 053905
141.87 -12.23 20121118 044328 20121218 044328
118.74 2.32 20120822 020742 20120921 020742
113.48 -30.64 20120817 170535 20120916 170535
141 -30.58 20121014 030550 20121113 030550
140.72 -20.93 20121128 014054 20121228 014054
156.44 -4.87 20121010 023154 20121109 023154
154.41 1.02 20121024 020827 20121123 020827
127.56 -22.32 20121026 070941 20121125 070941
124.19 -25.78 20121009 134420 20121108 134420
134.89 4 20121013 195928 20121112 195928
144.5 -22.43 20121026 173734 20121125 173734
137.88 -9.95 20120827 104933 20120926 104933
137.24 -7.6 20120818 164945 20120917 164945
134.19 -32.36 20120918 015356 20121018 015356
150.72 -14.69 20120804 194853 20120903 194853
157.59 -30.42 20121103 225132 20121203 225132
120.38 -26.98 20121118 130747 20121218 130747
133.77 -7.64 20120901 115124 20121001 115124
142.67 -12.73 20121104 012035 20121204 012035
155.21 -9.72 20121107 101705 20121207 101705
147.35 -13.11 20120922 000907 20121022 000907
125.21 -31.17 20120902 053234 20121002 053234
158.94 -1.03 20121130 051214 20121230 051214
146.22 -33.95 20121029 120138 20121128 120138
143.5 -32.28 20120827 012558 20120926 012558
119.89 -15.48 20120904 135646 20121004 135646
124.05 -1.85 20121009 173755 20121108 173755
129.36 -20.69 20120825 201856 20120924 201856
113.26 -9.53 20121022 045022 20121121 045022
116.79 -13.75 20120808 211051 20120907 211051
121.17 -3.49 20120902 175830 20121002 175830
137.58 -32.11 20121019 115947 20121118 115947
123.07 -31.95 20120918 195447 20121018 195447
147.94 -21.92 20120804 051533 20120903 051533
152.61 -23.34 20121128 001919 20121228 001919
115.59 -14.18 20120929 155139 20121029 155139
145.94 -8.55 20120829 233306 20120928 233306
130.83 1.35 20121014 015425 20121113 015425
114.14 -30.78 20120909 025443 20121009 025443
137.45 -6.79 20121104 155346 20121204 155346
121.26 -17.53 20120822 235126 20120921 235126
134.4 -10.74 20121002 082143 20121101 082143
152.34 -19.27 20121110 113845 20121210 113845
138.92 -12.58 20120826 045455 20120925 045455
133.92 -12.56 20120820 053706 20120919 053706
113.92 -21.71 20120831 223345 20120930 223345
131.16 -25.8 20120826 125406 20120925 125406
129.89 -29.49 20120912 023906 20121012 023906
122.67 -26.87 20120926 110310 20121026 110310
124.87 -15.91 20121024 191654 20121123 191654
119.49 -29 20120913 202025 20121013 202025
124.67 -21.66 20120830 055317 20120929 055317
