155.87 -29.78 20120923 081958 20121023 081958
132.26 -26.37 20121013 121249 20121112 121249
125.48 -28.25 20121027 074535 20121126 074535
131.06 -13.54 20120808 213914 20120907 213914
133.18 -31.24 20120909 235126 20121009 235126
150.69 -29.89 20120817 090200 20120916 090200
118.21 -17.53 20120930 183534 20121030 183534
117.55 -15.57 20120911 072536 20121011 072536
148.29 -30.69 20120919 174539 20121019 174539
141.94 -20.48 20120825 002836 20120924 002836
154.03 -31.84 20120910 102055 20121010 102055
146.3 -18.91 20120922 040837 20121022 040837
145.6 -14.32 20120821 133439 20120920 133439
146.14 -5.91 20120923 215529 20121023 215529
128.88 -2.93 20120927 015331 20121027 015331
122.44 4.43 20120924 173403 20121024 173403
125.67 -7.11 20120902 104442 20121002 104442
