-6.33 55.64 20141001 083114 20141031 083114
-4.62 51.54 20140911 110522 20141011 110522
24.04 46.78 20141103 200940 20141203 200940
7.64 47.88 20141121 220100 20141221 220100
12.18 41.7 20140822 060351 20140921 060351
16.78 43.83 20140901 004231 20141001 004231
4.83 52.91 20141125 115702 20141225 115702
-3.07 44.17 20141102 100048 20141202 100048
2.97 58.64 20140809 063220 20140908 063220
24.81 59.2 20140829 192434 20140928 192434
20.7 45.02 20141025 172021 20141124 172021
-1.18 58.95 20140913 080450 20141013 080450
6.16 50.53 20141005 213054 20141104 213054
-2.24 48.46 20140912 015408 20141012 015408
11.81 48.79 20141020 215542 20141119 215542
7.75 47.46 20140804 043540 20140903 043540
8.65 58.39 20141005 094924 20141104 094924
22.87 43.87 20141016 111958 20141115 111958
7.07 53.25 20140913 180613 20141013 180613
2.61 44.71 20141007 085910 20141106 085910
9.09 52 20140812 220451 20140911 220451
18.17 46.64 20141115 034110 20141215 034110
3.43 55.96 20140828 212900 20140927 212900
14.32 51.16 20140810 135354 20140909 135354
22.66 46.12 20141005 055249 20141104 055249
5.73 59.36 20141101 073410 20141201 073410
-7.51 47.96 20141125 154810 20141225 154810
23.64 55.54 20141102 072908 20141202 072908
17.9 45.11 20140916 041149 20141016 041149
25.33 47.1 20140910 072231 20141010 072231
-6.54 45.77 20140926 113856 20141026 113856
9.3 41.42 20140808 091327 20140907 091327
25.54 53.89 20141010 184235 20141109 184235
-6.15 51.87 20141107 230350 20141207 230350
2.9 45.04 20140914 093207 20141014 093207
3.46 51.95 20141001 022754 20141031 022754
1.1 47.99 20141013 041040 20141112 041040
6.87 42.16 20141028 000509 20141127 000509
21.15 42.1 20140905 222200 20141005 222200
-3.53 50.52 20140914 224327 20141014 224327
-3.05 51.47 20141017 015727 20141116 015727
8.74 55.9 20140906 220540 20141006 220540
-0.89 54.3 20140926 082306 20141026 082306
-4.26 48.11 20141124 042914 20141224 042914
4.61 48.21 20141025 133927 20141124 133927
6.65 54.51 20141012 095125 20141111 095125
1.38 53.08 20140905 202731 20141005 202731
23.76 47.26 20140915 092037 20141015 092037
13.99 43.27 20140825 012752 20140924 012752
19.77 55.93 20141108 072742 20141208 072742
18.67 44.72 20140919 151329 20141019 151329
8.86 59 20140822 073018 20140921 073018
1.86 49.98 20140807 052337 20140906 052337
-4.29 52.28 20141022 210153 20141121 210153
17.2 47.87 20140907 081316 20141007 081316
18.86 57.18 20141005 203924 20141104 203924
12.53 58.9 20141005 163848 20141104 163848
25.66 48.11 20141122 233744 20141222 233744
7.24 41.63 20141120 013034 20141220 013034
18.17 53.03 20140919 034544 20141019 034544
11.49 59.87 20140826 083522 20140925 083522
5.57 56.02 20141006 225328 20141105 225328
8.52 48.85 20141022 220218 20141121 220218
-5.39 42.82 20140924 144711 20141024 144711
5.8 57.35 20141102 045516 20141202 045516
11.21 42.48 20141007 082846 20141106 082846
-1.18 50.89 20140827 203813 20140926 203813
-3.33 57.11 20140808 045310 20140907 045310
20.5 50.45 20141101 073512 20141201 073512
3.51 48.15 20141130 142111 20141230 142111
1.95 56.13 20141001 164934 20141031 164934
10.64 57.06 20140827 224950 20140926 224950
22.49 44.06 20141018 200552 20141117 200552
21.91 50 20140902 074912 20141002 074912
-7.66 55.93 20140919 071226 20141019 071226
12.32 42.76 20141005 221739 20141104 221739
-4.77 58.6 20140806 204211 20140905 204211
0.1 55.9 20141125 190353 20141225 190353
-5.4 45.3 20141110 045252 20141210 045252
-7.23 53.01 20140810 142136 20140909 142136
11.56 56.57 20141029 173816 20141128 173816
20.48 51.01 20140907 172139 20141007 172139
3.79 59.52 20140813 091814 20140912 091814
0.81 50.37 20140824 135013 20140923 135013
4.86 49.65 20140820 114534 20140919 114534
22.79 42.32 20141128 071154 20141228 071154
2.54 49.78 20140829 194007 20140928 194007
7.24 42.52 20141106 015643 20141206 015643
-2.57 42.83 20140912 013510 20141012 013510
12 51.88 20141029 001716 20141128 001716
-3.93 57.14 20140919 025318 20141019 025318
-6.63 47.28 20141109 074733 20141209 074733
15.47 55.52 20141025 113713 20141124 113713
-5.68 59.36 20140901 192912 20141001 192912
0.55 59.83 20141010 190450 20141109 190450
10.72 44.1 20141111 101036 20141211 101036
20.11 45.12 20140823 171342 20140922 171342
4.72 51.27 20140919 144453 20141019 144453
7.05 55.82 20140928 020512 20141028 020512
8.29 52.07 20140825 132746 20140924 132746
8.37 55.89 20141130 154655 20141230 154655
23.73 55.71 20140930 030631 20141030 030631
-2.1 52.32 20141121 171450 20141221 171450
19.23 49.34 20140901 224957 20141001 224957
-6.79 56.2 20141013 152846 20141112 152846
21.33 45.75 20140807 093028 20140906 093028
17.27 46.29 20141016 200035 20141115 200035
24.29 53.64 20140915 020823 20141015 020823
0.2 57.18 20141020 195908 20141119 195908
12.16 47.2 20141029 135515 20141128 135515
12.21 50.34 20141022 071626 20141121 071626
11.95 55.46 20140804 192929 20140903 192929
0.47 58.83 20141009 191009 20141108 191009
7.81 57.11 20141105 215033 20141205 215033
26 46.89 20141018 005252 20141117 005252
12.27 53.36 20140827 052439 20140926 052439
18.67 47.09 20141125 202224 20141225 202224
17.24 41.34 20141008 080645 20141107 080645
-3.12 55.12 20140822 102619 20140921 102619
22.65 56.43 20140927 000529 20141027 000529
23.82 59.06 20140924 184546 20141024 184546
-5.57 42.13 20140804 045252 20140903 045252
21.66 47.93 20141004 204615 20141103 204615
5.02 50.47 20140901 155726 20141001 155726
-1.22 48.75 20141004 055120 20141103 055120
22.92 48.25 20141026 050209 20141125 050209
2.15 50.61 20140828 061239 20140927 061239
2.57 48.69 20140914 053353 20141014 053353
3.09 46.02 20141129 182552 20141229 182552
12.57 46.33 20140811 020155 20140910 020155
-0.21 41.41 20141121 152840 20141221 152840
6.87 46.16 20140908 025502 20141008 025502
20.27 55.21 20140826 011443 20140925 011443
19.33 44.85 20141016 064528 20141115 064528
-1.99 43.74 20141109 071515 20141209 071515
-1.38 45.92 20141117 005035 20141217 005035
8.46 55.82 20140902 041147 20141002 041147
-0.24 46.42 20140925 014520 20141025 014520
-2.05 58.47 20140912 190152 20141012 190152
25.26 58.17 20141001 143148 20141031 143148
20.71 49.71 20140914 183033 20141014 183033
11.85 47.17 20140920 172244 20141020 172244
-2.53 45.93 20140831 233245 20140930 233245
15.14 47.54 20140806 173114 20140905 173114
-2.09 48.78 20140812 213358 20140911 213358
-1.56 53.35 20140830 211216 20140929 211216
24.54 53.08 20141118 153819 20141218 153819
6.35 59.12 20140925 230650 20141025 230650
10.22 42.68 20140910 121902 20141010 121902
13.7 54.65 20141003 020910 20141102 020910
-6.42 41.26 20141107 044106 20141207 044106
25.54 52.46 20140912 053214 20141012 053214
0.92 41.93 20140903 205904 20141003 205904
24.88 57.86 20140903 092918 20141003 092918
19.48 47.99 20141020 101458 20141119 101458
-0.31 52.23 20141127 075506 20141227 075506
-1.26 58.33 20140826 143859 20140925 143859
10.85 44.32 20140825 004410 20140924 004410
13.67 44.11 20140817 101021 20140916 101021
-2.34 47.83 20141024 211225 20141123 211225
-4.46 50.92 20140806 011122 20140905 011122
12.46 51.61 20140903 092447 20141003 092447
8.24 50.43 20141022 100723 20141121 100723
-7.95 45.24 20140822 202040 20140921 202040
12.45 54.33 20141107 065228 20141207 065228
22.32 50.93 20141107 031539 20141207 031539
24.69 54.61 20140913 210620 20141013 210620
14.91 42.8 20140906 052118 20141006 052118
23.1 58.19 20141118 061412 20141218 061412
9.9 56.3 20140928 062749 20141028 062749
-4.95 45.69 20140816 160015 20140915 160015
7.86 41.88 20140903 040036 20141003 040036
2.59 58.39 20140906 153216 20141006 153216
16 41.69 20140812 042107 20140911 042107
5 44.17 20140812 071826 20140911 071826
6.84 47.3 20141013 000031 20141112 000031
25.88 44.73 20140911 022709 20141011 022709
3.57 42.15 20141005 013555 20141104 013555
17.18 47.6 20140925 205313 20141025 205313
2.97 46.65 20141018 025723 20141117 025723
21.96 43.3 20141110 065526 20141210 065526
2.71 57.4 20140816 045150 20140915 045150
17.75 59.18 20141026 053712 20141125 053712
14.14 55 20141106 065658 20141206 065658
24.63 45.65 20140924 031213 20141024 031213
20.4 41.62 20140906 074246 20141006 074246
16.65 48.52 20140811 195013 20140910 195013
25.62 43.14 20140918 051556 20141018 051556
20.72 49.69 20141011 184855 20141110 184855
-6.92 59.43 20141115 220905 20141215 220905
8.76 45.94 20141006 011756 20141105 011756
18.52 50.93 20140915 075254 20141015 075254
-6.21 52.31 20141119 172831 20141219 172831
-3.16 51.33 20140812 212653 20140911 212653
15.51 45.05 20140804 124442 20140903 124442
12.73 50.18 20141110 005313 20141210 005313
4.05 43.32 20140812 190444 20140911 190444
7.65 59.86 20141109 103709 20141209 103709
9.48 46.21 20141014 081700 20141113 081700
7.83 43.56 20141114 111243 20141214 111243
2.19 57.89 20140920 131930 20141020 131930
-2.89 43.96 20140904 124249 20141004 124249
12.89 44.92 20140930 120245 20141030 120245
20.55 49.04 20141026 162957 20141125 162957
10.62 48.68 20141121 075432 20141221 075432
14.72 59.21 20141116 081909 20141216 081909
24.46 46.09 20141023 220621 20141122 220621
22.12 51.33 20141103 231111 20141203 231111
20.65 53.49 20140927 105415 20141027 105415
24.44 48.56 20141113 014518 20141213 014518
1.23 42.08 20141029 015024 20141128 015024
20.32 41.66 20141104 193907 20141204 193907
0.03 59.38 20140927 164233 20141027 164233
-3.82 48.07 20140911 120006 20141011 120006
22.16 51.72 20140818 061343 20140917 061343
12.75 57.8 20140915 221822 20141015 221822
-2.96 51.4 20141128 115408 20141228 115408
3.89 59.83 20140904 062820 20141004 062820
-5.29 55.72 20141031 195521 20141130 195521
17.97 48.84 20141105 055550 20141205 055550
-2.05 50.25 20140926 093809 20141026 093809
-3.36 58.24 20141008 222704 20141107 222704
4.33 43.52 20140825 133822 20140924 133822
21.93 58.31 20141009 031812 20141108 031812
-7.46 48.2 20140902 185506 20141002 185506
7.59 46.6 20141005 091157 20141104 091157
-6.57 43.68 20141107 201654 20141207 201654
24.39 41.49 20141022 170620 20141121 170620
4.48 59.14 20140921 120305 20141021 120305
4.24 45.75 20141116 211247 20141216 211247
4.05 41.56 20141108 191322 20141208 191322
6.67 46.92 20141123 180159 20141223 180159
18.77 44.5 20141109 100732 20141209 100732
-8.65 53.29 20141101 151942 20141201 151942
25.39 54.87 20140809 005230 20140908 005230
-6.79 54.23 20140929 172851 20141029 172851
16.99 55.74 20141024 041530 20141123 041530
19.45 49.72 20140905 005839 20141005 005839
-0.98 56.93 20140918 110834 20141018 110834
24.05 52.87 20140929 164757 20141029 164757
19.86 53.02 20140812 142337 20140911 142337
-2.83 57.91 20140926 064342 20141026 064342
-0.46 43.73 20140807 232756 20140906 232756
8.71 57.66 20141014 061326 20141113 061326
9.78 58.63 20140924 064928 20141024 064928
1.38 44.38 20140829 235800 20140928 235800
16.77 42.26 20140820 170534 20140919 170534
22.06 48.57 20141017 155340 20141116 155340
9.54 58.08 20140920 222106 20141020 222106
-2.72 57.12 20140901 170828 20141001 170828
2.04 59.29 20141007 152304 20141106 152304
10.55 48.52 20140926 214257 20141026 214257
23.39 53.33 20140826 023623 20140925 023623
16.07 53.13 20141121 155717 20141221 155717
9.33 56.14 20141106 061427 20141206 061427
18.6 42.63 20141105 191623 20141205 191623
18.12 53.1 20141109 193034 20141209 193034
12.3 41.08 20141109 185814 20141209 185814
21.4 41.91 20140827 162849 20140926 162849
20.08 50.97 20141018 075044 20141117 075044
-7.62 41.4 20141104 214001 20141204 214001
1.05 55.05 20140818 014918 20140917 014918
-6.35 56.45 20141007 043634 20141106 043634
21.5 43.11 20141005 044745 20141104 044745
13.42 50.57 20140901 223108 20141001 223108
-0.97 51.62 20141121 112822 20141221 112822
14.5 45.75 20141006 224320 20141105 224320
24.64 53.46 20141121 181521 20141221 181521
-3.87 51.75 20141013 101553 20141112 101553
17.14 45.89 20141121 182825 20141221 182825
9.3 41.82 20140924 114811 20141024 114811
2.91 55.18 20141010 003944 20141109 003944
6.12 42.7 20141023 001055 20141122 001055
-0.13 56.23 20140813 135401 20140912 135401
20.54 41.77 20141109 033808 20141209 033808
21.43 42 20141121 063641 20141221 063641
21.19 57.38 20140826 135131 20140925 135131
12.05 51.56 20140926 095739 20141026 095739
-6.93 59.68 20140903 063251 20141003 063251
0.26 54.07 20141003 184603 20141102 184603
18.09 44.53 20140926 051204 20141026 051204
10.89 55.96 20140806 161735 20140905 161735
24.38 57.89 20141005 160226 20141104 160226
-5.88 43.94 20141015 000118 20141114 000118
5.88 43.63 20140907 063247 20141007 063247
20.22 43.01 20141028 104805 20141127 104805
-4.83 52.99 20141002 224904 20141101 224904
-4.36 59.68 20141108 061808 20141208 061808
10.35 51.89 20141025 035245 20141124 035245
18.57 53.95 20140821 024027 20140920 024027
-7.75 51.6 20141104 230625 20141204 230625
22.65 42.83 20140807 231848 20140906 231848
-7.08 49.55 20141107 112538 20141207 112538
12.41 47.61 20141124 024853 20141224 024853
17.5 58.55 20140820 111942 20140919 111942
-7.6 44.49 20140818 190617 20140917 190617
18.6 54.95 20141026 160615 20141125 160615
13.82 57.99 20140901 010616 20141001 010616
22.25 41.51 20140807 005021 20140906 005021
7.89 50.53 20141027 174507 20141126 174507
-4.13 50.37 20140823 104959 20140922 104959
25.11 43.27 20140812 142038 20140911 142038
24.61 55.97 20140814 145128 20140913 145128
9.94 53.62 20141102 105818 20141202 105818
8.23 57.56 20140902 085226 20141002 085226
-0.88 46.42 20140929 083116 20141029 083116
-2.29 59.14 20141118 084130 20141218 084130
2.07 46.79 20140827 095307 20140926 095307
18.67 46.72 20140829 021730 20140928 021730
-1 52.7 20140810 030034 20140909 030034
-2.27 56.78 20140914 225806 20141014 225806
-0.62 49.58 20140920 144222 20141020 144222
8.29 50.78 20140828 115657 20140927 115657
4.31 48.64 20140930 122057 20141030 122057
18.82 51.76 20141123 003927 20141223 003927
18.12 55.27 20141024 111543 20141123 111543
21.14 49.67 20141011 103311 20141110 103311
20.3 59.54 20140826 113153 20140925 113153
-7.6 43.84 20140828 115707 20140927 115707
0.31 46.27 20141029 213218 20141128 213218
23.53 52.18 20140930 013516 20141030 013516
18.66 46.05 20141123 015024 20141223 015024
-8.84 46.12 20140920 131654 20141020 131654
-1.68 42.03 20141104 081546 20141204 081546
18.98 46.74 20141103 083251 20141203 083251
-3.93 57.32 20141023 134406 20141122 134406
21.87 41.12 20140916 202043 20141016 202043
25.85 54.71 20141029 061541 20141128 061541
11.14 48.82 20140925 054935 20141025 054935
6.83 56.98 20141015 122011 20141114 122011
19.34 42.13 20141018 111856 20141117 111856
6.21 48.24 20140906 164207 20141006 164207
21.62 44.99 20140904 032242 20141004 032242
17.4 56.81 20140819 081329 20140918 081329
6.08 53.99 20141013 042939 20141112 042939
2.16 48.44 20140818 125027 20140917 125027
-0.98 49.94 20141107 173010 20141207 173010
19.94 51.99 20141106 081753 20141206 081753
-0.17 50.3 20140820 175030 20140919 175030
3.06 58.55 20140914 003222 20141014 003222
6.37 43.94 20140919 173850 20141019 173850
5.14 59.28 20141110 085131 20141210 085131
16.07 52.48 20140810 075444 20140909 075444
24.09 57.79 20140803 202042 20140902 202042
-0.33 56.39 20140913 140848 20141013 140848
14.73 44.37 20140913 232321 20141013 232321
3.93 55.76 20141010 075340 20141109 075340
21.08 48.05 20141125 113914 20141225 113914
14.45 53.61 20140913 031537 20141013 031537
21.48 56.29 20141027 053855 20141126 053855
-7.07 48.98 20141108 191518 20141208 191518
18.66 59.61 20140826 071901 20140925 071901
-1.31 42 20140923 013122 20141023 013122
-2.24 56.52 20141119 003519 20141219 003519
-0.61 46.76 20140810 093933 20140909 093933
20.24 55.76 20141129 223129 20141229 223129
-4.13 57.4 20140910 040314 20141010 040314
