8.66 47.76 20140929 070053 20141029 070053
23.55 52.08 20140906 211733 20141006 211733
6.1 56.07 20140901 145915 20141001 145915
-4.43 48.34 20141109 063606 20141209 063606
3.28 44.36 20141001 111730 20141031 111730
4.75 55.77 20141113 061600 20141213 061600
17.49 42.47 20141108 000924 20141208 000924
11.39 44.08 20140920 133757 20141020 133757
22.29 43.95 20141106 191228 20141206 191228
23.49 43.12 20141109 161120 20141209 161120
24.07 47.35 20141015 225924 20141114 225924
-7.94 47.85 20140923 074438 20141023 074438
21.03 46.46 20140826 221052 20140925 221052
-1.4 53.85 20140903 091922 20141003 091922
8.06 49.08 20140826 134932 20140925 134932
-4.03 48.99 20141018 195314 20141117 195314
2.37 42.71 20141011 022431 20141110 022431
0.24 50.12 20141015 023251 20141114 023251
-8.93 45.98 20141031 090246 20141130 090246
11.34 57.86 20140913 152637 20141013 152637
13.26 54.67 20140819 111700 20140918 111700
-2.39 54.94 20141124 154037 20141224 154037
24.11 47.31 20140827 064327 20140926 064327
20.38 57.6 20140825 220043 20140924 220043
6.55 55.49 20141008 031023 20141107 031023
22.78 55.96 20140920 115522 20141020 115522
-4.64 58.6 20141120 214025 20141220 214025
23.43 59.69 20140808 071947 20140907 071947
23.69 56.42 20140820 105345 20140919 105345
8.22 50.98 20140923 124323 20141023 124323
18.5 42.1 20141027 082826 20141126 082826
5.83 44.45 20141114 185952 20141214 185952
0.05 55.75 20140827 104415 20140926 104415
17.29 51.35 20141011 074456 20141110 074456
-0.29 55.07 20140808 203744 20140907 203744
9.88 55.38 20140909 031008 20141009 031008
-2.99 49.67 20140908 061245 20141008 061245
-1.15 43.45 20140902 015640 20141002 015640
-7.86 42.53 20140816 132406 20140915 132406
0.33 57.93 20141111 114403 20141211 114403
-4.22 44.48 20141010 075906 20141109 075906
13.33 44.68 20141022 012628 20141121 012628
25.18 52.84 20140811 131907 20140910 131907
16.41 52.14 20141111 083056 20141211 083056
11.16 43.4 20141010 101451 20141109 101451
23.1 49.84 20141121 130716 20141221 130716
18.57 42.88 20141103 101316 20141203 101316
21.11 47.43 20140816 005719 20140915 005719
7.19 50.03 20140928 200619 20141028 200619
-8.29 52.96 20141024 083344 20141123 083344
6.19 48.33 20141106 155040 20141206 155040
3.59 52.61 20141017 230315 20141116 230315
12.08 42.8 20141007 044609 20141106 044609
-6.32 59.81 20140924 145306 20141024 145306
23.69 45.14 20141121 133815 20141221 133815
0.14 43.66 20141019 174540 20141118 174540
1.39 49.02 20141008 203121 20141107 203121
4.83 42.71 20141030 230420 20141129 230420
5.04 44.85 20140811 092346 20140910 092346
12.77 57.35 20141117 011103 20141217 011103
-6.23 44.55 20141117 024929 20141217 024929
-5.27 51.09 20140818 135852 20140917 135852
9.61 52.21 20140906 202414 20141006 202414
25.53 43.73 20140822 041658 20140921 041658
8.1 48.78 20140822 103511 20140921 103511
3.04 42.42 20141119 205727 20141219 205727
7.31 51.99 20140923 093703 20141023 093703
7.43 54.35 20140806 045155 20140905 045155
-3.86 58.44 20141010 150006 20141109 150006
-5.12 51.72 20141005 212452 20141104 212452
25.18 49.84 20141022 042944 20141121 042944
13.56 45.24 20141120 081027 20141220 081027
0.25 56.59 20141120 051922 20141220 051922
6.61 49.49 20141129 010825 20141229 010825
2.71 47.64 20140814 022523 20140913 022523
10.41 52.37 20140919 151143 20141019 151143
15.57 53.05 20141031 160134 20141130 160134
4.69 44.83 20141013 011123 20141112 011123
-5.86 43.3 20140924 054048 20141024 054048
18.51 48.07 20141027 152226 20141126 152226
3.18 59.92 20140924 124533 20141024 124533
19.32 49.88 20140930 181530 20141030 181530
5.43 52.6 20141117 125048 20141217 125048
8.54 49.84 20141116 144807 20141216 144807
5.37 42.55 20141128 113833 20141228 113833
24.46 42.26 20141128 200114 20141228 200114
3.48 57.32 20140914 060910 20141014 060910
5.86 45.32 20140902 081022 20141002 081022
7.91 47.06 20141111 000438 20141211 000438
-8.39 49.41 20140824 033310 20140923 033310
16.25 50.68 20140926 165247 20141026 165247
2.5 42.63 20140820 211810 20140919 211810
14.53 50.75 20140902 160622 20141002 160622
-6.98 49.52 20141115 093849 20141215 093849
-4.88 44.39 20141006 022342 20141105 022342
-2.65 41 20140927 030646 20141027 030646
18.93 55.13 20140823 001921 20140922 001921
20.28 57.63 20140922 131326 20141022 131326
14.45 42.45 20141104 224124 20141204 224124
3.21 51.45 20140914 140308 20141014 140308
11.04 57.81 20141106 220614 20141206 220614
24.24 48.9 20141017 161638 20141116 161638
24.88 58.51 20141105 075849 20141205 075849
2.36 50.54 20141106 053644 20141206 053644
1.36 51.68 20141018 222934 20141117 222934
23.4 57.3 20140928 064627 20141028 064627
18.17 54.75 20141123 185248 20141223 185248
-5.95 52.66 20141114 174920 20141214 174920
1.1 59.78 20140823 234313 20140922 234313
12.76 49.52 20140919 005235 20141019 005235
16.53 59.06 20141109 235723 20141209 235723
9.8 54.26 20140806 003144 20140905 003144
9.67 52.6 20141021 195018 20141120 195018
20.05 56.95 20141110 120252 20141210 120252
18.38 52.61 20141104 131302 20141204 131302
6.27 44.47 20140820 154039 20140919 154039
-5.31 50.25 20140918 184121 20141018 184121
-8.07 53.26 20141124 133811 20141224 133811
15.27 45.27 20141031 222420 20141130 222420
9.91 43.81 20141006 032007 20141105 032007
-8.48 44.44 20140929 163541 20141029 163541
2.83 43.13 20140930 143644 20141030 143644
19.79 57.42 20141122 135003 20141222 135003
4.98 50.44 20141128 140651 20141228 140651
1.8 41.21 20141005 145748 20141104 145748
23.5 43.03 20141011 184223 20141110 184223
12.06 55.5 20140920 011630 20141020 011630
16.46 48.49 20141129 131427 20141229 131427
20.32 57.03 20141012 202449 20141111 202449
2.05 55.81 20140824 190132 20140923 190132
0.35 54.65 20141026 184524 20141125 184524
7.71 49.32 20140808 041725 20140907 041725
-0.44 53.21 20140905 170845 20141005 170845
9.17 54.1 20140928 152400 20141028 152400
16.44 48.58 20141017 071205 20141116 071205
1.32 52.88 20141101 003046 20141201 003046
-3.99 55.71 20140928 030242 20141028 030242
-2.46 56.76 20141017 043450 20141116 043450
6.1 57.33 20141102 183030 20141202 183030
12.68 51.09 20141026 082716 20141125 082716
1.96 52.1 20140926 234623 20141026 234623
16.77 45.49 20141022 223914 20141121 223914
17.72 58.69 20141115 141117 20141215 141117
15.48 45.69 20141105 213641 20141205 213641
24.95 57.32 20140825 042103 20140924 042103
-3.06 41.69 20141125 152223 20141225 152223
19.84 45.49 20141110 162845 20141210 162845
17.26 52.41 20140811 033250 20140910 033250
-2.02 45.76 20140823 074746 20140922 074746
19.83 58.88 20140925 044013 20141025 044013
1.4 41.56 20140924 133630 20141024 133630
-0.79 51.64 20140919 155300 20141019 155300
-0.97 54.46 20140920 132855 20141020 132855
10.92 42.48 20140915 173202 20141015 173202
17.65 51.78 20140823 042631 20140922 042631
17.32 54.16 20141106 070518 20141206 070518
3.44 56.77 20141108 224237 20141208 224237
20.54 57.98 20141020 172343 20141119 172343
-6.55 59.5 20141004 221810 20141103 221810
17.65 50.73 20141118 113401 20141218 113401
-3.21 50.24 20140912 142542 20141012 142542
24.99 57.56 20140818 102136 20140917 102136
0.07 42.91 20141124 095227 20141224 095227
-4.1 42.08 20141117 082729 20141217 082729
21.09 59.15 20140823 143755 20140922 143755
21.13 58.82 20140815 150312 20140914 150312
-8.19 48.86 20141105 181757 20141205 181757
12.36 41.87 20140922 015642 20141022 015642
15.35 50.07 20140805 163859 20140904 163859
12.9 46.27 20141008 083233 20141107 083233
12.91 52.87 20140820 075441 20140919 075441
25.53 53.02 20140928 195319 20141028 195319
9.99 55.91 20141031 192436 20141130 192436
-8.8 52.49 20140930 112006 20141030 112006
17.7 57.61 20141122 044741 20141222 044741
3.51 54.11 20141025 042550 20141124 042550
7.61 58.48 20140929 135042 20141029 135042
17.18 42.33 20141019 235353 20141118 235353
15.61 54.48 20141011 092251 20141110 092251
4.81 42.37 20140925 184932 20141025 184932
-0.55 43.58 20141013 104110 20141112 104110
25.9 56.93 20141029 185722 20141128 185722
16.04 51.98 20141012 043440 20141111 043440
3.42 52.44 20140815 115132 20140914 115132
18.08 45.34 20140910 155005 20141010 155005
14.14 43.59 20141026 183257 20141125 183257
18.84 58.48 20141123 060216 20141223 060216
12.14 58.96 20141004 024529 20141103 024529
20.73 50.86 20141108 075013 20141208 075013
13.68 55.87 20140911 041601 20141011 041601
14.55 49.71 20141126 180104 20141226 180104
4.03 42.25 20141001 122505 20141031 122505
-7.82 55.75 20141117 180532 20141217 180532
0.09 45.21 20141126 224909 20141226 224909
22.11 46.5 20140819 102806 20140918 102806
2.98 52.58 20140830 185426 20140929 185426
13.74 43.02 20141119 094852 20141219 094852
5.36 44.37 20140805 110310 20140904 110310
21.12 45.16 20140919 221426 20141019 221426
2.13 51.11 20140826 203600 20140925 203600
25.51 46.94 20140920 142723 20141020 142723
18.64 44.95 20141027 133129 20141126 133129
20.68 52.62 20140923 201603 20141023 201603
24.17 59.11 20141029 022429 20141128 022429
23.86 58.76 20141003 124148 20141102 124148
12.34 49.07 20140918 214524 20141018 214524
21.01 57.07 20140828 043607 20140927 043607
14.92 43.79 20140914 113933 20141014 113933
9.03 43.82 20140823 090039 20140922 090039
-2.06 58.34 20141201 022559 20141231 022559
24.16 59.28 20140902 114026 20141002 114026
-0.42 52.95 20140806 043742 20140905 043742
21.16 59.16 20140919 144142 20141019 144142
13.84 56.94 20140919 111907 20141019 111907
-6.6 55.4 20141111 081601 20141211 081601
2.76 57.48 20141127 113014 20141227 113014
12.44 56.9 20140808 151222 20140907 151222
21.5 58.21 20140814 092548 20140913 092548
22.07 45.07 20140911 093203 20141011 093203
21.51 44.5 20140825 184608 20140924 184608
-8.34 41.72 20140915 110517 20141015 110517
10.17 53.4 20141015 065550 20141114 065550
9.8 41.74 20141127 172046 20141227 172046
-7.87 48.1 20141117 112550 20141217 112550
22.78 41.37 20141029 152649 20141128 152649
22.52 50.26 20141002 014441 20141101 014441
-8.04 57.55 20140904 114329 20141004 114329
-5.98 54.91 20141027 005527 20141126 005527
-2.03 53.78 20140831 122856 20140930 122856
19.34 51.17 20140813 084840 20140912 084840
17.03 47.81 20140810 021228 20140909 021228
21.05 55.85 20140925 180717 20141025 180717
13.9 51.32 20141004 170044 20141103 170044
-5.12 42.04 20140914 190106 20141014 190106
6.88 49.28 20141103 081525 20141203 081525
7.33 45.02 20141124 125051 20141224 125051
25.14 56.49 20140909 183510 20141009 183510
11.78 41.03 20141007 093954 20141106 093954
-3.73 52.27 20141003 014805 20141102 014805
21.79 53.04 20141114 185414 20141214 185414
7.68 48.56 20141031 073756 20141130 073756
5.11 43.92 20140902 135924 20141002 135924
25.5 57.5 20141103 010948 20141203 010948
19.74 44.69 20141117 043413 20141217 043413
1.6 56.56 20140812 230214 20140911 230214
19.63 54.89 20140831 162145 20140930 162145
9.74 55.09 20140817 085658 20140916 085658
-0.28 54.71 20140821 155251 20140920 155251
4.6 49.11 20141016 180909 20141115 180909
18.33 41.43 20140823 141948 20140922 141948
9.45 50.44 20140821 143803 20140920 143803
6.88 42.4 20140902 073446 20141002 073446
12.73 57.83 20140917 010205 20141017 010205
9.53 59.71 20140828 015001 20140927 015001
-1.58 43.02 20140805 155259 20140904 155259
8.63 45.96 20141001 062418 20141031 062418
-7.82 52.23 20141121 185325 20141221 185325
15.81 54.32 20140926 133156 20141026 133156
5.32 53.29 20141104 053508 20141204 053508
-7.79 46.73 20141201 041554 20141231 041554
22.4 54.81 20140927 092017 20141027 092017
-1.79 58.25 20141111 234225 20141211 234225
24.06 58.6 20140815 192418 20140914 192418
13.46 43.34 20141125 222417 20141225 222417
23.62 43.97 20140809 020841 20140908 020841
-7.25 47.8 20141112 103937 20141212 103937
9.7 45.85 20141024 075220 20141123 075220
-0.01 56.17 20140806 034641 20140905 034641
-1.4 52.39 20140923 100202 20141023 100202
22.13 43.86 20141020 042549 20141119 042549
2.02 41.51 20141124 072935 20141224 072935
-6.76 49.18 20141029 122520 20141128 122520
19.23 43.88 20141109 165530 20141209 165530
21.22 43.8 20141015 132050 20141114 132050
24.91 49.46 20141111 145653 20141211 145653
2.78 48.67 20141029 060523 20141128 060523
-2.78 57.42 20141105 030018 20141205 030018
24.39 44.97 20141128 012438 20141228 012438
-8.51 59.25 20140910 135906 20141010 135906
-3.77 43.23 20141105 202820 20141205 202820
1.74 46.63 20141118 212805 20141218 212805
-6.1 48.47 20140929 145922 20141029 145922
9.2 46.33 20141111 012529 20141211 012529
-0.89 53.72 20140826 195757 20140925 195757
0.93 56.47 20140901 104938 20141001 104938
3.94 48.15 20141006 164826 20141105 164826
4.63 55.21 20140819 235651 20140918 235651
17.48 55.04 20141129 040523 20141229 040523
9.71 41.7 20140914 194333 20141014 194333
7.6 59.01 20140807 203658 20140906 203658
19.91 48.68 20141015 055441 20141114 055441
-4.82 51.18 20141126 022631 20141226 022631
-4.04 58.81 20140815 043049 20140914 043049
19.44 54.05 20141106 025951 20141206 025951
24.69 58.74 20140919 032549 20141019 032549
19.82 57.99 20140811 171054 20140910 171054
-0.14 44.36 20141016 070736 20141115 070736
-6.54 46.1 20141020 073812 20141119 073812
20.82 51.67 20141115 052259 20141215 052259
1.06 44.62 20141130 220725 20141230 220725
11.69 43.22 20141003 064246 20141102 064246
-7.94 47.92 20141014 172802 20141113 172802
23.61 50.93 20141004 192256 20141103 192256
8.18 45.92 20141022 124816 20141121 124816
16.31 43.24 20140912 204209 20141012 204209
9.88 56.31 20141005 170900 20141104 170900
10.15 50.98 20140829 064118 20140928 064118
25.73 48.23 20141110 061751 20141210 061751
3.26 56.89 20140810 235926 20140909 235926
17.52 42.81 20141128 105537 20141228 105537
-6.75 49.67 20141113 141241 20141213 141241
-5.47 42.92 20141121 214050 20141221 214050
-1.15 45.43 20140823 150151 20140922 150151
17.81 43.42 20141021 031802 20141120 031802
3.91 44.72 20141130 082558 20141230 082558
13.07 49.43 20141023 155811 20141122 155811
2.41 55.95 20141020 133326 20141119 133326
-8.78 58.57 20140825 190302 20140924 190302
20.08 56.44 20140906 091538 20141006 091538
20.48 57.02 20141025 015528 20141124 015528
4.99 54.09 20141114 232508 20141214 232508
7.78 51.3 20141119 191345 20141219 191345
3.83 57 20141019 074309 20141118 074309
8.1 57.65 20140818 234007 20140917 234007
14.26 46.71 20141123 023534 20141223 023534
7.01 50.03 20140906 092953 20141006 092953
16.05 43.11 20140828 213035 20140927 213035
-8.7 53.82 20141022 082325 20141121 082325
8.27 52.9 20141021 192328 20141120 192328
20.27 57.05 20140821 080140 20140920 080140
5.47 45.16 20141201 061245 20141231 061245
-0.33 47.49 20141103 182252 20141203 182252
6.41 57.57 20140823 093600 20140922 093600
8.65 48.61 20140821 221241 20140920 221241
15.48 48.86 20140825 093944 20140924 093944
7.17 54.55 20141014 154924 20141113 154924
-5.12 55.78 20141111 023937 20141211 023937
-6.86 50.23 20140825 001955 20140924 001955
16.66 48.99 20141130 164042 20141230 164042
4.19 45.34 20141113 111210 20141213 111210
11.77 46.18 20140921 213301 20141021 213301
7.78 53.2 20140908 043930 20141008 043930
24 54.07 20140903 193151 20141003 193151
3.65 45.47 20141127 014329 20141227 014329
6.97 41.35 20141120 092423 20141220 092423
-3.39 52.96 20140813 143211 20140912 143211
17.34 41.34 20141007 140500 20141106 140500
-0.13 52.01 20140823 012552 20140922 012552
-2.19 41.23 20141031 040605 20141130 040605
6.04 51.02 20141004 233056 20141103 233056
22.31 53.56 20141006 044434 20141105 044434
5.79 51.74 20140908 035543 20141008 035543
13.13 42.04 20141118 183414 20141218 183414
-6.5 58.48 20140908 134421 20141008 134421
-8.15 44.97 20141001 181721 20141031 181721
3.44 59.01 20141020 073433 20141119 073433
7.41 49.61 20140921 092216 20141021 092216
