12.85 51.65 20140814 073203 20140913 073203
-1.19 51.34 20140810 010440 20140909 010440
7.8 59.45 20141017 172516 20141116 172516
14.53 52.1 20141003 215851 20141102 215851
14.1 43.94 20140826 145720 20140925 145720
1.33 48.22 20140922 134112 20141022 134112
5.79 41.65 20141023 062928 20141122 062928
12.69 59.92 20140806 210005 20140905 210005
-4.09 56.85 20140915 013429 20141015 013429
13.34 58.82 20140805 235044 20140904 235044
11.41 59.92 20140814 140336 20140913 140336
-4.51 56.64 20140822 211041 20140921 211041
17.46 50.91 20140908 093038 20141008 093038
13.32 57.85 20141003 130955 20141102 130955
19.26 45.32 20140810 080746 20140909 080746
23.21 57.97 20140929 192435 20141029 192435
17.58 58.84 20140907 052941 20141007 052941
7.99 45.13 20141007 194137 20141106 194137
