125.32 -34.3 20121121 184331 20121221 184331
118.04 -18.43 20121029 072514 20121128 072514
116.35 -33.64 20121021 211207 20121120 211207
143 -13.77 20121002 125137 20121101 125137
156.04 -4.75 20120830 103712 20120929 103712
116.74 -16.08 20121102 230426 20121202 230426
149.93 -18.91 20120821 132459 20120920 132459
149.06 -0.02 20120821 081008 20120920 081008
149.76 -28.62 20121108 060517 20121208 060517
154.08 -16.77 20121114 202408 20121214 202408
149.13 -16.61 20121104 084422 20121204 084422
149.99 -10.01 20120928 095819 20121028 095819
139.29 -9.17 20121110 230612 20121210 230612
128.63 4.5 20120929 175035 20121029 175035
145.93 -8.65 20120817 060301 20120916 060301
119.83 -28.06 20120926 051930 20121026 051930
138.73 -2.23 20120812 213532 20120911 213532
134.52 -24.32 20120811 191913 20120910 191913
141.28 -8.34 20120919 050031 20121019 050031
151.67 -32.89 20121017 025744 20121116 025744
131.78 -8.44 20120917 175235 20121017 175235
130.47 -15.9 20120819 091240 20120918 091240
128.81 -26.05 20120814 121814 20120913 121814
120.45 -19.28 20121125 024653 20121225 024653
118.9 -33.43 20121004 175939 20121103 175939
122.73 2.81 20121014 032526 20121113 032526
139.45 -7.53 20120816 232556 20120915 232556
152.33 -6.52 20120918 163034 20121018 163034
140.22 -6.22 20120903 152651 20121003 152651
120.4 -19.27 20121030 194450 20121129 194450
130.17 1.9 20121130 105004 20121230 105004
156.14 1.07 20121012 192553 20121111 192553
127.07 -26.41 20121019 150934 20121118 150934
158.21 -17.19 20121016 022626 20121115 022626
127.66 -16.38 20120920 230528 20121020 230528
144.72 -27.68 20121106 144629 20121206 144629
150.9 3.08 20120917 184833 20121017 184833
155.92 -28.45 20121001 203253 20121031 203253
155.91 -28.33 20120816 093206 20120915 093206
138.2 -16.92 20120911 125641 20121011 125641
154.99 -24.53 20120925 035325 20121025 035325
144.95 -29.69 20120927 010722 20121027 010722
144.56 -28.52 20121104 100934 20121204 100934
154.55 0.17 20120812 105609 20120911 105609
119.01 -31.27 20120908 065337 20121008 065337
142.44 -27.35 20121023 212026 20121122 212026
148.61 -21.62 20120920 094018 20121020 094018
141.68 -17.24 20120930 062514 20121030 062514
140.35 -28.43 20120911 080921 20121011 080921
130.46 -2.32 20120826 131202 20120925 131202
118.3 -34.59 20120816 035620 20120915 035620
150.82 -34.58 20120903 103630 20121003 103630
151.72 3.79 20120825 183716 20120924 183716
144.62 -5.57 20121025 233328 20121124 233328
135.47 -8.36 20121105 021135 20121205 021135
126.87 -33.78 20120905 121349 20121005 121349
114.22 -30.73 20121011 184603 20121110 184603
134.16 -15.9 20121107 150535 20121207 150535
119.48 -12.87 20120913 170229 20121013 170229
157.02 -19.66 20121107 140548 20121207 140548
126 -5.9 20120914 130059 20121014 130059
114.49 -18.49 20121102 180519 20121202 180519
156.7 -9.27 20121028 080300 20121127 080300
130.04 -23.86 20121006 015121 20121105 015121
149.36 -23.8 20121013 161023 20121112 161023
114.62 -11.74 20121110 043615 20121210 043615
127.63 -22.18 20120908 044716 20121008 044716
119.67 -33.36 20121001 012601 20121031 012601
156.32 -33.31 20120906 040412 20121006 040412
144.44 -8.06 20121011 122108 20121110 122108
136.26 -7.81 20121021 160804 20121120 160804
122.19 -0.36 20121022 105044 20121121 105044
155.21 -13.14 20120914 080544 20121014 080544
126.59 -0.42 20121118 052223 20121218 052223
157.21 -10.73 20120924 182507 20121024 182507
147.61 1.71 20120905 020136 20121005 020136
157.33 -30.97 20120811 183631 20120910 183631
136.19 -24.91 20121126 032511 20121226 032511
135.14 -33.25 20121105 183958 20121205 183958
141.92 -28.47 20121007 234314 20121106 234314
145.22 -2.96 20121020 215203 20121119 215203
136.19 -10.16 20120929 144148 20121029 144148
154.46 -4.89 20121028 135400 20121127 135400
116.69 -26.98 20120823 213835 20120922 213835
151.1 -27.21 20120913 114601 20121013 114601
123.19 -18.69 20121113 214545 20121213 214545
156.19 -10.48 20120805 011902 20120904 011902
132.92 -20.73 20121107 063406 20121207 063406
157.5 -29.52 20120818 013711 20120917 013711
154.35 -25.04 20121106 010557 20121206 010557
115.43 -23.32 20120821 071454 20120920 071454
140.27 -29.48 20120821 072656 20120920 072656
112.93 -25.17 20121124 114736 20121224 114736
153.63 -2.15 20120821 220929 20120920 220929
128.3 -31.61 20120924 120648 20121024 120648
155.97 4.39 20121012 154953 20121111 154953
130.33 -30.99 20121105 190213 20121205 190213
131.56 -25.84 20121030 144812 20121129 144812
145.54 -15.14 20120923 090152 20121023 090152
118.3 -29.35 20121129 210832 20121229 210832
143.5 -31.58 20121123 202412 20121223 202412
125.01 -26.61 20120909 184107 20121009 184107
142.02 -28.6 20121114 092052 20121214 092052
117.57 -6.88 20121017 085127 20121116 085127
154.66 -3.31 20120929 104825 20121029 104825
140.39 2.3 20121019 024342 20121118 024342
158.24 -32.71 20121114 051136 20121214 051136
127.07 -15.67 20120808 170725 20120907 170725
121.03 -7.5 20120928 080609 20121028 080609
117.81 -27.57 20120924 054029 20121024 054029
117.91 -11.52 20120914 165046 20121014 165046
137.27 -25.79 20121123 025951 20121223 025951
146.05 -16.94 20121109 160509 20121209 160509
113.86 -3.91 20121118 095120 20121218 095120
124.97 -34.81 20121114 101345 20121214 101345
152.72 -25.62 20121013 103820 20121112 103820
156.99 -4.68 20121105 042817 20121205 042817
133.27 -25.97 20120809 160302 20120908 160302
131.48 -23.45 20121031 203617 20121130 203617
135.97 -27.07 20120920 150036 20121020 150036
121.57 -1.85 20120822 230233 20120921 230233
127.85 -12.71 20120918 195208 20121018 195208
142.35 -14.23 20121014 094036 20121113 094036
132.88 -22.8 20120803 111417 20120902 111417
122.19 -4.46 20121106 194912 20121206 194912
147.46 -23.53 20121019 004059 20121118 004059
148.43 -11.1 20121101 105200 20121201 105200
133.58 -34.32 20120920 165430 20121020 165430
122.41 -9.67 20121109 132944 20121209 132944
141.29 -6.92 20121130 075843 20121230 075843
126.24 -17.7 20120808 204128 20120907 204128
130.77 -20.89 20120917 105045 20121017 105045
123.59 1.47 20120805 030509 20120904 030509
123.51 -16.28 20121114 215823 20121214 215823
132.07 -5.4 20121026 085058 20121125 085058
124.76 3.63 20121108 021208 20121208 021208
157.05 -4.09 20120916 123132 20121016 123132
132.76 -12.48 20120806 170231 20120905 170231
133.17 -21.28 20121016 130450 20121115 130450
119.71 -27.65 20121003 095429 20121102 095429
154.87 -18.72 20121019 023502 20121118 023502
124.11 -29.18 20121030 112438 20121129 112438
124.88 -9.59 20121121 152417 20121221 152417
145.69 1.33 20121123 193512 20121223 193512
126.05 4.92 20121006 113959 20121105 113959
146.33 -15.38 20120807 054116 20120906 054116
149.06 -5.57 20120818 044609 20120917 044609
127.58 -21.91 20121111 201347 20121211 201347
131.75 -11.36 20121118 103713 20121218 103713
122.56 -33.26 20121016 150500 20121115 150500
154.3 -32.67 20121106 061939 20121206 061939
144.72 -34.17 20121009 170730 20121108 170730
154.73 -4.88 20120902 001955 20121002 001955
124.04 -26.56 20121005 201116 20121104 201116
122.78 -34.53 20121128 174007 20121228 174007
140.95 -15.93 20121005 215234 20121104 215234
155.9 -11.39 20120909 072144 20121009 072144
125.51 -25.67 20120804 142723 20120903 142723
153.2 -11.79 20120919 184938 20121019 184938
145.66 1.5 20120912 201031 20121012 201031
115.08 -26.93 20120808 071813 20120907 071813
129.3 -3.02 20121118 203832 20121218 203832
151.13 -6.5 20120924 012715 20121024 012715
134.79 -19.03 20120903 124927 20121003 124927
158.18 -18.69 20120922 204158 20121022 204158
120.55 -6.59 20120819 015616 20120918 015616
147.29 4.22 20120829 112335 20120928 112335
136.01 -17.35 20120906 224237 20121006 224237
140.72 -24.55 20120813 072755 20120912 072755
130.91 -17.88 20121020 065611 20121119 065611
140.87 -4.25 20120820 085702 20120919 085702
145.39 -11.39 20120930 214712 20121030 214712
151.31 -11.33 20120917 232009 20121017 232009
157.38 -29.7 20120829 053947 20120928 053947
155.54 -21.04 20121022 151335 20121121 151335
115.22 -21.74 20120814 111119 20120913 111119
144.31 -6.86 20121123 052456 20121223 052456
138.55 -31.02 20121012 155925 20121111 155925
141.64 -5.19 20121009 115245 20121108 115245
138.78 -31.01 20120908 105226 20121008 105226
132.32 -5.4 20121008 224156 20121107 224156
120.79 -5.44 20121105 213551 20121205 213551
124.47 -9.37 20120919 144115 20121019 144115
156.29 -22.74 20121004 115016 20121103 115016
149.82 -30.94 20120910 055226 20121010 055226
130.51 -9.71 20120803 163216 20120902 163216
151.74 -25.33 20121124 182443 20121224 182443
153.33 -6.18 20120806 004141 20120905 004141
136.06 -16.16 20120919 121457 20121019 121457
114.23 -3.86 20120805 092820 20120904 092820
154.39 4.92 20120805 202807 20120904 202807
155.77 -31.47 20120830 022210 20120929 022210
155.26 2.88 20120905 235240 20121005 235240
143.04 -15.83 20120930 144228 20121030 144228
154.39 -22.35 20121115 174104 20121215 174104
122.41 -34.48 20120808 004200 20120907 004200
130.89 -19.18 20120829 010717 20120928 010717
150.24 4.88 20121011 191340 20121110 191340
113.99 -14.88 20120822 022306 20120921 022306
149.23 -5 20121128 230523 20121228 230523
150.95 -12.88 20121026 195943 20121125 195943
139.7 -22.44 20121029 215921 20121128 215921
154.67 -17.49 20120912 140542 20121012 140542
153.9 -13.71 20120815 033543 20120914 033543
113.21 -4.47 20120809 093937 20120908 093937
132.76 -11.56 20121017 074053 20121116 074053
113.99 -28.03 20120912 225819 20121012 225819
124.21 -23.48 20121007 085506 20121106 085506
113.2 -7.65 20121112 204251 20121212 204251
113.36 -4.29 20120906 212420 20121006 212420
141.13 -20.78 20120810 121107 20120909 121107
127.65 -12.33 20120815 081658 20120914 081658
136.33 -27.24 20121112 192431 20121212 192431
144.07 -18.89 20120810 033829 20120909 033829
155.24 -2.9 20120923 092211 20121023 092211
154.76 -28.2 20120905 174303 20121005 174303
140.78 2.73 20121114 020342 20121214 020342
152.67 -34.73 20120918 191030 20121018 191030
139.64 -11.3 20120916 233315 20121016 233315
141.81 -30.91 20121110 080039 20121210 080039
134.79 -27.76 20121013 045552 20121112 045552
154.49 -11.84 20121011 042802 20121110 042802
145.84 -8.93 20120909 103241 20121009 103241
125.75 -27.43 20120923 145856 20121023 145856
122.3 -14.05 20121030 182244 20121129 182244
153.77 -26.53 20120930 173432 20121030 173432
149.75 -15.33 20121114 065413 20121214 065413
129.35 4.6 20120824 081322 20120923 081322
137 -23.4 20120905 193618 20121005 193618
156.47 -20.04 20121106 180805 20121206 180805
117.53 -32.43 20120811 103234 20120910 103234
139.02 -11.06 20120810 055541 20120909 055541
127.06 1.59 20120826 050416 20120925 050416
132.89 -24.04 20121007 030333 20121106 030333
128.04 -23.2 20121120 113636 20121220 113636
132.55 -5.08 20120929 053406 20121029 053406
130.55 2.69 20120806 194153 20120905 194153
118.26 -27.09 20120913 092934 20121013 092934
123.81 -33.05 20120824 123916 20120923 123916
125.98 -15.86 20120819 051201 20120918 051201
126.91 -4.52 20120902 104055 20121002 104055
117.03 3.89 20121124 062833 20121224 062833
147.22 0.36 20120912 111628 20121012 111628
146.4 -1.51 20120918 033035 20121018 033035
137.63 -6.54 20120911 163725 20121011 163725
128.01 4.73 20120910 113851 20121010 113851
154.4 -5.62 20120917 140303 20121017 140303
127.05 -19.27 20121126 194600 20121226 194600
136.03 -21.69 20121103 034356 20121203 034356
131.36 -30.64 20120822 024225 20120921 024225
122.28 -9.64 20121023 040710 20121122 040710
155.01 -29.01 20121011 221122 20121110 221122
123.39 -0.07 20121011 072019 20121110 072019
135.18 -15.8 20120815 185631 20120914 185631
147.07 -24.56 20121020 152803 20121119 152803
144.8 -3.66 20121010 061446 20121109 061446
145.1 3.97 20120814 120452 20120913 120452
119.64 -10.4 20121022 171930 20121121 171930
131.99 -0.53 20120925 124532 20121025 124532
127.97 -24.47 20120811 072415 20120910 072415
138.14 -31.29 20121021 222636 20121120 222636
121.82 -12.32 20120805 113352 20120904 113352
138.58 -2.47 20121024 095100 20121123 095100
138.64 -7.91 20120830 134044 20120929 134044
126.26 -8.75 20120916 150118 20121016 150118
119.1 -17.19 20121018 041713 20121117 041713
127 -1.36 20121011 085054 20121110 085054
122.15 -1.83 20120809 034905 20120908 034905
132.23 3.31 20121102 174744 20121202 174744
127.55 0.66 20121023 190612 20121122 190612
151.97 1.73 20121116 123033 20121216 123033
113.44 -24.8 20120922 165824 20121022 165824
151.86 -30.3 20121117 192232 20121217 192232
156.65 -9.23 20120817 145440 20120916 145440
125.85 -8.7 20121110 010936 20121210 010936
125.51 -15.76 20121101 162717 20121201 162717
140.65 -26.33 20121001 213446 20121031 213446
114.55 -12.54 20121031 055636 20121130 055636
128.11 -14.23 20121007 043229 20121106 043229
147.07 -33.2 20121020 111021 20121119 111021
119.33 -27.28 20120822 003129 20120921 003129
143.47 -34.42 20121017 000301 20121116 000301
139.92 -12.88 20121020 230858 20121119 230858
120.9 -9.53 20120905 102946 20121005 102946
150.34 -31.62 20121017 021246 20121116 021246
114.91 -5.73 20120924 050505 20121024 050505
114.78 -26.82 20121021 224339 20121120 224339
156.58 -8.88 20121002 214735 20121101 214735
141.47 -5.75 20121021 143904 20121120 143904
121.58 -31.15 20120829 002641 20120928 002641
132.77 -4.02 20121118 014159 20121218 014159
142.55 -0.19 20120811 000839 20120910 000839
150.52 -25.55 20121123 004823 20121223 004823
115.28 -18.17 20121009 094906 20121108 094906
152.31 4.96 20121004 123346 20121103 123346
139.82 3.97 20121126 102218 20121226 102218
152.49 -29.96 20121102 081730 20121202 081730
158.09 -33.17 20121013 021444 20121112 021444
127.37 -6.92 20121020 111602 20121119 111602
158.09 -1.02 20120828 174354 20120927 174354
117.9 -9.66 20120903 004122 20121003 004122
134.1 -32.71 20120917 065923 20121017 065923
131.78 -25.54 20121128 133155 20121228 133155
137.2 -20.26 20121113 231516 20121213 231516
139.54 -17.21 20121018 192538 20121117 192538
120.64 3.39 20120825 040221 20120924 040221
140.78 -18.96 20120920 201055 20121020 201055
151.42 -22.15 20121114 193316 20121214 193316
132.94 2.69 20121114 071631 20121214 071631
153.35 -30.92 20121103 052407 20121203 052407
128.68 -31.54 20120922 192612 20121022 192612
141.03 -26.12 20121105 105719 20121205 105719
120.92 -28.9 20121120 162443 20121220 162443
143.2 0.81 20120927 075443 20121027 075443
133.49 -33.3 20120910 045551 20121010 045551
115.03 -17.83 20121112 130504 20121212 130504
143.41 1.42 20121027 060244 20121126 060244
139.21 -12.2 20121115 075757 20121215 075757
145.57 -18.17 20121015 035735 20121114 035735
136.36 -21.71 20120920 095656 20121020 095656
145.2 -11.14 20120902 194116 20121002 194116
118 -25.54 20121024 045818 20121123 045818
144.8 -0.57 20121118 185407 20121218 185407
156.3 -12.78 20120928 170440 20121028 170440
147.53 3.45 20121015 002532 20121114 002532
114.77 -23.29 20121004 152205 20121103 152205
116.55 3.87 20120926 121203 20121026 121203
136.21 -25.55 20121102 071405 20121202 071405
120.74 -0.57 20121130 233742 20121230 233742
118.18 -30 20121028 055618 20121127 055618
155.58 -23.23 20121031 204219 20121130 204219
149.53 -1.02 20121030 055132 20121129 055132
129.85 -29.08 20121107 090659 20121207 090659
153.2 -1.89 20121020 164402 20121119 164402
123.06 -30.26 20120828 032852 20120927 032852
114.94 -11.03 20121102 002633 20121202 002633
143.39 -3.55 20121012 055541 20121111 055541
122.45 -7.5 20120911 162152 20121011 162152
155.89 -23.86 20120810 023754 20120909 023754
128.87 -26.38 20121016 032037 20121115 032037
150.27 -2.61 20120829 125640 20120928 125640
115.94 1.67 20120816 122053 20120915 122053
155.26 -7 20120803 173232 20120902 173232
120.98 -22.67 20120906 191005 20121006 191005
138.65 -15.4 20120916 023645 20121016 023645
126.21 -29.77 20120920 032941 20121020 032941
145.28 -24.9 20121107 161157 20121207 161157
140.07 -2.87 20120906 010253 20121006 010253
157.1 -2.51 20120831 093531 20120930 093531
131.95 -21.07 20121020 222113 20121119 222113
131.6 -7.45 20121012 175055 20121111 175055
155.8 -4.93 20120806 082933 20120905 082933
151.29 -26.74 20120829 070213 20120928 070213
151.14 -28.12 20121029 142913 20121128 142913
158.36 -24.08 20120821 093644 20120920 093644
140.38 4.2 20121008 171807 20121107 171807
118.9 -34.44 20121123 235555 20121223 235555
