-77.77 35.56 20130423 074039 20130523 074039
-90.72 39.14 20130301 050638 20130331 050638
-97.67 38.65 20130406 120440 20130506 120440
-79.09 53.56 20130219 142831 20130321 142831
-76.44 40.71 20130417 003608 20130517 003608
-103.56 53.15 20130310 190700 20130409 190700
-76.22 35.98 20130327 040840 20130426 040840
-89.12 41.94 20130119 111005 20130218 111005
-84.21 50.07 20130310 173028 20130409 173028
-90.87 53.13 20130309 164937 20130408 164937
-94.3 52.66 20130406 101121 20130506 101121
-86.53 45.08 20130313 171035 20130412 171035
-97.03 53.54 20130415 212806 20130515 212806
-99.47 53.69 20130425 234249 20130525 234249
-76.87 50.64 20130116 103946 20130215 103946
-100.77 42.32 20130221 085012 20130323 085012
-89.54 50.48 20130330 074059 20130429 074059
-109.31 53.76 20130215 061646 20130317 061646
-77.41 53.5 20130531 221618 20130630 221618
-101.28 49.36 20130513 163818 20130612 163818
-92.49 48.23 20130321 144344 20130420 144344
-96.8 47.28 20130512 124136 20130611 124136
-80.45 48.81 20130307 153627 20130406 153627
-93.81 45.32 20130504 232010 20130603 232010
-97.97 51.83 20130425 233658 20130525 233658
-94.59 44.54 20130428 231847 20130528 231847
-77.97 46.03 20130113 182210 20130212 182210
-102.62 46.13 20130416 044021 20130516 044021
-108.19 46.49 20130307 231252 20130406 231252
-87.75 44.85 20130412 033523 20130512 033523
-92.99 44.32 20130304 135627 20130403 135627
-87.73 49.85 20130331 104730 20130430 104730
-110.89 53.32 20130315 142026 20130414 142026
-86.61 35.28 20130414 100700 20130514 100700
-104.48 50.14 20130311 080919 20130410 080919
-89.59 37.99 20130503 093133 20130602 093133
-103.34 46.75 20130207 084759 20130309 084759
-99.79 46.36 20130307 151030 20130406 151030
-99.07 36.71 20130512 054257 20130611 054257
-103.09 38.82 20130411 105309 20130511 105309
-91.22 54 20130520 052001 20130619 052001
-83.16 49.35 20130517 221757 20130616 221757
-80.02 50.55 20130223 015758 20130325 015758
-107.98 44.76 20130105 084909 20130204 084909
-104.23 39.87 20130119 003051 20130218 003051
-93.13 48.37 20130427 131511 20130527 131511
-91.08 47.23 20130122 162751 20130221 162751
-79.52 45.55 20130211 192000 20130313 192000
-99.29 53.4 20130511 010101 20130610 010101
-82.98 35.17 20130401 163350 20130501 163350
-100.1 52.37 20130209 094917 20130311 094917
-108.61 43.72 20130420 020719 20130520 020719
-86.35 38.28 20130509 195424 20130608 195424
-105.12 41.85 20130406 021709 20130506 021709
-77.7 46.83 20130412 105830 20130512 105830
-81.02 35.78 20130329 223307 20130428 223307
-87.93 46.49 20130304 003130 20130403 003130
-103.26 54.9 20130425 101317 20130525 101317
-94.28 37.34 20130220 175625 20130322 175625
-85.25 49.72 20130401 090235 20130501 090235
-78.41 47.39 20130316 121854 20130415 121854
-88.96 42.33 20130104 055417 20130203 055417
-102.56 36.99 20130507 120117 20130606 120117
-88.44 41.54 20130505 154731 20130604 154731
-97.46 45.23 20130420 223718 20130520 223718
-88.6 46.88 20130115 020737 20130214 020737
-102.9 35.71 20130304 044245 20130403 044245
-86 46.16 20130301 073044 20130331 073044
-76.43 44.85 20130212 082023 20130314 082023
-104.04 44.09 20130522 020619 20130621 020619
-106.1 52.92 20130529 013901 20130628 013901
-76.2 40.62 20130117 144705 20130216 144705
-98.74 51.28 20130309 061923 20130408 061923
-89.26 35.28 20130416 010502 20130516 010502
-90.55 44.42 20130318 165403 20130417 165403
-78.64 50.04 20130215 103026 20130317 103026
-110.54 35.19 20130520 214012 20130619 214012
-85.52 35.01 20130208 212622 20130310 212622
-110.97 38.57 20130308 004622 20130407 004622
-83.02 36.78 20130323 091733 20130422 091733
-106.16 42.79 20130212 201610 20130314 201610
-110.72 43.1 20130221 025703 20130323 025703
-99.72 35.28 20130313 050819 20130412 050819
-95.12 38.68 20130308 114955 20130407 114955
-98.91 49.48 20130228 020905 20130330 020905
-81.44 43.24 20130117 173740 20130216 173740
-89.53 39.34 20130210 112057 20130312 112057
-99.67 52.12 20130128 223852 20130227 223852
-90.59 46.6 20130326 174545 20130425 174545
-80.63 52.94 20130303 132112 20130402 132112
-93.95 48.06 20130417 122635 20130517 122635
-93.93 47.64 20130224 011949 20130326 011949
-90.5 43.22 20130529 000442 20130628 000442
-88.08 54.64 20130210 133047 20130312 133047
-78.22 47.89 20130126 110841 20130225 110841
-106.96 48.32 20130119 221558 20130218 221558
-84.66 38.8 20130512 161906 20130611 161906
-79.98 37.92 20130219 235242 20130321 235242
-92.19 45.21 20130127 215839 20130226 215839
-81.77 47.04 20130220 030208 20130322 030208
-94.25 44.09 20130530 054908 20130629 054908
-100.5 43.9 20130217 095231 20130319 095231
-87.12 51.2 20130502 145815 20130601 145815
-98.49 53.02 20130422 012338 20130522 012338
-84.68 44.63 20130111 092555 20130210 092555
-92.78 48.07 20130404 015549 20130504 015549
-97.94 45.24 20130315 221153 20130414 221153
-105.16 40.18 20130411 230613 20130511 230613
-96.67 50.55 20130203 094214 20130305 094214
-78.85 47.07 20130212 074414 20130314 074414
-86.26 50.75 20130523 085548 20130622 085548
-84.92 44.11 20130113 110953 20130212 110953
-93.07 43.4 20130302 135411 20130401 135411
-93.69 51.56 20130308 083648 20130407 083648
-96.03 38.24 20130520 233607 20130619 233607
-110.22 43.17 20130120 094413 20130219 094413
-104.97 36.07 20130525 160829 20130624 160829
-100.11 36 20130228 130955 20130330 130955
-102.26 48.16 20130228 031314 20130330 031314
-91.08 51.02 20130401 204002 20130501 204002
-97.36 42.22 20130221 130256 20130323 130256
-82.03 45.49 20130501 123635 20130531 123635
-86.8 35.88 20130110 135000 20130209 135000
-92.46 35.4 20130601 051229 20130701 051229
-104.11 43.12 20130417 145317 20130517 145317
-104.02 40.19 20130407 145006 20130507 145006
-96.55 54.27 20130515 212753 20130614 212753
-93.2 49.26 20130415 190231 20130515 190231
-89.15 37.07 20130103 222611 20130202 222611
-83.47 36.41 20130409 182417 20130509 182417
-99.96 53.19 20130504 230819 20130603 230819
-90.69 48.66 20130426 001225 20130526 001225
-86.26 54.7 20130322 011732 20130421 011732
-92.6 42.17 20130131 181231 20130302 181231
-87.08 40.08 20130106 005948 20130205 005948
-78.6 51.17 20130315 124625 20130414 124625
-105.97 51.96 20130122 071605 20130221 071605
-89.64 52.29 20130503 013834 20130602 013834
-106.45 37.27 20130308 020251 20130407 020251
-82.96 54.61 20130212 215744 20130314 215744
-98.52 48.09 20130225 183556 20130327 183556
-96.46 37.91 20130513 134320 20130612 134320
-88.6 46.17 20130415 195223 20130515 195223
-99.81 36.78 20130309 133151 20130408 133151
-88.85 51.35 20130321 145039 20130420 145039
-97.44 39.17 20130228 051428 20130330 051428
-88.45 54.1 20130307 142950 20130406 142950
-83.23 44.71 20130112 034454 20130211 034454
-84.51 49.88 20130506 003844 20130605 003844
-96.59 37.91 20130106 083329 20130205 083329
-76.03 35.69 20130303 214658 20130402 214658
-94.05 38.68 20130307 172455 20130406 172455
-107.2 47.48 20130427 125142 20130527 125142
-102.3 47.82 20130131 122543 20130302 122543
-77.32 47.44 20130531 235134 20130630 235134
-103.97 43.12 20130419 142331 20130519 142331
-77.98 45.14 20130511 100052 20130610 100052
-106.6 54.86 20130319 041015 20130418 041015
-87.07 35.3 20130218 040837 20130320 040837
-98.85 48.66 20130217 033233 20130319 033233
-81.88 47.33 20130113 192724 20130212 192724
-106.4 36.6 20130426 230640 20130526 230640
-95.59 45.62 20130106 012138 20130205 012138
-82.31 43 20130212 195454 20130314 195454
-108.13 38.53 20130304 025759 20130403 025759
-84.16 46.18 20130408 131623 20130508 131623
-82.22 46.67 20130202 082242 20130304 082242
-107.34 53.88 20130307 051632 20130406 051632
-81.8 48.2 20130317 053755 20130416 053755
-106.65 47.88 20130528 032854 20130627 032854
-78.01 39.33 20130507 124126 20130606 124126
-76.62 36.81 20130420 103334 20130520 103334
-96.48 41.49 20130324 195354 20130423 195354
-80.32 48.55 20130118 074051 20130217 074051
-98.68 49.25 20130428 095312 20130528 095312
-104.27 35.56 20130514 213252 20130613 213252
-103.91 52.56 20130202 165825 20130304 165825
-98.5 50.03 20130428 015859 20130528 015859
-99.43 48.98 20130121 125713 20130220 125713
-84.62 52.41 20130327 034526 20130426 034526
-93.43 35.33 20130506 020707 20130605 020707
-85.71 45.5 20130206 224134 20130308 224134
-76.32 49.56 20130514 215754 20130613 215754
-87.79 43.29 20130314 032111 20130413 032111
-92.64 53.24 20130411 114047 20130511 114047
-103.78 48.99 20130316 142239 20130415 142239
-109.82 47.95 20130506 153732 20130605 153732
-109.15 44.47 20130316 132103 20130415 132103
-88.89 53.42 20130504 033421 20130603 033421
-100.36 38.08 20130519 182412 20130618 182412
-102.89 44.72 20130412 045734 20130512 045734
-96.61 46.53 20130403 203741 20130503 203741
-87.73 44.17 20130418 030440 20130518 030440
-77.84 39.62 20130417 215714 20130517 215714
-105.49 37.27 20130228 045036 20130330 045036
-80.84 46.43 20130416 172423 20130516 172423
-101.28 51.94 20130408 091904 20130508 091904
-80.1 39.04 20130105 154106 20130204 154106
-81.54 48.88 20130226 135427 20130328 135427
-88.06 42.15 20130529 054401 20130628 054401
-84.48 44.63 20130130 062743 20130301 062743
-93.38 37.88 20130302 081754 20130401 081754
-109.19 49.42 20130227 131610 20130329 131610
-77.88 46.91 20130330 151046 20130429 151046
-94.17 40.11 20130110 074949 20130209 074949
-95.92 36.81 20130524 195057 20130623 195057
-93.3 41.34 20130517 103939 20130616 103939
-88.76 48.09 20130116 025521 20130215 025521
-105.13 47.46 20130601 094935 20130701 094935
-97.08 49.04 20130118 094041 20130217 094041
-92.7 35.9 20130131 011835 20130302 011835
-102.89 48.12 20130317 140731 20130416 140731
-82.93 47.2 20130307 090850 20130406 090850
-82.92 41.98 20130111 004401 20130210 004401
-94.09 39.02 20130125 205547 20130224 205547
-88.45 46.39 20130227 113903 20130329 113903
-109.57 35.92 20130330 054112 20130429 054112
-81.56 43.35 20130203 065629 20130305 065629
-76.78 37.38 20130203 222228 20130305 222228
-103.56 38.61 20130413 075556 20130513 075556
-79.21 49.48 20130208 080139 20130310 080139
-79.6 41.11 20130316 051404 20130415 051404
-86.01 42.82 20130313 035908 20130412 035908
-94.1 36.98 20130130 021627 20130301 021627
-84.04 35.98 20130225 103354 20130327 103354
-103.66 47.21 20130308 013208 20130407 013208
-87.95 41.28 20130401 091633 20130501 091633
-96.14 48.51 20130220 023003 20130322 023003
-78.84 42.56 20130311 013951 20130410 013951
-87.58 35.63 20130306 144649 20130405 144649
-104.19 36.12 20130301 172114 20130331 172114
-101.78 49 20130114 062736 20130213 062736
-109.2 51.57 20130212 084807 20130314 084807
-91.47 52.77 20130222 084831 20130324 084831
-88.43 36.29 20130103 131801 20130202 131801
-91.19 39.6 20130310 141627 20130409 141627
-77.98 37.8 20130504 055559 20130603 055559
-101.62 39.49 20130331 002336 20130430 002336
-98.3 47.2 20130112 024945 20130211 024945
-93.9 46.71 20130515 185155 20130614 185155
-82.9 40.7 20130314 150027 20130413 150027
-85.58 40.65 20130426 232848 20130526 232848
-93.4 44.74 20130417 215045 20130517 215045
-109.59 46.54 20130513 020606 20130612 020606
-102.21 36.89 20130113 024631 20130212 024631
-86.11 36.44 20130103 211303 20130202 211303
-84.52 48.39 20130408 201646 20130508 201646
-88.63 43.01 20130226 234726 20130328 234726
-79.11 45.89 20130523 004035 20130622 004035
-95.58 39.95 20130522 140146 20130621 140146
-84.71 46.07 20130507 030237 20130606 030237
-102.92 47.36 20130331 094028 20130430 094028
-104.25 49.29 20130409 023451 20130509 023451
-97.32 37.58 20130314 021812 20130413 021812
-109.82 42.43 20130517 220448 20130616 220448
-79.6 46.26 20130506 085225 20130605 085225
-108.78 51.09 20130202 131525 20130304 131525
-95.71 36.09 20130127 072253 20130226 072253
-93.49 42.41 20130222 034602 20130324 034602
-100.32 43.95 20130504 095900 20130603 095900
-86.75 43.1 20130525 202201 20130624 202201
-85.22 43.04 20130301 202510 20130331 202510
-93.11 41.13 20130128 035837 20130227 035837
-96.46 53.17 20130502 033320 20130601 033320
-78.68 44.24 20130322 234743 20130421 234743
-77.06 42.47 20130329 014839 20130428 014839
-101.17 48.96 20130316 025429 20130415 025429
-110 37.74 20130120 091852 20130219 091852
-94.92 40.96 20130111 192135 20130210 192135
-99.13 37.73 20130404 024459 20130504 024459
-108.57 39.38 20130408 130205 20130508 130205
-110.46 49.88 20130421 042457 20130521 042457
-90.84 51.17 20130305 045331 20130404 045331
-97.62 36.46 20130130 181046 20130301 181046
-102.56 47.21 20130104 084216 20130203 084216
-89.54 44.96 20130327 082254 20130426 082254
-77.71 54.39 20130302 100637 20130401 100637
-108.74 40.15 20130522 005831 20130621 005831
-100.58 41.27 20130118 013755 20130217 013755
-87.3 52.55 20130310 045125 20130409 045125
-100.12 44.98 20130217 110735 20130319 110735
-81.78 53.02 20130514 205745 20130613 205745
-80.87 51.05 20130511 092908 20130610 092908
-106.48 37.86 20130413 164703 20130513 164703
-86.91 35.21 20130104 200023 20130203 200023
-80.27 53.69 20130306 102450 20130405 102450
-97.59 37.23 20130514 040100 20130613 040100
-94.15 45.22 20130405 131537 20130505 131537
-105.86 52.82 20130220 125118 20130322 125118
-80.38 50.86 20130323 213504 20130422 213504
-97.81 52.32 20130502 203045 20130601 203045
-87.79 42.35 20130410 091551 20130510 091551
-100.95 46.2 20130301 115858 20130331 115858
-109.45 42.81 20130220 192532 20130322 192532
-91.32 54.85 20130122 205525 20130221 205525
-96.11 39.75 20130119 044859 20130218 044859
-105.22 36.27 20130508 202034 20130607 202034
-86.89 53.68 20130303 104159 20130402 104159
-97.73 53.65 20130221 235839 20130323 235839
-102.7 42.66 20130108 050359 20130207 050359
-102.83 52.92 20130214 112850 20130316 112850
-101.92 40.4 20130513 092439 20130612 092439
-97.69 47.79 20130510 060312 20130609 060312
-107.76 50.64 20130421 042253 20130521 042253
-105.13 53.09 20130331 185813 20130430 185813
-84.03 49.98 20130517 221209 20130616 221209
-95.33 44.09 20130518 134737 20130617 134737
-89.13 39.64 20130122 232757 20130221 232757
-83.63 54.67 20130120 060815 20130219 060815
-89.51 40.26 20130223 033341 20130325 033341
-92.58 41.28 20130218 205754 20130320 205754
-95.45 40.29 20130424 160010 20130524 160010
-93.31 43.57 20130129 163733 20130228 163733
-96.43 51.24 20130213 051757 20130315 051757
-82.85 46.18 20130201 075036 20130303 075036
-101.14 43.68 20130512 195832 20130611 195832
-103.44 54.59 20130415 130541 20130515 130541
-90.72 38.34 20130427 112959 20130527 112959
-78.12 54.71 20130423 004945 20130523 004945
-105.32 53.64 20130529 043801 20130628 043801
-107.25 38.72 20130130 070303 20130301 070303
-77.25 52.63 20130122 082139 20130221 082139
-94.74 53.51 20130522 032259 20130621 032259
-98.65 49.11 20130331 143240 20130430 143240
-100.16 44.8 20130128 024849 20130227 024849
-110.81 49.88 20130322 184638 20130421 184638
-109.79 50.37 20130131 183051 20130302 183051
-99.42 47.31 20130518 140825 20130617 140825
-81.42 37.99 20130213 163659 20130315 163659
-78.09 52.1 20130211 131250 20130313 131250
-103.68 53.12 20130508 065311 20130607 065311
-88.4 35.9 20130206 133854 20130308 133854
-103 39.65 20130321 201515 20130420 201515
-98.89 41.04 20130209 090625 20130311 090625
-101.33 50.04 20130221 040247 20130323 040247
-104.39 53.87 20130128 162252 20130227 162252
-98.3 45.05 20130308 204026 20130407 204026
-93.43 41.95 20130405 182956 20130505 182956
-100.82 52.02 20130307 231529 20130406 231529
-95.7 51.9 20130424 003908 20130524 003908
-103.81 54.77 20130525 080803 20130624 080803
-105.53 41.73 20130416 182806 20130516 182806
-100.45 41.98 20130327 012800 20130426 012800
-89.48 39.41 20130118 065431 20130217 065431
-79 46.59 20130129 201217 20130228 201217
-98.35 50.79 20130227 044444 20130329 044444
-76.52 44.6 20130104 135209 20130203 135209
-104.22 39.22 20130518 005527 20130617 005527
-108.56 51.05 20130512 150449 20130611 150449
-108.42 53.32 20130111 025008 20130210 025008
-79.98 51.88 20130110 135900 20130209 135900
-86.09 49.83 20130215 200250 20130317 200250
-91.48 41.93 20130511 054600 20130610 054600
-79.95 53.56 20130529 210441 20130628 210441
-89.22 42.88 20130508 171445 20130607 171445
-79.74 52.07 20130507 201216 20130606 201216
-93.79 43.3 20130330 080523 20130429 080523
