23.5 54.27 20110419 030355 20110519 030355
14.74 56.06 20110302 195833 20110401 195833
19.59 63.7 20110427 081803 20110527 081803
25.64 60.06 20110408 194838 20110508 194838
32.7 61.72 20110305 112735 20110404 112735
29 54.47 20110405 171741 20110505 171741
32.54 60.6 20110318 003506 20110417 003506
27.88 68.82 20110401 054958 20110501 054958
32.82 69.5 20110207 023211 20110309 023211
20.49 61.56 20110123 123550 20110222 123550
18.57 58.62 20110123 112408 20110222 112408
28.97 51.55 20110105 085119 20110204 085119
16.34 59.16 20110411 232654 20110511 232654
10.59 68.12 20110515 120706 20110614 120706
22.3 57.62 20110115 203142 20110214 203142
9.89 65.4 20110107 143828 20110206 143828
24.54 59.69 20110413 195108 20110513 195108
4.34 60.93 20110324 174245 20110423 174245
5.34 55.9 20110211 080058 20110313 080058
6.3 68.6 20110315 083741 20110414 083741
5.07 63.01 20110526 195024 20110625 195024
28.33 67.38 20110519 155527 20110618 155527
13.67 58.76 20110418 225511 20110518 225511
19.33 55.18 20110220 123152 20110322 123152
3.09 61.77 20110202 120233 20110304 120233
36.24 63.13 20110311 082059 20110410 082059
14.48 63.32 20110212 061356 20110314 061356
3.38 52.39 20110502 223311 20110601 223311
33.56 66.65 20110504 021447 20110603 021447
12.59 67.54 20110325 095533 20110424 095533
32.79 61.26 20110404 010055 20110504 010055
5.15 60.32 20110309 112140 20110408 112140
18.54 57.99 20110209 050442 20110311 050442
13.97 54.69 20110105 090603 20110204 090603
17.71 64.8 20110220 014657 20110322 014657
4.84 62.83 20110301 010306 20110331 010306
3.05 63.63 20110521 011832 20110620 011832
10.98 54.78 20110302 151028 20110401 151028
23.64 59.43 20110413 105505 20110513 105505
6.4 59.28 20110531 022321 20110630 022321
8.06 63.52 20110330 001824 20110429 001824
27.63 65.68 20110218 221827 20110320 221827
24.95 58.56 20110505 051640 20110604 051640
6.73 60.61 20110527 215006 20110626 215006
5.13 54.84 20110517 180414 20110616 180414
28.37 56.15 20110202 110942 20110304 110942
8.36 57.81 20110530 115637 20110629 115637
25.56 64.35 20110409 112117 20110509 112117
13.96 62.27 20110130 142844 20110301 142844
13.69 64.49 20110214 200156 20110316 200156
12.96 64.17 20110125 122839 20110224 122839
35.01 61.45 20110323 090809 20110422 090809
10.13 52.23 20110212 143121 20110314 143121
27.58 51.35 20110425 065023 20110525 065023
3.92 68.84 20110224 170609 20110326 170609
11.09 64.9 20110118 203125 20110217 203125
2.62 61.48 20110528 042057 20110627 042057
34.84 56.87 20110220 020910 20110322 020910
9.21 62.69 20110125 115738 20110224 115738
14.52 58.94 20110404 142209 20110504 142209
6 56.31 20110529 230848 20110628 230848
2.55 61.13 20110207 205258 20110309 205258
4.94 64.64 20110506 224837 20110605 224837
34.66 55.18 20110307 053936 20110406 053936
11.59 55.16 20110406 165756 20110506 165756
24.3 58.54 20110209 020942 20110311 020942
28.55 69.06 20110512 011717 20110611 011717
30.45 64.58 20110121 024625 20110220 024625
29 64.84 20110130 080025 20110301 080025
23.4 59.22 20110120 072923 20110219 072923
8.97 53.46 20110302 111537 20110401 111537
30.52 68.23 20110503 173347 20110602 173347
18.75 60.71 20110226 052547 20110328 052547
16.86 58.6 20110525 213211 20110624 213211
5.44 56.43 20110112 201229 20110211 201229
21.7 64.36 20110509 032456 20110608 032456
29.3 65.7 20110430 043005 20110530 043005
2.5 52.44 20110518 102828 20110617 102828
10.65 59.48 20110403 182605 20110503 182605
18.88 69.53 20110303 004127 20110402 004127
30.21 58.14 20110310 213814 20110409 213814
15.2 65.34 20110305 204910 20110404 204910
13.16 58.18 20110206 055503 20110308 055503
28.68 53.35 20110202 142315 20110304 142315
28.71 58.64 20110528 045457 20110627 045457
35.63 62.8 20110103 225200 20110202 225200
18.07 51.59 20110128 023355 20110227 023355
13.57 52.53 20110411 055342 20110511 055342
13.46 69.76 20110226 100817 20110328 100817
27.32 55.38 20110114 185937 20110213 185937
7.14 61.34 20110113 040752 20110212 040752
36.63 54.47 20110320 070532 20110419 070532
3.84 52.74 20110312 221822 20110411 221822
13 60 20110330 000858 20110429 000858
21.47 66.11 20110108 131253 20110207 131253
31.81 60.35 20110228 052515 20110330 052515
14.38 58.82 20110401 183919 20110501 183919
3.5 65.37 20110407 003154 20110507 003154
34.37 56.51 20110321 030549 20110420 030549
36.84 57.28 20110209 083606 20110311 083606
15.62 51.69 20110502 233833 20110601 233833
35.36 61.44 20110224 155312 20110326 155312
11.72 64.78 20110214 185720 20110316 185720
25.49 58.09 20110125 070951 20110224 070951
32.82 64.05 20110309 000949 20110408 000949
27.99 54.65 20110331 142638 20110430 142638
35.84 60.35 20110412 212952 20110512 212952
14.4 60.59 20110308 211554 20110407 211554
10.3 64.58 20110531 141238 20110630 141238
21.56 54.26 20110522 192717 20110621 192717
11.21 58.94 20110213 134400 20110315 134400
19.59 51 20110201 072138 20110303 072138
26.47 59.62 20110428 111450 20110528 111450
29.24 57.01 20110207 061437 20110309 061437
23.78 65.3 20110303 152401 20110402 152401
12.05 69.48 20110119 004135 20110218 004135
21.84 52.8 20110309 071119 20110408 071119
27.6 55.49 20110503 142630 20110602 142630
7.78 66.87 20110211 015746 20110313 015746
30.09 54.25 20110319 221717 20110418 221717
12.88 53.8 20110512 194916 20110611 194916
4.58 60.64 20110209 090159 20110311 090159
34.85 65.8 20110313 132555 20110412 132555
19.49 66.84 20110223 124822 20110325 124822
26.86 62.01 20110215 000642 20110317 000642
23.96 58.42 20110518 080215 20110617 080215
4.32 65.87 20110211 070123 20110313 070123
25.61 52.87 20110525 044447 20110624 044447
11.72 67.52 20110429 095413 20110529 095413
4.73 61.78 20110325 000130 20110424 000130
2.51 61.43 20110430 161725 20110530 161725
28.48 64.64 20110429 095022 20110529 095022
5.56 52.85 20110307 224612 20110406 224612
26.27 60.8 20110315 115924 20110414 115924
22.25 51.66 20110124 190651 20110223 190651
21.33 60.26 20110422 113413 20110522 113413
12.67 67.14 20110505 030049 20110604 030049
2.61 55.97 20110530 091349 20110629 091349
35.38 60.51 20110419 233713 20110519 233713
17.45 67.73 20110508 151837 20110607 151837
2.98 63.43 20110426 013133 20110526 013133
11.07 60.71 20110126 123813 20110225 123813
23.3 69.51 20110205 010544 20110307 010544
16.1 64.87 20110425 144218 20110525 144218
11.8 54.98 20110106 023403 20110205 023403
14.95 59.9 20110508 100325 20110607 100325
5.71 61.05 20110324 164812 20110423 164812
22.81 66.07 20110514 004746 20110613 004746
16.74 59.79 20110405 093233 20110505 093233
20.95 56.02 20110226 104540 20110328 104540
24.43 52.35 20110319 021916 20110418 021916
34.88 68.95 20110319 165252 20110418 165252
33.91 58.99 20110530 184125 20110629 184125
33.78 57.18 20110113 151115 20110212 151115
14.96 60.37 20110112 125405 20110211 125405
20.1 64.63 20110126 073606 20110225 073606
13.7 53.22 20110401 083430 20110501 083430
11.21 57.3 20110207 170715 20110309 170715
27.18 52.5 20110210 063848 20110312 063848
6.79 65.87 20110117 114806 20110216 114806
27.04 54.86 20110402 013201 20110502 013201
10.06 66.57 20110428 221148 20110528 221148
28.37 61.37 20110330 120741 20110429 120741
4.57 60.24 20110119 052648 20110218 052648
5.85 61.54 20110204 021515 20110306 021515
11.44 64.05 20110411 160559 20110511 160559
2.55 55.77 20110123 220903 20110222 220903
3.85 65.49 20110516 161445 20110615 161445
24.85 51.49 20110228 210232 20110330 210232
4.3 59.25 20110426 082551 20110526 082551
5.55 56.41 20110508 040032 20110607 040032
20.19 51.34 20110329 204413 20110428 204413
29.44 62.42 20110315 091953 20110414 091953
21.13 53.2 20110303 155725 20110402 155725
26.81 51.5 20110222 012633 20110324 012633
34.09 68.7 20110126 013626 20110225 013626
6.67 55.02 20110128 122044 20110227 122044
20.14 67.5 20110401 093948 20110501 093948
29.9 57.48 20110430 190831 20110530 190831
2.38 56.24 20110216 205031 20110318 205031
26.21 65.47 20110411 061240 20110511 061240
17.65 63.46 20110217 093156 20110319 093156
13.18 57.31 20110218 003001 20110320 003001
11.37 68.09 20110316 073725 20110415 073725
17.17 59.57 20110414 011638 20110514 011638
13.69 66.01 20110413 143601 20110513 143601
18.15 69.14 20110109 172047 20110208 172047
22.73 55.54 20110416 213904 20110516 213904
19.48 68.78 20110110 172819 20110209 172819
32.59 62.66 20110324 024149 20110423 024149
27.12 62.09 20110218 064754 20110320 064754
21.12 62.19 20110428 203422 20110528 203422
20.92 54.37 20110516 152434 20110615 152434
27.44 52.9 20110506 164442 20110605 164442
35.2 66.67 20110106 032855 20110205 032855
23.21 60.76 20110410 095605 20110510 095605
12.22 63.05 20110514 090511 20110613 090511
14.9 62.75 20110326 014815 20110425 014815
13.26 52.36 20110203 051607 20110305 051607
7.71 56.73 20110408 141641 20110508 141641
2.03 62.06 20110327 081157 20110426 081157
32.32 59.86 20110523 094010 20110622 094010
33.91 66.1 20110112 140721 20110211 140721
10.64 54.23 20110210 072044 20110312 072044
27.9 56.76 20110509 132244 20110608 132244
9.48 67.78 20110112 034736 20110211 034736
12.28 57.75 20110325 231116 20110424 231116
24.27 53.25 20110522 053102 20110621 053102
8.88 60.23 20110219 172957 20110321 172957
19.99 59.77 20110422 171732 20110522 171732
26.87 58.87 20110322 111936 20110421 111936
31.82 65.9 20110424 020806 20110524 020806
31.27 68.64 20110319 183042 20110418 183042
34.62 62.02 20110111 072709 20110210 072709
9.93 56.9 20110421 215242 20110521 215242
24.83 66.58 20110203 015228 20110305 015228
26.58 69.72 20110118 124547 20110217 124547
20.38 64.16 20110425 190713 20110525 190713
6.44 53.93 20110412 162719 20110512 162719
27.86 65.01 20110124 215252 20110223 215252
13.7 66.63 20110527 154857 20110626 154857
23.12 60.81 20110528 121016 20110627 121016
14.71 67.22 20110223 212330 20110325 212330
7.46 61.3 20110414 211907 20110514 211907
11.81 51.95 20110515 092648 20110614 092648
36.71 61.97 20110326 194813 20110425 194813
6.74 51.37 20110527 151459 20110626 151459
13.31 63.83 20110528 211932 20110627 211932
34.03 68.78 20110525 224245 20110624 224245
30.29 66.36 20110109 200114 20110208 200114
34.29 60.72 20110415 112421 20110515 112421
10.03 57.51 20110326 144940 20110425 144940
12.07 53.67 20110217 163101 20110319 163101
22.42 53.54 20110510 160142 20110609 160142
22.38 52.81 20110321 062302 20110420 062302
5.64 54.96 20110128 225224 20110227 225224
15.78 60.11 20110227 121833 20110329 121833
16.85 65.22 20110429 130212 20110529 130212
31.14 65.06 20110130 144621 20110301 144621
22.3 56.2 20110521 010646 20110620 010646
35.38 68.38 20110107 051656 20110206 051656
17.07 61.04 20110226 033212 20110328 033212
2.21 51.88 20110413 215257 20110513 215257
6.45 56.72 20110317 040150 20110416 040150
3 52.06 20110404 081449 20110504 081449
24.95 61.69 20110126 035935 20110225 035935
15.69 68.59 20110518 094801 20110617 094801
14.37 54.44 20110111 195537 20110210 195537
2.45 55.14 20110128 081213 20110227 081213
30.05 69.1 20110329 144449 20110428 144449
26.4 69.08 20110419 154247 20110519 154247
4.33 55.4 20110421 171247 20110521 171247
17.97 52.4 20110601 005540 20110701 005540
6.88 57.51 20110416 092634 20110516 092634
21.14 67.04 20110515 235701 20110614 235701
28.67 52.18 20110517 050544 20110616 050544
19.84 51.76 20110312 152050 20110411 152050
25.65 65.44 20110306 123537 20110405 123537
11.56 65.54 20110330 022458 20110429 022458
7.78 63.48 20110411 085300 20110511 085300
4.07 61.03 20110306 070520 20110405 070520
11.21 59.31 20110522 184347 20110621 184347
13.71 63.55 20110407 014459 20110507 014459
16.67 62.15 20110312 142618 20110411 142618
27.85 56.31 20110513 184206 20110612 184206
7.63 64.53 20110207 214502 20110309 214502
2.33 68.25 20110420 165238 20110520 165238
16.17 60.09 20110106 035611 20110205 035611
18.05 51.3 20110125 163453 20110224 163453
9.42 53.52 20110529 185532 20110628 185532
5.66 60.41 20110126 124446 20110225 124446
25.54 68.51 20110525 134112 20110624 134112
6.05 57.67 20110228 044210 20110330 044210
21.08 69.4 20110525 165502 20110624 165502
34.11 60.77 20110411 211255 20110511 211255
20.48 60.38 20110103 204306 20110202 204306
8.85 55.15 20110323 230655 20110422 230655
26.91 52.59 20110502 145348 20110601 145348
13.63 51.13 20110319 182722 20110418 182722
7.51 58.34 20110428 091513 20110528 091513
33.83 59.01 20110107 173510 20110206 173510
32 68.27 20110331 115822 20110430 115822
24.21 56.16 20110511 105618 20110610 105618
29.07 59.58 20110517 223648 20110616 223648
32.45 54.77 20110408 183753 20110508 183753
19.5 54.75 20110430 124002 20110530 124002
23.03 68.87 20110519 052816 20110618 052816
21.14 56.75 20110126 045729 20110225 045729
14.18 51.54 20110316 112107 20110415 112107
27.84 69.11 20110107 070154 20110206 070154
14.29 64.94 20110112 035447 20110211 035447
18.29 69.63 20110429 213724 20110529 213724
28.55 59.87 20110106 104524 20110205 104524
22.97 62.65 20110304 041022 20110403 041022
10.74 56.92 20110301 020122 20110331 020122
36.5 64.2 20110117 230817 20110216 230817
33.73 53.65 20110208 113530 20110310 113530
19.18 66.46 20110421 110436 20110521 110436
6.44 59.1 20110528 100122 20110627 100122
30.04 53.28 20110403 031551 20110503 031551
9.87 60.17 20110109 101402 20110208 101402
13.54 58.5 20110224 100232 20110326 100232
29.29 65.54 20110302 222340 20110401 222340
35.3 63.28 20110324 161641 20110423 161641
7.76 51.48 20110427 220850 20110527 220850
6.67 56.76 20110115 110354 20110214 110354
29.13 56.67 20110409 115230 20110509 115230
4.62 53.02 20110514 012710 20110613 012710
12.16 57.34 20110421 010915 20110521 010915
5.1 61.2 20110326 183156 20110425 183156
35.45 63.18 20110325 072801 20110424 072801
25.61 52.18 20110108 001310 20110207 001310
32.28 63.16 20110422 223715 20110522 223715
13.48 62.42 20110519 140537 20110618 140537
12.67 59.74 20110411 003844 20110511 003844
19.57 61.18 20110219 215746 20110321 215746
3.72 64.85 20110410 001339 20110510 001339
25.5 51.54 20110118 035001 20110217 035001
15.43 53.07 20110415 081740 20110515 081740
30.52 58.02 20110202 203337 20110304 203337
22.92 66.99 20110202 105518 20110304 105518
23.93 62.79 20110503 144809 20110602 144809
3.53 68.96 20110429 112856 20110529 112856
2.03 56.1 20110413 192626 20110513 192626
6.7 53.56 20110316 075450 20110415 075450
4.92 53.3 20110426 173804 20110526 173804
17.74 62.79 20110419 142530 20110519 142530
32.62 63.96 20110221 123405 20110323 123405
23.85 56.74 20110505 032335 20110604 032335
33.24 56.85 20110314 154132 20110413 154132
33.82 56.12 20110528 034339 20110627 034339
26.34 60 20110508 200439 20110607 200439
12.5 56.72 20110514 152416 20110613 152416
34.63 69.24 20110517 053021 20110616 053021
32.47 55.98 20110122 214128 20110221 214128
5.46 51.13 20110206 123600 20110308 123600
12 59.2 20110119 173641 20110218 173641
30.22 51.58 20110424 134300 20110524 134300
34.99 63.17 20110112 203509 20110211 203509
8.6 57.17 20110205 173133 20110307 173133
36 60.92 20110529 181549 20110628 181549
3.16 54.1 20110331 181955 20110430 181955
10.44 63.03 20110228 080910 20110330 080910
25.37 65.27 20110205 010142 20110307 010142
19.06 61.15 20110522 190857 20110621 190857
23.46 58.28 20110317 051235 20110416 051235
24.96 54.03 20110118 041445 20110217 041445
15.31 54 20110418 061451 20110518 061451
8.2 68.57 20110521 011745 20110620 011745
22.07 65.74 20110314 064050 20110413 064050
3.24 53.07 20110106 042442 20110205 042442
17.54 63.64 20110511 162716 20110610 162716
25.06 60.41 20110202 213438 20110304 213438
31.59 54.94 20110330 184141 20110429 184141
36.38 59.55 20110124 102531 20110223 102531
28.49 61.65 20110530 220350 20110629 220350
5.63 67.23 20110307 084102 20110406 084102
