-84.94 37.69 20130220 164943 20130322 164943
-90.05 35.02 20130414 143400 20130514 143400
-103.89 50.31 20130413 182714 20130513 182714
-86.47 39 20130510 162112 20130609 162112
-110.26 51.5 20130317 033123 20130416 033123
-103.7 35.76 20130408 061533 20130508 061533
-95.34 46.13 20130513 093611 20130612 093611
-86.22 43.53 20130224 050621 20130326 050621
-95.02 43.81 20130502 131816 20130601 131816
-106.46 50.8 20130113 100323 20130212 100323
-104.86 37.7 20130425 014136 20130525 014136
-96.53 49.67 20130525 224319 20130624 224319
-84.34 47.78 20130507 144753 20130606 144753
-99.12 44.21 20130514 215530 20130613 215530
-101.78 40.29 20130503 232727 20130602 232727
-97.79 40.33 20130203 132452 20130305 132452
-81.08 41.72 20130508 142400 20130607 142400
-96.75 40.19 20130429 091653 20130529 091653
-86.61 49.87 20130515 051120 20130614 051120
-91.93 38.99 20130127 105501 20130226 105501
-84.34 41.45 20130125 032347 20130224 032347
-109.31 50.38 20130212 233109 20130314 233109
-96.85 39.85 20130111 104311 20130210 104311
-110.53 48.02 20130126 005913 20130225 005913
-77.42 53.51 20130228 130652 20130330 130652
-81.7 43.44 20130129 211730 20130228 211730
-82.21 48.16 20130522 165109 20130621 165109
-95.78 53.64 20130530 073031 20130629 073031
-102.72 43.73 20130227 232053 20130329 232053
-84.98 38.79 20130416 221044 20130516 221044
-95.93 51.3 20130505 162230 20130604 162230
-94.24 46.94 20130227 235857 20130329 235857
-108.22 46.63 20130128 003602 20130227 003602
-83.31 44.59 20130227 134920 20130329 134920
-83.72 53.49 20130310 144543 20130409 144543
-88.5 46.4 20130427 194316 20130527 194316
-108.75 41.43 20130427 232233 20130527 232233
-100 51.05 20130324 112752 20130423 112752
-98.51 45.28 20130508 002233 20130607 002233
-87.81 41.82 20130312 080010 20130411 080010
-108.81 53.33 20130112 235748 20130211 235748
-106.17 36.12 20130508 000022 20130607 000022
-80.58 50.93 20130525 193647 20130624 193647
-82.03 48.91 20130509 225251 20130608 225251
-99.54 54.59 20130106 020701 20130205 020701
-104.83 45.9 20130503 185702 20130602 185702
-84.42 36.26 20130407 040035 20130507 040035
-96.87 39.92 20130321 114956 20130420 114956
-79.26 35.31 20130417 183423 20130517 183423
-85.38 40.2 20130520 040016 20130619 040016
-88.03 44.04 20130502 202214 20130601 202214
-95.1 38.88 20130321 190559 20130420 190559
-90.43 39.26 20130128 010719 20130227 010719
-105.45 46.42 20130210 164659 20130312 164659
-103.63 53.9 20130423 071304 20130523 071304
-108.51 42.7 20130113 102231 20130212 102231
-85.75 36.58 20130212 112023 20130314 112023
-81.14 51.42 20130509 175903 20130608 175903
-99.82 48.33 20130123 212652 20130222 212652
-82.52 39.19 20130527 011347 20130626 011347
-77.76 44.75 20130301 081749 20130331 081749
-79.55 43.02 20130202 033940 20130304 033940
-99.4 42.81 20130216 020918 20130318 020918
-85.78 54.1 20130111 131252 20130210 131252
-81.69 46.27 20130125 133938 20130224 133938
-77.28 36.49 20130209 000010 20130311 000010
-81.07 35.32 20130206 131309 20130308 131309
-96 54.69 20130305 075105 20130404 075105
-90.34 36.21 20130215 160435 20130317 160435
-104.5 40.34 20130521 215122 20130620 215122
-108.09 46.83 20130119 185649 20130218 185649
-98 49.51 20130226 225218 20130328 225218
-76.9 47.36 20130227 142611 20130329 142611
-93.1 47.65 20130127 020844 20130226 020844
-88.54 48.09 20130113 103301 20130212 103301
-80.76 47.38 20130219 060755 20130321 060755
-90.32 38.69 20130116 144425 20130215 144425
-108.68 35.85 20130308 053605 20130407 053605
-109.28 52.29 20130125 073821 20130224 073821
-108.09 43.06 20130202 022227 20130304 022227
-80.25 39.28 20130309 193654 20130408 193654
-76.7 37.88 20130106 050902 20130205 050902
-94.19 50.66 20130527 051408 20130626 051408
-96.55 35.83 20130514 162121 20130613 162121
-88.59 41.06 20130219 121059 20130321 121059
-100.77 37.92 20130103 142531 20130202 142531
-87.66 48.66 20130522 021126 20130621 021126
-97.69 47.07 20130522 001744 20130621 001744
-84.9 38.82 20130221 041626 20130323 041626
-90.97 40.44 20130214 232128 20130316 232128
-104.59 37.46 20130105 190119 20130204 190119
-106.67 54.79 20130526 230419 20130625 230419
-88.72 47.68 20130111 024909 20130210 024909
-100.9 49.59 20130206 005434 20130308 005434
-107.25 47.65 20130527 113143 20130626 113143
-82.13 47.08 20130601 080419 20130701 080419
-81.01 37.04 20130601 002910 20130701 002910
-96.97 35.14 20130412 195031 20130512 195031
-81.03 42.72 20130506 140525 20130605 140525
-99.06 38.14 20130410 110200 20130510 110200
-110.93 50.25 20130106 221314 20130205 221314
-87.65 46.1 20130128 055430 20130227 055430
-81 37.94 20130308 084930 20130407 084930
-104.2 40.87 20130201 112040 20130303 112040
-99.3 54.81 20130305 193714 20130404 193714
-79.73 38.92 20130107 220918 20130206 220918
-97.68 42.94 20130202 125112 20130304 125112
-87.99 50.92 20130426 115654 20130526 115654
-97.98 39.35 20130226 193607 20130328 193607
-77.55 50.61 20130419 043510 20130519 043510
-87.78 52.73 20130331 045929 20130430 045929
-106.01 45.9 20130406 042421 20130506 042421
-94.18 51.99 20130523 100441 20130622 100441
-76.29 39.01 20130318 215733 20130417 215733
-86.26 39.12 20130510 011849 20130609 011849
-103.4 42.06 20130421 182514 20130521 182514
-95.4 35.34 20130411 121006 20130511 121006
-99 35.95 20130521 113354 20130620 113354
-89.12 51.33 20130201 130042 20130303 130042
-81.15 40.21 20130123 074629 20130222 074629
-94.37 51.32 20130301 192459 20130331 192459
-102.06 46.41 20130424 040627 20130524 040627
-107.68 38.9 20130303 044513 20130402 044513
-92.45 43.61 20130320 064051 20130419 064051
-105.94 49.11 20130303 145001 20130402 145001
-107.39 43.19 20130228 150445 20130330 150445
-98.87 52.4 20130412 032057 20130512 032057
-108.38 42.43 20130210 074824 20130312 074824
-92.63 54.68 20130529 091544 20130628 091544
-88.22 49.09 20130228 201005 20130330 201005
-96.75 52.8 20130131 091615 20130302 091615
-80.47 47.79 20130312 210500 20130411 210500
-105.88 50 20130109 075543 20130208 075543
-89.47 47.59 20130416 070121 20130516 070121
-93.04 35.82 20130128 051942 20130227 051942
-109.67 35.26 20130408 172315 20130508 172315
-109.27 37.31 20130430 145122 20130530 145122
-93.27 50.74 20130301 050444 20130331 050444
-77.73 37.25 20130314 230949 20130413 230949
-92.44 36.52 20130321 163124 20130420 163124
-105.21 53.4 20130524 065036 20130623 065036
-93.23 36.43 20130313 052550 20130412 052550
-80.32 45.6 20130413 103040 20130513 103040
-80.98 41.78 20130524 080506 20130623 080506
-100.15 42.88 20130402 064221 20130502 064221
-104.56 38.88 20130128 133547 20130227 133547
-104.59 41.39 20130209 094405 20130311 094405
-103.96 49.87 20130504 141607 20130603 141607
-97.6 41.66 20130125 170018 20130224 170018
-95.82 38.11 20130427 111031 20130527 111031
-82.31 35.21 20130405 211422 20130505 211422
-85.99 50.02 20130216 101857 20130318 101857
-80.91 42.83 20130307 193759 20130406 193759
-108.75 35.32 20130414 015527 20130514 015527
-108.55 35.53 20130513 130834 20130612 130834
-84.17 49.54 20130501 062219 20130531 062219
-90.71 47.13 20130221 101544 20130323 101544
-106.74 37.37 20130314 231021 20130413 231021
-101.41 39.44 20130112 040828 20130211 040828
-93.84 51.78 20130504 163118 20130603 163118
-95.6 44.93 20130419 225053 20130519 225053
-81.72 43.94 20130213 040307 20130315 040307
-110.51 38.33 20130412 224730 20130512 224730
-103.47 40.2 20130404 150415 20130504 150415
-86.33 36.75 20130309 225858 20130408 225858
-106.69 49.98 20130120 220057 20130219 220057
-91.66 49.69 20130515 184321 20130614 184321
-104.05 54.95 20130404 052728 20130504 052728
-109.71 49.73 20130428 213256 20130528 213256
-97.4 54.05 20130322 023556 20130421 023556
-98.13 45.1 20130420 130826 20130520 130826
-95 40.78 20130405 185325 20130505 185325
-83.53 48.83 20130520 141832 20130619 141832
-96.08 35.21 20130109 130718 20130208 130718
-81.44 51.61 20130517 074547 20130616 074547
-79.88 46.67 20130406 211345 20130506 211345
-76.15 43.7 20130327 043216 20130426 043216
-109.04 51.79 20130318 020601 20130417 020601
-103.04 36.49 20130308 220222 20130407 220222
-94.98 36.27 20130207 235038 20130309 235038
-77.17 43.47 20130219 033046 20130321 033046
-94.06 35.14 20130108 175316 20130207 175316
-107.89 48.9 20130126 213237 20130225 213237
-105.67 41.93 20130414 070728 20130514 070728
-105.47 43.84 20130219 073627 20130321 073627
-100.84 42.72 20130528 081907 20130627 081907
-108.04 53.81 20130118 071938 20130217 071938
-76.5 35.46 20130217 185741 20130319 185741
-95.44 49.35 20130226 143412 20130328 143412
-104.39 36.11 20130409 014803 20130509 014803
-83.04 44.42 20130407 150445 20130507 150445
-97.35 40.14 20130422 152301 20130522 152301
-109.73 37.44 20130224 082832 20130326 082832
-82.47 37.74 20130124 075417 20130223 075417
-88.71 38.19 20130201 223059 20130303 223059
-108.43 50.07 20130520 190520 20130619 190520
-107.27 52.67 20130413 175659 20130513 175659
-109.08 42.31 20130429 075551 20130529 075551
-83.52 47.83 20130203 170938 20130305 170938
-86.15 43.66 20130213 074657 20130315 074657
-90.13 53.08 20130202 220035 20130304 220035
-86.82 53.34 20130130 161006 20130301 161006
-100.06 50.71 20130320 013938 20130419 013938
-97.76 44.55 20130306 013512 20130405 013512
-88.82 38.67 20130115 180332 20130214 180332
-105.16 53.94 20130327 103150 20130426 103150
-85.87 52.1 20130218 130926 20130320 130926
-97.1 52.39 20130321 065647 20130420 065647
-106.02 40.03 20130522 024546 20130621 024546
-101.78 46.77 20130527 161859 20130626 161859
-103.89 50.42 20130203 151507 20130305 151507
-106.74 41.75 20130306 020717 20130405 020717
-107.7 49.85 20130301 065802 20130331 065802
-93.93 42.21 20130522 091939 20130621 091939
-98.17 52.15 20130213 160436 20130315 160436
-81.08 50.61 20130519 192301 20130618 192301
-97.2 40.68 20130224 135036 20130326 135036
-97.99 48.55 20130313 135138 20130412 135138
-87.55 48.05 20130123 014132 20130222 014132
-78.71 48.67 20130113 100121 20130212 100121
-85.49 54.76 20130410 051122 20130510 051122
-86.86 54.63 20130309 220225 20130408 220225
-106.28 53.11 20130128 133635 20130227 133635
-86.66 41.67 20130504 064554 20130603 064554
-88.93 41.92 20130503 095621 20130602 095621
-78.27 35.43 20130117 084833 20130216 084833
-104.71 39.59 20130430 132158 20130530 132158
-85.98 53.59 20130402 224826 20130502 224826
-97 44.54 20130114 162613 20130213 162613
-95.3 53.62 20130312 092428 20130411 092428
-94.1 35.7 20130202 074514 20130304 074514
-77.57 35.99 20130203 082903 20130305 082903
-78.41 42.76 20130228 174417 20130330 174417
-109.97 45.62 20130323 125232 20130422 125232
-88.84 50.01 20130302 154626 20130401 154626
-90.13 47.05 20130215 102512 20130317 102512
-92.23 40.15 20130212 212929 20130314 212929
-89.52 39.96 20130429 110336 20130529 110336
-108.25 49.3 20130216 144707 20130318 144707
-83.61 51.96 20130512 095957 20130611 095957
-80.4 42.11 20130104 212216 20130203 212216
-85.96 40.72 20130318 210106 20130417 210106
-82.27 51.4 20130526 215317 20130625 215317
-92.8 37.21 20130528 141502 20130627 141502
-101.71 42.85 20130304 144737 20130403 144737
-89.75 43.05 20130407 163216 20130507 163216
-104.81 44.36 20130110 175023 20130209 175023
-84.63 41.4 20130425 182508 20130525 182508
-77.9 39.68 20130518 172937 20130617 172937
-94.67 52.03 20130312 144538 20130411 144538
-104.14 39.93 20130505 105405 20130604 105405
-105.08 37.69 20130506 213116 20130605 213116
-86.81 48.32 20130207 135946 20130309 135946
-88.19 50.93 20130417 231841 20130517 231841
-78.63 48.2 20130214 205629 20130316 205629
-87.15 52.84 20130115 161336 20130214 161336
-93.15 41.78 20130115 105028 20130214 105028
-88.34 39.85 20130128 171341 20130227 171341
-87.72 54.44 20130307 222936 20130406 222936
-100.65 49.59 20130530 152743 20130629 152743
-98.75 49.06 20130320 212253 20130419 212253
-84.92 41.74 20130103 204554 20130202 204554
-88.03 38.49 20130129 083500 20130228 083500
-101.52 43.23 20130324 175053 20130423 175053
-100.63 47.91 20130512 180316 20130611 180316
-88.7 46.92 20130513 174812 20130612 174812
-107.45 45.8 20130122 055702 20130221 055702
-110.13 41.26 20130115 070704 20130214 070704
-105.99 39.68 20130529 164553 20130628 164553
-80.68 48.01 20130124 221440 20130223 221440
-109.66 51.07 20130207 023027 20130309 023027
-84.64 36.83 20130401 032918 20130501 032918
-99.17 39.44 20130205 192206 20130307 192206
-89.58 44.94 20130210 181710 20130312 181710
-83.45 47.88 20130404 154803 20130504 154803
-94.75 43.55 20130421 043955 20130521 043955
-78.9 37.69 20130316 163153 20130415 163153
-97.21 44.47 20130322 044259 20130421 044259
-84.93 41.52 20130319 233709 20130418 233709
-96.84 35.02 20130227 054518 20130329 054518
-93.24 37.99 20130126 161821 20130225 161821
-87.86 36.22 20130115 012619 20130214 012619
-81.96 37.5 20130110 205200 20130209 205200
-91.82 43.83 20130211 000550 20130313 000550
-78.33 41.09 20130319 005506 20130418 005506
-78.59 36.7 20130310 165000 20130409 165000
-105.07 40.39 20130310 154456 20130409 154456
-83.81 41.32 20130203 024807 20130305 024807
-86.87 35.11 20130331 070508 20130430 070508
-99.43 35.43 20130528 143105 20130627 143105
-109.16 49.61 20130202 213201 20130304 213201
-101.4 36.92 20130110 180023 20130209 180023
-83.93 46.87 20130522 120939 20130621 120939
-110.63 37.66 20130523 232842 20130622 232842
-92.98 45.09 20130417 075829 20130517 075829
-100.3 53.24 20130529 151049 20130628 151049
-89.27 35.69 20130113 010912 20130212 010912
-99.48 41.3 20130327 013649 20130426 013649
-79.57 42.32 20130524 090204 20130623 090204
-106.51 42.65 20130529 232456 20130628 232456
-91.65 44.8 20130219 032416 20130321 032416
-92.44 46.37 20130117 043642 20130216 043642
-101.4 42.68 20130410 190453 20130510 190453
-90.32 49.35 20130119 213704 20130218 213704
-92.26 38.56 20130214 225943 20130316 225943
-107.77 39.03 20130509 102211 20130608 102211
-104.67 46.82 20130321 063625 20130420 063625
-77.67 39.57 20130510 152201 20130609 152201
-81.78 36.93 20130222 161829 20130324 161829
-110.38 38.92 20130130 073456 20130301 073456
-89.68 42.33 20130210 041117 20130312 041117
-91.51 35.04 20130204 130157 20130306 130157
-101.11 36.76 20130409 054424 20130509 054424
-90.45 51.34 20130130 103941 20130301 103941
-85.73 51.79 20130507 035031 20130606 035031
-80.53 36.98 20130527 010516 20130626 010516
-110.82 37.2 20130330 040731 20130429 040731
-97.61 38.7 20130107 014830 20130206 014830
-108.39 46.47 20130107 052241 20130206 052241
-77.67 42.01 20130428 161437 20130528 161437
-107.95 51 20130317 031015 20130416 031015
-77.26 45.97 20130209 180132 20130311 180132
-82.78 36.38 20130324 021122 20130423 021122
-101.67 40.42 20130512 073230 20130611 073230
-90.49 43.17 20130316 215023 20130415 215023
-89.23 45.77 20130123 053624 20130222 053624
-89.39 37.9 20130305 151323 20130404 151323
-107.13 40.98 20130108 041423 20130207 041423
-85.97 37.58 20130321 140646 20130420 140646
-94.19 43.76 20130422 223226 20130522 223226
-91.37 51.47 20130506 003635 20130605 003635
-109.33 50.24 20130117 001750 20130216 001750
-106.07 54.76 20130104 011122 20130203 011122
-79.72 46.91 20130317 030411 20130416 030411
-89.82 38.03 20130512 015759 20130611 015759
-96.28 38.75 20130414 142448 20130514 142448
-90.29 35.69 20130312 085729 20130411 085729
-102.03 53.13 20130125 142012 20130224 142012
-95.42 41.5 20130430 035739 20130530 035739
-76.95 40.91 20130205 231924 20130307 231924
-90.37 44.34 20130426 154455 20130526 154455
-103.25 52.69 20130501 215424 20130531 215424
-109.41 50.01 20130507 195906 20130606 195906
-79.81 38.39 20130304 160040 20130403 160040
-96.9 39.42 20130524 123849 20130623 123849
-95.17 35.74 20130323 130958 20130422 130958
-97.26 48.26 20130406 095633 20130506 095633
-99.46 54.58 20130216 225646 20130318 225646
-79.39 44.58 20130224 181833 20130326 181833
-98.12 36.03 20130529 024506 20130628 024506
-84.76 42.51 20130308 052910 20130407 052910
-86.45 47.78 20130522 144109 20130621 144109
-101.36 48.93 20130509 194302 20130608 194302
-100.64 39.47 20130123 194115 20130222 194115
-78.54 44.45 20130313 142654 20130412 142654
-82.77 40.12 20130129 221457 20130228 221457
-96.94 39.87 20130430 041941 20130530 041941
