152.97 -18.43 20121011 221532 20121110 221532
115.96 -23.18 20120929 232527 20121029 232527
139.26 -16.28 20121127 211420 20121227 211420
123.29 -7.4 20121126 095148 20121226 095148
135.68 -4.18 20121127 142857 20121227 142857
141.83 4.04 20121128 083404 20121228 083404
135.79 -32.5 20120912 042423 20121012 042423
118.23 -11.3 20121012 131623 20121111 131623
122.1 -33.24 20120811 143935 20120910 143935
124.51 -33.85 20120817 134728 20120916 134728
142.41 -30.39 20121011 225522 20121110 225522
154.84 -31.18 20120907 202100 20121007 202100
134.77 -12.6 20120902 111651 20121002 111651
146.82 -32.76 20120825 213810 20120924 213810
143.7 1.71 20121028 115103 20121127 115103
114.24 -25.32 20120816 045017 20120915 045017
143.61 -10.66 20120907 042007 20121007 042007
115.59 0.36 20120928 095652 20121028 095652
123.83 -21.38 20120917 091935 20121017 091935
131.12 -6.22 20120915 191918 20121015 191918
117.29 2.11 20121129 143611 20121229 143611
142.61 -13.95 20120909 143858 20121009 143858
153.78 -27.55 20121018 214317 20121117 214317
121.69 1.5 20120928 134300 20121028 134300
128.23 -15.06 20120924 143207 20121024 143207
116.99 -12.63 20120811 011744 20120910 011744
145.31 -17.81 20120819 130746 20120918 130746
155.17 -29.34 20120930 130452 20121030 130452
124.94 -19.98 20120912 153417 20121012 153417
118.77 -0.2 20121121 132230 20121221 132230
134.38 -5.66 20120817 025710 20120916 025710
123.84 -5.79 20121109 213731 20121209 213731
138.46 2.69 20120906 021504 20121006 021504
158.65 -11.77 20120911 144816 20121011 144816
139.03 -19.23 20121113 043055 20121213 043055
150.14 -33.78 20121101 104143 20121201 104143
144.32 -11.07 20121126 011729 20121226 011729
146.78 -28.93 20121124 130336 20121224 130336
122.87 -4.04 20120929 122220 20121029 122220
132.69 -29.35 20121201 043856 20121231 043856
144.2 -24.11 20120819 044642 20120918 044642
118.93 -9.91 20120926 010945 20121026 010945
152.12 -9.14 20121102 152325 20121202 152325
151.66 -33.68 20121018 071552 20121117 071552
135.35 -1.22 20120821 170419 20120920 170419
120.63 -15.3 20120906 002301 20121006 002301
124.14 -29.61 20121115 003109 20121215 003109
125.44 -26.83 20120820 023748 20120919 023748
156.42 3.85 20120901 060943 20121001 060943
127.65 -24.82 20121113 201656 20121213 201656
155.23 -30.02 20120915 213425 20121015 213425
142.59 -30.84 20120921 215728 20121021 215728
125.8 -14.26 20120904 210049 20121004 210049
134.33 0.78 20120915 160640 20121015 160640
144.1 -8.65 20120816 082015 20120915 082015
115.82 -20.51 20121023 140552 20121122 140552
117.5 4.66 20121003 060353 20121102 060353
140.02 -22.21 20121102 010952 20121202 010952
120.2 -29.5 20120921 040356 20121021 040356
128.14 -33.97 20121112 234452 20121212 234452
129.4 -0.59 20120926 022506 20121026 022506
116.03 -11.05 20121101 032126 20121201 032126
146.31 -8.81 20120821 105108 20120920 105108
158.86 0.83 20120908 114649 20121008 114649
133.96 -5.84 20121011 030932 20121110 030932
121.87 3.81 20121113 170746 20121213 170746
120.38 -29.98 20121009 005717 20121108 005717
129.25 -29.31 20120903 193621 20121003 193621
150.48 -3.25 20120924 014613 20121024 014613
116.91 -6.6 20121118 154342 20121218 154342
145.55 -18.89 20120914 192901 20121014 192901
129.56 -28.53 20120912 035237 20121012 035237
124.29 -32.63 20120812 163015 20120911 163015
148.14 3.64 20120912 071356 20121012 071356
151.78 4.56 20120907 054601 20121007 054601
129.59 -28.08 20120830 203629 20120929 203629
150.67 1.93 20120908 132557 20121008 132557
149.57 -7.07 20121008 181016 20121107 181016
158.7 -25.24 20120930 103003 20121030 103003
155.25 1.93 20121009 110802 20121108 110802
143.65 3.99 20120927 172257 20121027 172257
144.83 -34.68 20120812 030425 20120911 030425
141.87 -20.14 20121125 182548 20121225 182548
119.19 -5.07 20121018 075509 20121117 075509
145.17 3.07 20121109 000253 20121209 000253
136.22 -12.18 20121009 152948 20121108 152948
133.78 -33.57 20120923 021657 20121023 021657
143.35 0.27 20120812 034008 20120911 034008
153.2 -33.12 20121129 012027 20121229 012027
150.31 -0.42 20121111 033120 20121211 033120
132.37 -6.62 20121014 230223 20121113 230223
127.82 -13.81 20120804 222425 20120903 222425
153.93 -34.78 20121124 160153 20121224 160153
137.28 -19.24 20120821 042127 20120920 042127
155.13 -12.36 20120902 013758 20121002 013758
158.12 -0.19 20120919 133748 20121019 133748
149.41 -0.08 20120830 023113 20120929 023113
127.26 -10.79 20121010 173003 20121109 173003
146.82 -30.32 20120830 151932 20120929 151932
155.68 -10.79 20121126 113013 20121226 113013
122.31 -10.5 20120828 173834 20120927 173834
120.04 -28.23 20120919 180830 20121019 180830
122.83 -3.76 20121022 145841 20121121 145841
136.16 -29.14 20120831 090612 20120930 090612
144.42 -16.92 20121201 042620 20121231 042620
158.49 1.5 20120917 085156 20121017 085156
152.22 -24.85 20120912 202856 20121012 202856
124.39 -21.25 20120813 230647 20120912 230647
114.6 -29.38 20121023 145805 20121122 145805
118.7 -3.73 20121022 204724 20121121 204724
118.44 -24.76 20121114 083144 20121214 083144
134.45 -23.66 20120831 033722 20120930 033722
135.93 -3.76 20120926 225432 20121026 225432
139.51 -24.15 20120903 010723 20121003 010723
151.55 -7.19 20120823 204648 20120922 204648
122.08 -23.36 20120924 101240 20121024 101240
136.1 -22.24 20121124 003435 20121224 003435
118.13 -10.04 20121115 015231 20121215 015231
153.15 -21.3 20120915 193502 20121015 193502
149.37 -21.9 20121104 071133 20121204 071133
150.57 -13.87 20120807 014947 20120906 014947
138.53 -28.61 20121126 021250 20121226 021250
150.32 -32.95 20120823 073000 20120922 073000
125.31 3.67 20120916 232453 20121016 232453
155.42 -20.32 20120923 144510 20121023 144510
140.75 -26.48 20121103 233337 20121203 233337
139.62 -26.92 20121028 094027 20121127 094027
116.09 -26.37 20121101 155323 20121201 155323
146.85 -7.96 20120910 235528 20121010 235528
134.55 -7.37 20121001 131408 20121031 131408
153.43 -15.9 20121006 044834 20121105 044834
126.46 -17.25 20120921 072601 20121021 072601
115.85 -5.93 20121015 003620 20121114 003620
118.87 -21.98 20120815 220615 20120914 220615
141.83 -3.16 20120925 064737 20121025 064737
114.32 2.47 20120829 142943 20120928 142943
154.74 -18.62 20120926 124701 20121026 124701
135.35 -2.99 20120826 110625 20120925 110625
151.58 4.52 20120909 193145 20121009 193145
157.37 -34.34 20120922 182904 20121022 182904
125.11 -16.83 20120820 171225 20120919 171225
131.56 -19.95 20120913 203122 20121013 203122
116.6 -14.89 20121005 191247 20121104 191247
120.43 -30.84 20120818 185202 20120917 185202
136.17 -30.81 20120823 085335 20120922 085335
140.05 -5.64 20120907 054928 20121007 054928
130.55 -16.75 20120806 153659 20120905 153659
143.17 -22.74 20121111 125748 20121211 125748
133.41 -27.27 20121105 014646 20121205 014646
132.29 -9.67 20121105 115825 20121205 115825
118.13 1.3 20121025 230654 20121124 230654
127.89 -31.61 20120922 182506 20121022 182506
155.79 -19.4 20121121 083130 20121221 083130
137.16 -2.78 20121022 133731 20121121 133731
124.46 -14.11 20121003 204149 20121102 204149
140.91 -27.94 20121019 090930 20121118 090930
146.61 -26.99 20121002 061942 20121101 061942
116.25 -6.23 20121125 153239 20121225 153239
134.11 -16.47 20121127 122211 20121227 122211
135.82 -9.71 20120804 043412 20120903 043412
114.37 -0.2 20121005 204009 20121104 204009
140.1 -10.96 20121024 131330 20121123 131330
120.02 -8.66 20121128 042043 20121228 042043
156.66 1.74 20120822 154321 20120921 154321
145.12 3.99 20120806 005708 20120905 005708
147.13 -31.33 20121030 120232 20121129 120232
138.87 -8.48 20120825 220930 20120924 220930
156.98 -12.7 20121114 052939 20121214 052939
113.27 0.52 20121110 012450 20121210 012450
131.59 -22.3 20121126 222358 20121226 222358
127.07 -13.82 20121006 172736 20121105 172736
121.46 2.42 20121106 021316 20121206 021316
148.62 -1.91 20120803 121134 20120902 121134
154.9 -7.2 20120815 063302 20120914 063302
115.89 4.58 20120902 055902 20121002 055902
153.72 -20.13 20121024 145316 20121123 145316
128.81 -24.22 20121110 034857 20121210 034857
151.08 -4.5 20121027 102455 20121126 102455
154.63 -29.45 20120905 143849 20121005 143849
139.02 -22.35 20121129 013302 20121229 013302
131.84 -13.15 20121018 184800 20121117 184800
127.91 -28.42 20121005 164413 20121104 164413
141.2 -32.5 20120828 034712 20120927 034712
158.8 -4.28 20121119 195102 20121219 195102
157.14 -7.12 20121020 190318 20121119 190318
146 -30.79 20120903 074030 20121003 074030
140.04 -17.57 20121017 122350 20121116 122350
134.27 -26.21 20120909 124758 20121009 124758
115.99 -18.67 20120914 202859 20121014 202859
149.61 -11.98 20120804 035158 20120903 035158
136.54 -19.11 20121004 061804 20121103 061804
116.77 -5.44 20120904 202759 20121004 202759
131.57 -25.29 20120805 122820 20120904 122820
118.09 -13.86 20120812 101947 20120911 101947
116.88 -7.83 20121031 131521 20121130 131521
128.74 -3.06 20120912 212010 20121012 212010
133.48 -6.37 20120812 131624 20120911 131624
139.3 1.94 20121029 022622 20121128 022622
140.29 -21.08 20121029 144642 20121128 144642
154.04 -32.11 20120818 155912 20120917 155912
152.95 3.95 20120805 214318 20120904 214318
134.64 -28.68 20120810 212105 20120909 212105
152.68 -14.9 20121016 131601 20121115 131601
152.12 -9.8 20121109 063609 20121209 063609
144.81 0.39 20121113 000807 20121213 000807
133.57 -18.8 20121123 200817 20121223 200817
158.25 -24.79 20121115 093454 20121215 093454
116.25 4.64 20121027 150938 20121126 150938
133.31 -3.71 20121130 193609 20121230 193609
130.97 -31.28 20121008 181004 20121107 181004
142.26 -19.57 20121109 160554 20121209 160554
139.38 -8.24 20121109 223059 20121209 223059
156.95 -14.26 20120831 193441 20120930 193441
130.58 -18.52 20120822 161127 20120921 161127
125.41 -27.28 20121105 073946 20121205 073946
135.84 -26.13 20120823 094542 20120922 094542
130.87 2.58 20120817 005611 20120916 005611
127.61 -28.28 20121023 025143 20121122 025143
136.46 3.14 20120805 195647 20120904 195647
123.42 -7.65 20120804 112257 20120903 112257
138.66 -34.08 20120824 192447 20120923 192447
124.07 -9.28 20120930 114811 20121030 114811
119.8 -8.11 20121017 000032 20121116 000032
120.12 -21.3 20120905 063632 20121005 063632
120.27 -14.55 20120910 191417 20121010 191417
156.67 3.87 20120817 175927 20120916 175927
157.01 -19.64 20121120 031041 20121220 031041
139.98 -28.35 20120925 155033 20121025 155033
151.14 -10.65 20120927 071525 20121027 071525
124.15 -21.43 20121128 021017 20121228 021017
152.87 3.51 20121013 031909 20121112 031909
120.41 -16.55 20121107 123642 20121207 123642
137.63 -9.27 20120921 045057 20121021 045057
148.72 -30.58 20120806 062511 20120905 062511
153.8 -6.8 20120825 154323 20120924 154323
131.45 -4.43 20121107 081231 20121207 081231
130.61 -23.28 20121129 225516 20121229 225516
149.53 -1.67 20121019 051932 20121118 051932
136.79 3.02 20120813 152511 20120912 152511
125.89 -32.78 20120908 080518 20121008 080518
143.88 -3.7 20120809 181318 20120908 181318
145.16 -16 20121102 174656 20121202 174656
138.91 -24.35 20120822 084312 20120921 084312
119.82 -30.88 20120809 214508 20120908 214508
136.09 -8.35 20121128 103653 20121228 103653
150.19 -25.68 20120828 031151 20120927 031151
133.76 -0.16 20120829 050004 20120928 050004
153.69 -0.88 20121113 160948 20121213 160948
128.75 -3.26 20120910 195629 20121010 195629
143.04 -8.88 20121105 081802 20121205 081802
144.22 -25.11 20121019 142414 20121118 142414
115.72 2.13 20121013 210913 20121112 210913
126.15 -14.27 20121007 124159 20121106 124159
135.99 -11.51 20120823 212220 20120922 212220
137.47 -15.14 20120914 230228 20121014 230228
132.06 1.97 20120815 232426 20120914 232426
134.92 -33.47 20120913 201323 20121013 201323
129.68 3.32 20120929 051827 20121029 051827
116.45 -8.58 20121013 170154 20121112 170154
138.45 -7.01 20121115 165002 20121215 165002
136.83 -6.28 20120929 093833 20121029 093833
152.87 -23.25 20120913 084807 20121013 084807
145.89 -3.04 20120821 074934 20120920 074934
130.16 -17.86 20120907 151335 20121007 151335
124.31 -15.39 20120917 041529 20121017 041529
151.13 -19.48 20120913 230048 20121013 230048
150.16 4.73 20120824 133330 20120923 133330
158.23 -26.61 20121025 192942 20121124 192942
132.9 -29.83 20121028 020927 20121127 020927
113.76 3.56 20121201 021450 20121231 021450
153.11 -32.47 20121021 025416 20121120 025416
155.4 -22 20121118 233050 20121218 233050
145.72 -25.97 20121106 192412 20121206 192412
146.13 -8.49 20121025 102912 20121124 102912
123.28 -16.88 20121128 135849 20121228 135849
124.34 -21.7 20120806 002311 20120905 002311
116.34 -27.38 20121025 235815 20121124 235815
120.33 -12.99 20120825 220206 20120924 220206
145.18 -24.18 20120901 054635 20121001 054635
139.58 -14.01 20121101 220641 20121201 220641
119.97 -32.27 20121117 130758 20121217 130758
137.65 -24.46 20121116 161615 20121216 161615
120.56 -3.1 20121113 164329 20121213 164329
151.28 -34.98 20120825 112529 20120924 112529
152.94 -34.23 20121031 085124 20121130 085124
127.51 2.32 20120828 014903 20120927 014903
133.99 2.37 20121111 053041 20121211 053041
132.81 -16.88 20120824 094344 20120923 094344
122.91 -5.47 20120827 123002 20120926 123002
157.79 -4.74 20120919 234018 20121019 234018
144.1 2.46 20121014 103211 20121113 103211
136.84 -14.01 20121104 083356 20121204 083356
138.1 -25.75 20120926 190035 20121026 190035
118.67 -28.15 20120905 022359 20121005 022359
131.49 -11.6 20121016 120416 20121115 120416
126.82 -20.24 20121016 040433 20121115 040433
127.71 -29.05 20121005 231627 20121104 231627
150 4.1 20120918 021913 20121018 021913
121.72 0.44 20121012 154145 20121111 154145
144.68 -34.87 20121011 183722 20121110 183722
127.8 -2.07 20121104 015638 20121204 015638
130.67 -14.23 20120903 063122 20121003 063122
141.89 -32.6 20120830 194415 20120929 194415
118.41 -21.56 20121022 221235 20121121 221235
153.44 -3.09 20121010 133859 20121109 133859
146.49 -1.8 20121010 070101 20121109 070101
148.26 -15.17 20121026 023819 20121125 023819
158.84 2.38 20121025 230453 20121124 230453
123.41 -16.69 20120812 193907 20120911 193907
153.03 -12.44 20120807 235146 20120906 235146
152.77 -12.13 20121129 133039 20121229 133039
130.14 -16.06 20120828 132208 20120927 132208
156.01 -21.66 20120927 174513 20121027 174513
115.94 -0.61 20121121 235353 20121221 235353
145.69 -12.18 20120902 215919 20121002 215919
139.58 -32.16 20120804 141646 20120903 141646
125.1 -22.43 20121002 023506 20121101 023506
149.74 -16.37 20121017 094244 20121116 094244
146.57 -21.57 20121129 142833 20121229 142833
114.78 -15.17 20121010 045057 20121109 045057
121.9 -26.11 20121030 062605 20121129 062605
141.92 -13.45 20120925 163749 20121025 163749
142.49 -19.79 20121120 190734 20121220 190734
130.2 -9.04 20121025 055653 20121124 055653
114.96 1.66 20120823 204538 20120922 204538
158.18 -30.36 20120919 014634 20121019 014634
141.38 -23.8 20120910 002414 20121010 002414
157.83 -13.39 20121126 083634 20121226 083634
123.43 -9.52 20121025 122114 20121124 122114
149.44 -17.5 20120815 161558 20120914 161558
114.94 -33.16 20120908 084501 20121008 084501
140.62 -6.53 20121119 080147 20121219 080147
128.54 -1.83 20121127 143419 20121227 143419
141.56 -32.69 20120922 064220 20121022 064220
132.42 -10.34 20121108 051418 20121208 051418
125.77 -14.02 20121027 051043 20121126 051043
145.5 -23.61 20120830 212012 20120929 212012
157.31 -2.84 20121014 152019 20121113 152019
119.87 -13.21 20121109 132154 20121209 132154
136.26 1.33 20120929 210849 20121029 210849
114.47 -34.53 20120823 062524 20120922 062524
143.17 -15.35 20120904 192510 20121004 192510
116.96 -20.94 20121116 191456 20121216 191456
146.21 -5.88 20121107 070213 20121207 070213
119.42 -26.37 20121007 170452 20121106 170452
125.16 -33.63 20121018 201455 20121117 201455
142.79 -22.65 20120914 074150 20121014 074150
117.11 -21.31 20120903 140311 20121003 140311
134.23 -30.29 20120813 094127 20120912 094127
117.45 -5.71 20121002 060716 20121101 060716
145.58 -6.52 20120908 231959 20121008 231959
145.94 -2.2 20121020 064139 20121119 064139
156.28 -25.28 20121122 004212 20121222 004212
132.05 0.7 20120830 164904 20120929 164904
143.95 -3.06 20120906 023052 20121006 023052
145.36 -11.74 20121106 170020 20121206 170020
148.79 -23.04 20121126 034113 20121226 034113
