25.53 63.31 20110207 175812 20110309 175812
18.36 52.09 20110216 184250 20110318 184250
9.37 54.08 20110223 234355 20110325 234355
20.7 63.14 20110322 155550 20110421 155550
34.78 66.82 20110429 215330 20110529 215330
32.09 56.83 20110427 183925 20110527 183925
29.62 60.2 20110514 151257 20110613 151257
30.7 59.44 20110401 122605 20110501 122605
7.05 64.11 20110413 175318 20110513 175318
15.13 51.28 20110526 190659 20110625 190659
26.29 63.38 20110112 135902 20110211 135902
21.46 65.64 20110427 053713 20110527 053713
26.35 67.55 20110312 233632 20110411 233632
7.74 51.54 20110209 035538 20110311 035538
5.25 62.45 20110305 074716 20110404 074716
22.46 54.66 20110417 055717 20110517 055717
14.33 69.82 20110411 192620 20110511 192620
31.52 55.25 20110531 221340 20110630 221340
21.41 64.36 20110522 082423 20110621 082423
15.69 66.16 20110407 071421 20110507 071421
27.24 64.31 20110227 082556 20110329 082556
13.03 62.45 20110530 103800 20110629 103800
21.34 68.68 20110523 013501 20110622 013501
24.14 64.91 20110430 010839 20110530 010839
6.7 66.37 20110319 043744 20110418 043744
24.93 57.8 20110310 144524 20110409 144524
33.83 52.57 20110118 020648 20110217 020648
34.07 58.7 20110425 035139 20110525 035139
2.42 58.5 20110425 104806 20110525 104806
27.42 53.76 20110331 102645 20110430 102645
34.11 62.95 20110126 185758 20110225 185758
19.89 65.69 20110503 103456 20110602 103456
23.42 57.68 20110505 201314 20110604 201314
6.04 62.17 20110514 113030 20110613 113030
7.58 53 20110426 062110 20110526 062110
33.06 53.15 20110416 122732 20110516 122732
34.78 54.75 20110414 082723 20110514 082723
6.45 62.51 20110520 000220 20110619 000220
30.88 57.5 20110312 154837 20110411 154837
32.37 53.01 20110306 133844 20110405 133844
14.07 69.55 20110112 180243 20110211 180243
22.57 65.81 20110123 210251 20110222 210251
7 62.49 20110204 221927 20110306 221927
10.69 61.65 20110103 223620 20110202 223620
9.65 63.61 20110126 181418 20110225 181418
2.15 67.51 20110512 013029 20110611 013029
12.4 65.33 20110203 072559 20110305 072559
14.93 51.22 20110514 094039 20110613 094039
20.73 54.89 20110114 192539 20110213 192539
16.69 63.08 20110205 115005 20110307 115005
28.92 64.04 20110217 234832 20110319 234832
10.92 61.42 20110428 143740 20110528 143740
21.61 54.18 20110214 034632 20110316 034632
36.14 66.42 20110422 005642 20110522 005642
23.06 60.79 20110530 051144 20110629 051144
14.08 57.29 20110202 234648 20110304 234648
11.52 65.85 20110223 002236 20110325 002236
29.27 56.41 20110422 141132 20110522 141132
14.24 54.71 20110403 171053 20110503 171053
3.01 64.05 20110123 060946 20110222 060946
14.5 69.97 20110326 015751 20110425 015751
3 53.6 20110413 171858 20110513 171858
24.9 55.74 20110211 172144 20110313 172144
15.48 57.46 20110504 165829 20110603 165829
6.14 66.9 20110225 182811 20110327 182811
32.83 56.33 20110529 041622 20110628 041622
4.61 62.47 20110429 083550 20110529 083550
29.95 51.69 20110307 150405 20110406 150405
12.13 68.94 20110225 090401 20110327 090401
27.26 55.99 20110320 153713 20110419 153713
28.93 52.86 20110228 015315 20110330 015315
23.22 63.19 20110501 202521 20110531 202521
25.89 69.32 20110315 175227 20110414 175227
4.22 53.5 20110108 125221 20110207 125221
2.64 55.26 20110401 013251 20110501 013251
22.51 60.53 20110301 045157 20110331 045157
8.67 56.19 20110329 042807 20110428 042807
5.7 55.3 20110428 161033 20110528 161033
34.29 53.48 20110118 091436 20110217 091436
7.15 58.34 20110522 170335 20110621 170335
36.98 55.77 20110322 001501 20110421 001501
27.81 52.64 20110223 100533 20110325 100533
31.75 57.57 20110511 195734 20110610 195734
17.24 55.12 20110522 125505 20110621 125505
24.55 60.14 20110107 095406 20110206 095406
15.46 65.52 20110226 225827 20110328 225827
5.99 63.97 20110324 175935 20110423 175935
10.99 58.33 20110420 210147 20110520 210147
36.86 57.22 20110518 073440 20110617 073440
3.85 55.15 20110303 162720 20110402 162720
36.16 59.66 20110330 043432 20110429 043432
29.85 66.56 20110402 002436 20110502 002436
25.54 68.83 20110525 181740 20110624 181740
23.01 61.58 20110228 213358 20110330 213358
29.93 67.65 20110519 013459 20110618 013459
16.61 61.86 20110227 164731 20110329 164731
20.19 64.02 20110104 103624 20110203 103624
5.95 60.53 20110426 170224 20110526 170224
21.2 57.65 20110208 004150 20110310 004150
2.17 67.33 20110513 040923 20110612 040923
29.35 59.95 20110508 152306 20110607 152306
29.22 68.3 20110416 212025 20110516 212025
24.32 69.38 20110316 025314 20110415 025314
11.37 52.07 20110522 102209 20110621 102209
11.04 57.81 20110315 081442 20110414 081442
9.31 58.7 20110303 162318 20110402 162318
13.57 61.45 20110218 172929 20110320 172929
14.87 51.69 20110227 155601 20110329 155601
20.95 56.77 20110113 093309 20110212 093309
10.16 56.24 20110420 042720 20110520 042720
12.36 68.19 20110405 102213 20110505 102213
27.53 60.97 20110419 070455 20110519 070455
36.31 58.48 20110314 112149 20110413 112149
3.25 56.97 20110228 155140 20110330 155140
9.72 56.82 20110526 154337 20110625 154337
5.86 60.19 20110507 013324 20110606 013324
24.39 67.87 20110502 123709 20110601 123709
23.52 55.03 20110208 193536 20110310 193536
13.31 55.1 20110514 191209 20110613 191209
6.51 62.08 20110122 095841 20110221 095841
31.64 61.95 20110520 173630 20110619 173630
30.06 66.03 20110414 042953 20110514 042953
24.53 59.77 20110316 041809 20110415 041809
24.23 68.77 20110509 010935 20110608 010935
25.57 53.87 20110409 093336 20110509 093336
15.92 52.74 20110317 115520 20110416 115520
17.59 58.41 20110415 221619 20110515 221619
19.57 69.46 20110426 205325 20110526 205325
10.84 62.93 20110517 023002 20110616 023002
9.16 56.8 20110121 180407 20110220 180407
23.34 58.77 20110226 032127 20110328 032127
33.46 69.43 20110302 190226 20110401 190226
27.79 58.06 20110406 204455 20110506 204455
36.43 53.74 20110221 113400 20110323 113400
18.26 51.2 20110226 005430 20110328 005430
14.05 62.61 20110131 224943 20110302 224943
14.98 61.85 20110221 223653 20110323 223653
34.08 54.29 20110221 211114 20110323 211114
23.27 58.8 20110312 045621 20110411 045621
2.46 67.43 20110426 105207 20110526 105207
5.71 66.09 20110214 233841 20110316 233841
15.13 58.65 20110319 033700 20110418 033700
31.64 60.6 20110113 230717 20110212 230717
27.13 65.49 20110407 201137 20110507 201137
12.49 65.69 20110221 033514 20110323 033514
27.08 66.38 20110203 215226 20110305 215226
15.53 69.72 20110407 040348 20110507 040348
20.05 55.49 20110529 095841 20110628 095841
26.42 51.78 20110224 214110 20110326 214110
33.2 64.67 20110301 011733 20110331 011733
23.11 69.91 20110319 232831 20110418 232831
21.93 62.8 20110513 040535 20110612 040535
13.9 54.76 20110429 092512 20110529 092512
19.5 55.46 20110321 133547 20110420 133547
3.3 53.1 20110217 233121 20110319 233121
22.86 52.77 20110217 004631 20110319 004631
5.37 69.67 20110122 222645 20110221 222645
18.81 59.35 20110205 050058 20110307 050058
31.52 66.05 20110119 134837 20110218 134837
36.36 64.2 20110319 025805 20110418 025805
15.92 52.44 20110305 105100 20110404 105100
31.2 66.79 20110225 172148 20110327 172148
14.21 64.74 20110305 033513 20110404 033513
26.39 57.23 20110424 092942 20110524 092942
30.4 53.63 20110425 213645 20110525 213645
9.34 68.55 20110110 212232 20110209 212232
27.29 66.51 20110214 143945 20110316 143945
4.69 51.66 20110327 074109 20110426 074109
20.15 58.54 20110529 033956 20110628 033956
27.93 64.05 20110127 023453 20110226 023453
11.46 57.26 20110403 033932 20110503 033932
23.84 63.08 20110314 093640 20110413 093640
13.18 55.09 20110505 214758 20110604 214758
33.69 66.36 20110523 114121 20110622 114121
34.11 68.57 20110428 082724 20110528 082724
24.45 53.42 20110423 151900 20110523 151900
2.14 60.04 20110225 034251 20110327 034251
14.02 67.46 20110403 071445 20110503 071445
11.33 52.54 20110508 142246 20110607 142246
26.67 64.56 20110503 152028 20110602 152028
3.68 61.14 20110414 215234 20110514 215234
14.15 67.76 20110312 155142 20110411 155142
20.81 59.41 20110327 184442 20110426 184442
20.08 67.62 20110504 155331 20110603 155331
35.08 63.62 20110423 013114 20110523 013114
2.7 69.81 20110128 002521 20110227 002521
2.05 57.21 20110113 061451 20110212 061451
3.21 67.31 20110523 234530 20110622 234530
28.98 64.07 20110531 071316 20110630 071316
11.33 52.82 20110215 091726 20110317 091726
15.68 67.74 20110119 130841 20110218 130841
2.45 68.62 20110208 022804 20110310 022804
32.44 58.94 20110424 182008 20110524 182008
31.22 62.51 20110224 205513 20110326 205513
5.65 56.69 20110327 024032 20110426 024032
7.2 58.07 20110319 004334 20110418 004334
22.56 51.7 20110124 224306 20110223 224306
2.5 65.23 20110427 133613 20110527 133613
25.66 51.26 20110120 025623 20110219 025623
11.66 61.97 20110425 041413 20110525 041413
2.95 64.96 20110128 081807 20110227 081807
6.75 59.07 20110212 190525 20110314 190525
6.39 54.61 20110127 060112 20110226 060112
27.37 66.79 20110407 204439 20110507 204439
18 61.46 20110531 195311 20110630 195311
12.42 52.96 20110528 025403 20110627 025403
29.17 64.63 20110123 000930 20110222 000930
13.51 54.18 20110420 092812 20110520 092812
30.96 64.52 20110220 150252 20110322 150252
15.33 55.55 20110404 002247 20110504 002247
23.8 64.71 20110510 224320 20110609 224320
2.99 57.08 20110302 205829 20110401 205829
15.98 58.73 20110402 164912 20110502 164912
26.08 61.91 20110129 203857 20110228 203857
22.11 57.76 20110426 122512 20110526 122512
28.51 59.76 20110330 011631 20110429 011631
32.23 57.57 20110421 094728 20110521 094728
9.61 68.91 20110215 035216 20110317 035216
31.11 69.81 20110116 222755 20110215 222755
21.21 62.15 20110225 020243 20110327 020243
16.04 54.37 20110323 023452 20110422 023452
14.89 63.72 20110107 224648 20110206 224648
11.3 60.89 20110304 181839 20110403 181839
28.81 62.97 20110104 193252 20110203 193252
11.72 69.63 20110528 195524 20110627 195524
34.51 51.19 20110403 070231 20110503 070231
34.51 55.6 20110318 211120 20110417 211120
2.43 54.78 20110518 074332 20110617 074332
25.09 53.41 20110107 124846 20110206 124846
23.27 56.75 20110317 100456 20110416 100456
22.19 56.89 20110331 181502 20110430 181502
21.68 54.91 20110305 030831 20110404 030831
20.92 62.07 20110510 204913 20110609 204913
18.17 53.94 20110310 171816 20110409 171816
26.33 59.72 20110330 162453 20110429 162453
36.93 54.54 20110422 101147 20110522 101147
30.21 55.04 20110216 145807 20110318 145807
12.45 57.78 20110329 211621 20110428 211621
30.39 66.96 20110526 014944 20110625 014944
25.95 60.36 20110527 215741 20110626 215741
35.01 60.24 20110217 115101 20110319 115101
27.62 57.14 20110119 015047 20110218 015047
22.02 66.63 20110309 022333 20110408 022333
29.58 65.72 20110307 160315 20110406 160315
29.35 56.83 20110323 021831 20110422 021831
30.98 63.67 20110506 212827 20110605 212827
31.36 69.81 20110512 002158 20110611 002158
23.29 64.98 20110422 090641 20110522 090641
4.32 64.46 20110117 113911 20110216 113911
32.49 62.81 20110228 085534 20110330 085534
34.14 54.01 20110330 071349 20110429 071349
17.45 66.64 20110524 112530 20110623 112530
19.21 67.14 20110130 233952 20110301 233952
8.53 61.61 20110202 220943 20110304 220943
14.41 55.42 20110422 103844 20110522 103844
6.33 59.81 20110425 221729 20110525 221729
17.44 53.11 20110122 174150 20110221 174150
27.55 57.66 20110527 070654 20110626 070654
13.73 65.33 20110317 131952 20110416 131952
2.82 68.85 20110406 072355 20110506 072355
9.27 53.35 20110220 093553 20110322 093553
24.08 53.13 20110119 080702 20110218 080702
23.88 65.69 20110401 223003 20110501 223003
19.52 65.6 20110306 092914 20110405 092914
21.35 51.99 20110523 152836 20110622 152836
36.12 66.68 20110427 140824 20110527 140824
2.71 65.04 20110321 182331 20110420 182331
30.88 67.17 20110407 191452 20110507 191452
5.76 68.03 20110323 100440 20110422 100440
17.61 61.7 20110308 125338 20110407 125338
25.03 66.88 20110104 163532 20110203 163532
22.86 57.28 20110410 121958 20110510 121958
16.58 67.06 20110218 214516 20110320 214516
5.97 53.24 20110411 175035 20110511 175035
23.52 52.33 20110519 232203 20110618 232203
34.81 60.13 20110213 223717 20110315 223717
9.5 67.59 20110330 172529 20110429 172529
16.24 67.36 20110225 190527 20110327 190527
36.64 66.1 20110320 210724 20110419 210724
28.77 61.34 20110426 213651 20110526 213651
24.53 67.48 20110207 093017 20110309 093017
23.93 61.43 20110504 184549 20110603 184549
30.6 53.55 20110507 204049 20110606 204049
20.66 63.77 20110318 061406 20110417 061406
8.01 55.25 20110309 081846 20110408 081846
13.25 51.93 20110117 171355 20110216 171355
14.55 61 20110406 043158 20110506 043158
14.76 62.29 20110210 080552 20110312 080552
32.35 58.21 20110328 153159 20110427 153159
17.82 62.01 20110304 103426 20110403 103426
5.62 54.07 20110216 130419 20110318 130419
36.69 53.81 20110106 095958 20110205 095958
12.13 61.71 20110314 094617 20110413 094617
8.78 67.39 20110120 172123 20110219 172123
16.79 61.77 20110214 061143 20110316 061143
29.33 58.2 20110512 145753 20110611 145753
33.53 63.36 20110419 025550 20110519 025550
17.07 55.74 20110328 053821 20110427 053821
6.79 61.42 20110206 112957 20110308 112957
22.81 53.83 20110424 025659 20110524 025659
28.15 65.89 20110322 073403 20110421 073403
35.67 64.8 20110401 194556 20110501 194556
35.86 53.73 20110404 124002 20110504 124002
5.4 69.77 20110512 002320 20110611 002320
13.02 68.87 20110514 141610 20110613 141610
31.62 67.93 20110117 030526 20110216 030526
30.89 64.86 20110308 152542 20110407 152542
30.81 68.22 20110208 182933 20110310 182933
17.11 59.25 20110423 180347 20110523 180347
8.05 66.06 20110217 080248 20110319 080248
31.23 61.11 20110201 115749 20110303 115749
22.67 58.12 20110504 184531 20110603 184531
3.19 52.56 20110423 101838 20110523 101838
10.48 57.6 20110114 074502 20110213 074502
31.19 58.06 20110312 171404 20110411 171404
5.22 52.75 20110305 153501 20110404 153501
35.32 53.59 20110413 010359 20110513 010359
13.37 67.46 20110122 111813 20110221 111813
36.77 64.58 20110422 033131 20110522 033131
28.13 56.04 20110419 165348 20110519 165348
8.86 51.26 20110124 204358 20110223 204358
12.92 59.47 20110422 144633 20110522 144633
6.32 55.98 20110208 095651 20110310 095651
14.89 69.19 20110214 021751 20110316 021751
25.47 59.57 20110414 133710 20110514 133710
28.83 59.75 20110411 110810 20110511 110810
21.69 52.98 20110111 174927 20110210 174927
31.88 62.28 20110428 132757 20110528 132757
31.91 53.58 20110511 061901 20110610 061901
3.07 67.24 20110108 164604 20110207 164604
3.66 64.28 20110322 025350 20110421 025350
31.73 54.66 20110319 170456 20110418 170456
22.56 66.88 20110321 212823 20110420 212823
33.82 64.64 20110225 005522 20110327 005522
25.61 57.07 20110326 223625 20110425 223625
16.09 60.47 20110224 153858 20110326 153858
25.72 56.74 20110218 042324 20110320 042324
16.21 54.16 20110324 014855 20110423 014855
4.89 53.43 20110517 093849 20110616 093849
9.9 57.38 20110427 134659 20110527 134659
33.78 52.41 20110509 220233 20110608 220233
34.27 53.02 20110528 192742 20110627 192742
6.73 60.58 20110317 082834 20110416 082834
21.68 59.03 20110504 084926 20110603 084926
34.36 56.66 20110227 025015 20110329 025015
29.99 64.76 20110428 002827 20110528 002827
26.63 58.12 20110120 023446 20110219 023446
7.39 68.98 20110501 052255 20110531 052255
31.4 64.1 20110408 080510 20110508 080510
17.31 60.74 20110514 163212 20110613 163212
10.35 60.01 20110515 051628 20110614 051628
11.75 55.1 20110331 021959 20110430 021959
4.34 63.31 20110316 085355 20110415 085355
32.29 58.29 20110123 114930 20110222 114930
7.28 60 20110201 054202 20110303 054202
7.95 57.6 20110204 120424 20110306 120424
10.72 68.38 20110517 122201 20110616 122201
