119.64 1.4 20120915 100939 20121015 100939
140.79 -27.94 20121019 074614 20121118 074614
118.05 -22.81 20120910 035206 20121010 035206
157.1 -12.8 20121002 074804 20121101 074804
150.48 4.91 20120929 202831 20121029 202831
114.74 -25.32 20121020 202734 20121119 202734
149.61 -25.12 20121108 194154 20121208 194154
127.48 -31.38 20120930 235245 20121030 235245
117.89 -5.03 20120916 210903 20121016 210903
133.69 -27.41 20121113 202657 20121213 202657
135.88 3.83 20121017 044703 20121116 044703
139.09 2.1 20121121 023740 20121221 023740
135.32 -29.95 20120821 042456 20120920 042456
145.37 -12.78 20121130 014346 20121230 014346
142.62 -0.32 20120914 180420 20121014 180420
158.54 -17.43 20121110 064806 20121210 064806
122.09 -27.76 20121102 105314 20121202 105314
129.5 -16.36 20120815 010111 20120914 010111
153.99 0.57 20120810 045819 20120909 045819
113.03 -29.95 20120805 043418 20120904 043418
113.44 -20.23 20120911 200703 20121011 200703
144.7 -11.95 20120808 175943 20120907 175943
122.56 2.36 20120925 103638 20121025 103638
126.56 -19.75 20121001 032647 20121031 032647
120.78 -14.09 20121108 030308 20121208 030308
122.35 -9 20121104 184749 20121204 184749
116.61 -30.47 20120918 051710 20121018 051710
136.84 -17.92 20120908 060416 20121008 060416
158.73 -20.12 20121013 150009 20121112 150009
131.07 -15.57 20121018 221627 20121117 221627
154.98 -18.77 20121018 121101 20121117 121101
152.05 -0.1 20120929 190759 20121029 190759
152.89 -33.14 20121020 095836 20121119 095836
130.19 -18.97 20121007 080715 20121106 080715
148.79 -0.58 20120811 152027 20120910 152027
141.77 -7.85 20121030 165505 20121129 165505
150 -9.92 20120910 024247 20121010 024247
114.96 -28.27 20121118 202210 20121218 202210
114.58 -16.17 20120907 031206 20121007 031206
143.34 -24.24 20121003 004402 20121102 004402
129.52 -4.36 20121127 022752 20121227 022752
138.35 -16.68 20121129 102340 20121229 102340
113.97 -12.93 20121108 082140 20121208 082140
143.41 -27.86 20121024 132453 20121123 132453
113.03 -4.3 20121120 010144 20121220 010144
128.87 -23.98 20120826 025149 20120925 025149
148.88 -6.11 20121112 025430 20121212 025430
129.38 -27.85 20121014 065158 20121113 065158
158.39 -4.59 20120930 195629 20121030 195629
123.76 0.74 20121119 160032 20121219 160032
138.14 -15.42 20121026 073257 20121125 073257
120.51 -6.99 20120927 093415 20121027 093415
147.83 -23.4 20120819 211325 20120918 211325
156.32 -14.03 20121127 080302 20121227 080302
142.13 -32.79 20121115 182625 20121215 182625
151.58 2.1 20121110 094017 20121210 094017
149.54 -30.58 20120807 233415 20120906 233415
154.84 -1.52 20121008 191856 20121107 191856
135.88 0.69 20121026 095651 20121125 095651
137.28 2.54 20120803 163500 20120902 163500
134.52 -17.13 20120928 191631 20121028 191631
122.48 -5.52 20120805 214830 20120904 214830
128.03 -34.06 20121020 172754 20121119 172754
121.08 -23.66 20120810 090832 20120909 090832
131.05 -17.6 20120814 121100 20120913 121100
120.47 -2.14 20120822 235038 20120921 235038
155.34 -13.8 20121011 134623 20121110 134623
118.41 -13.78 20120930 105800 20121030 105800
132.98 -3.39 20121101 113048 20121201 113048
149.69 0.24 20120820 031917 20120919 031917
116.62 -29.09 20120823 131442 20120922 131442
158.94 2.52 20121113 183840 20121213 183840
150.4 -1.35 20120810 144826 20120909 144826
131.3 0.21 20121116 111230 20121216 111230
128.8 -13.4 20120913 050042 20121013 050042
132.15 0.28 20121004 232321 20121103 232321
131.26 -9.26 20121117 184910 20121217 184910
138.6 2.35 20120929 173351 20121029 173351
141.97 4.96 20121122 182620 20121222 182620
157.36 -18.52 20121110 070359 20121210 070359
127.31 -26.1 20121108 202821 20121208 202821
148.62 -23.58 20120806 064831 20120905 064831
131.11 -24.72 20121101 131046 20121201 131046
155.47 -16.73 20120819 133449 20120918 133449
151.96 -11.34 20120925 130442 20121025 130442
133.45 -27.1 20121025 070425 20121124 070425
143.01 0.04 20120807 220043 20120906 220043
151.61 -30.59 20120920 163714 20121020 163714
147.33 -17.29 20121025 162302 20121124 162302
136.43 -13.51 20121024 040306 20121123 040306
145.06 -34.76 20120815 195140 20120914 195140
149.01 4.49 20120923 055605 20121023 055605
124.55 -20.28 20121123 014217 20121223 014217
116.28 -30.3 20121001 141007 20121031 141007
130.96 -19.88 20120912 201350 20121012 201350
139.06 2.4 20120918 082009 20121018 082009
127.19 -9.32 20120815 020159 20120914 020159
139.97 -12.31 20121117 191614 20121217 191614
143.32 -7.12 20121012 114334 20121111 114334
147.25 -28.09 20120925 171831 20121025 171831
142.99 4.79 20121029 124820 20121128 124820
139.73 -24.59 20120804 090019 20120903 090019
146.95 -29.54 20120811 065043 20120910 065043
137.3 -26.1 20121125 191331 20121225 191331
147.52 4.77 20121109 051654 20121209 051654
142.42 -1.66 20121115 164002 20121215 164002
147.65 -11.92 20121021 125517 20121120 125517
147.61 -3.2 20120924 021458 20121024 021458
117.99 0.39 20121001 042247 20121031 042247
142.15 -1.92 20121027 230809 20121126 230809
150.88 -3.59 20120903 194507 20121003 194507
136.84 -17.88 20121007 001842 20121106 001842
156.67 -30.09 20121012 031645 20121111 031645
129.99 -1.68 20120816 185934 20120915 185934
114.46 -24.31 20120821 154616 20120920 154616
119.97 -32.52 20120827 180223 20120926 180223
155.44 3.95 20121115 163426 20121215 163426
148.21 -6.01 20121031 212315 20121130 212315
143.14 -0.32 20121031 064542 20121130 064542
132.52 -17.07 20120913 214337 20121013 214337
129.76 -3.58 20121107 154055 20121207 154055
135.89 -20.93 20121019 032846 20121118 032846
136.75 -30.94 20120823 001256 20120922 001256
155.3 1.66 20120912 041322 20121012 041322
123.49 0.96 20121101 142218 20121201 142218
157.75 -3.52 20121108 191539 20121208 191539
157.75 -1.13 20121104 105626 20121204 105626
155.48 -12.76 20121015 131058 20121114 131058
118.25 -4.8 20120918 193102 20121018 193102
138.57 -19.11 20120818 041043 20120917 041043
119.39 -11.44 20121016 064805 20121115 064805
140.04 -32.94 20120831 225705 20120930 225705
149.12 -7.24 20121028 131804 20121127 131804
119.6 -30.65 20120816 023426 20120915 023426
113.09 0.44 20120806 075236 20120905 075236
157.6 -7.72 20121127 193707 20121227 193707
158.26 -6.15 20121118 190419 20121218 190419
123.78 -18.74 20120828 071428 20120927 071428
134.32 -4.77 20121019 105415 20121118 105415
138.98 -25.14 20121125 154012 20121225 154012
113.46 -0.11 20121008 170338 20121107 170338
145.31 -17.47 20121120 143609 20121220 143609
121.38 -23.6 20121031 044744 20121130 044744
148.93 -16.61 20121121 165251 20121221 165251
130.52 -20.79 20121016 104715 20121115 104715
122.39 -33.98 20121004 151255 20121103 151255
138.29 -7.31 20121001 035055 20121031 035055
116.51 -11.73 20120830 133824 20120929 133824
127.45 -30.14 20121107 064728 20121207 064728
130.63 -8.01 20120831 032537 20120930 032537
125.03 -35 20120905 023230 20121005 023230
130.05 4.99 20121023 124142 20121122 124142
123.83 -0.25 20121102 091944 20121202 091944
116.78 3.79 20120907 043813 20121007 043813
137.62 2.18 20121102 134435 20121202 134435
147.35 -9.13 20121016 212945 20121115 212945
113.89 -22.34 20121108 122248 20121208 122248
138.46 -7.83 20120819 021857 20120918 021857
135.89 -16.82 20121024 113058 20121123 113058
121.02 -18.59 20121009 173310 20121108 173310
132.96 -13.48 20120915 232610 20121015 232610
115.66 -31.23 20121021 162949 20121120 162949
149.45 -10.32 20120824 114127 20120923 114127
156.35 -34.22 20120820 044031 20120919 044031
141.75 1.45 20121103 002918 20121203 002918
145.31 -13.36 20121126 123550 20121226 123550
152.03 -27.8 20121008 070447 20121107 070447
133.97 -28.61 20121126 010638 20121226 010638
119.47 -20.18 20121128 031220 20121228 031220
133.41 -6.81 20120825 210548 20120924 210548
135.13 -19.69 20121129 173643 20121229 173643
133.3 -3.02 20121110 005543 20121210 005543
154.4 -14.56 20120918 015905 20121018 015905
128.6 -25.19 20121105 183018 20121205 183018
147.47 1.97 20120824 064603 20120923 064603
122.7 -4.43 20120827 144950 20120926 144950
135.09 4.44 20121102 071047 20121202 071047
121.26 -29.44 20121123 132905 20121223 132905
145.65 -32.72 20121113 215709 20121213 215709
149.75 3.77 20120817 200521 20120916 200521
139.87 -27.8 20121105 230824 20121205 230824
149.65 -26.49 20120920 071059 20121020 071059
140.88 -28.18 20121130 183551 20121230 183551
113.17 -12.73 20120911 081000 20121011 081000
121.11 -12.77 20120810 175605 20120909 175605
119 -23.83 20121010 174029 20121109 174029
136.07 -31.1 20121127 105925 20121227 105925
148.35 -27.79 20120910 132624 20121010 132624
139.52 -34.39 20121105 032900 20121205 032900
134.99 -15.57 20121127 045017 20121227 045017
158.57 -28.4 20120814 190726 20120913 190726
131.93 -31.38 20121106 041337 20121206 041337
154.34 2.52 20120823 093814 20120922 093814
151.67 -22.37 20121120 080916 20121220 080916
114.74 3.1 20121018 055540 20121117 055540
156.15 -21.39 20121016 210132 20121115 210132
125.31 -22.31 20120915 005400 20121015 005400
156.93 -22.46 20121013 113521 20121112 113521
141.11 -28.71 20120806 122038 20120905 122038
137.81 -21.76 20121021 161950 20121120 161950
121 -12.56 20120821 001231 20120920 001231
116.38 -17.26 20121028 233519 20121127 233519
136.64 -19.53 20121125 043904 20121225 043904
138.9 -8.39 20121123 175510 20121223 175510
146.94 -29.96 20121029 110016 20121128 110016
126 -0.6 20121128 224607 20121228 224607
130.21 -8.11 20120910 172100 20121010 172100
113.58 -18.97 20121006 142508 20121105 142508
141.1 4.09 20120830 131850 20120929 131850
131.53 -17.95 20121005 114113 20121104 114113
158.69 -7.23 20120906 113916 20121006 113916
126.51 -28.77 20121015 120536 20121114 120536
113.03 -7.19 20120923 060319 20121023 060319
152.84 -5.81 20120831 075444 20120930 075444
147.61 -17.09 20121002 141402 20121101 141402
116.19 3.37 20121123 071012 20121223 071012
113.76 0.68 20121121 090332 20121221 090332
141.15 -4.3 20120913 022732 20121013 022732
144.23 -32.09 20120925 162909 20121025 162909
141.55 -31.27 20120826 093013 20120925 093013
140.76 -3.48 20121022 132342 20121121 132342
155.58 -26.48 20120829 191101 20120928 191101
151.47 3.02 20120826 091601 20120925 091601
135.03 -1.18 20120914 043345 20121014 043345
130.71 -0.26 20120818 090006 20120917 090006
157.18 -13.19 20120920 005701 20121020 005701
152.45 -17.51 20121105 060943 20121205 060943
133.8 -12.57 20121009 103149 20121108 103149
133.14 -33.37 20120927 183237 20121027 183237
156.42 -17.63 20121031 033141 20121130 033141
146.9 -23 20120929 090305 20121029 090305
148.84 -11.05 20121008 142036 20121107 142036
119.37 -11.61 20121002 044404 20121101 044404
138.02 -14.41 20121006 163741 20121105 163741
114.06 -28.54 20120824 123631 20120923 123631
118.89 3.47 20121116 044251 20121216 044251
156.24 -30.22 20120829 075626 20120928 075626
135.85 -16.07 20120918 175833 20121018 175833
153.24 4.45 20121117 161558 20121217 161558
146.82 -33.53 20120919 175820 20121019 175820
129.57 -3.19 20121103 215252 20121203 215252
121.76 -30.47 20120805 201051 20120904 201051
140.68 -8.97 20120813 060936 20120912 060936
114.38 -27.66 20121106 102952 20121206 102952
137.4 -4.65 20120916 185058 20121016 185058
153.83 -24.99 20120826 082419 20120925 082419
151.71 1.29 20120909 100502 20121009 100502
148.12 2.08 20121102 143700 20121202 143700
134.71 -5.58 20120813 175531 20120912 175531
125.35 1.64 20120907 011250 20121007 011250
114.94 -1.81 20120913 081652 20121013 081652
153.74 -34.14 20121112 000446 20121212 000446
117.34 -34.19 20121105 013246 20121205 013246
135.25 -30.44 20121010 102504 20121109 102504
144.98 -30.95 20121005 085522 20121104 085522
123.17 -18.61 20121116 024709 20121216 024709
152.43 4.51 20120813 192817 20120912 192817
143.07 -23.05 20121003 095528 20121102 095528
127.01 -17.99 20121029 122439 20121128 122439
133.8 -31.5 20121002 042955 20121101 042955
126.31 -2.44 20120810 092902 20120909 092902
131.02 2.13 20120923 004253 20121023 004253
145.39 -34.21 20120911 203813 20121011 203813
125.12 3.24 20121128 180641 20121228 180641
142.2 -3.98 20120814 101036 20120913 101036
117.6 1.95 20120809 064603 20120908 064603
129.27 -12.82 20120805 051926 20120904 051926
139.54 -28.83 20121023 192451 20121122 192451
120.84 -6.18 20121007 120022 20121106 120022
116.74 -22.84 20121106 155633 20121206 155633
128.51 -24 20121024 120727 20121123 120727
157.62 -21.14 20121022 071514 20121121 071514
126.28 -13.4 20121031 210619 20121130 210619
133.61 -1.88 20121020 215714 20121119 215714
138.76 -31.47 20121025 103330 20121124 103330
149.59 -17.49 20121027 093041 20121126 093041
151.52 -25.67 20120828 074003 20120927 074003
149.21 -6.06 20121028 111954 20121127 111954
140.59 -7.79 20120901 211523 20121001 211523
127.77 -18.39 20121012 081240 20121111 081240
148.7 -27.85 20121106 000555 20121206 000555
150.78 -0.78 20120902 071848 20121002 071848
131.23 -5.73 20120927 121233 20121027 121233
126.63 -25.16 20120920 160140 20121020 160140
154.03 -10.34 20120826 051451 20120925 051451
124.01 -7.22 20120909 014158 20121009 014158
151.79 -30.01 20120818 042231 20120917 042231
128.31 -18.05 20120807 185403 20120906 185403
138.21 -14.65 20121111 105806 20121211 105806
113.21 -2.6 20120826 115348 20120925 115348
124.52 -15.37 20121115 090209 20121215 090209
128.26 -15.44 20121003 041423 20121102 041423
139.97 -6.57 20121111 091732 20121211 091732
120.47 -3.67 20121016 231138 20121115 231138
120.67 -0.16 20120818 061131 20120917 061131
124.85 -27.94 20120924 013102 20121024 013102
132.67 -11.73 20120928 133009 20121028 133009
145.38 -14.91 20120814 132416 20120913 132416
128.03 -9.81 20121114 225549 20121214 225549
150.12 -20.93 20121113 143318 20121213 143318
144.08 -17 20120825 065439 20120924 065439
126.11 -0.31 20121126 233140 20121226 233140
143.08 -30.68 20121102 020555 20121202 020555
119.75 -3.53 20121022 135014 20121121 135014
122.8 -9.5 20121114 063344 20121214 063344
151.41 -29.02 20120925 164723 20121025 164723
143.2 -30.88 20120917 132031 20121017 132031
127.68 -7.91 20120913 004020 20121013 004020
128.26 1.46 20121022 064214 20121121 064214
127.45 -8.17 20120812 053654 20120911 053654
156.2 -26.29 20121101 041557 20121201 041557
148.85 -20.14 20120908 191105 20121008 191105
115.08 -6.02 20121109 065728 20121209 065728
122.25 -2.08 20121109 065058 20121209 065058
150.16 0.86 20120808 083004 20120907 083004
126.21 -31.6 20121018 143911 20121117 143911
118.62 -1.38 20121107 032257 20121207 032257
141.89 -20.71 20121001 075315 20121031 075315
123.25 -22.36 20120901 170335 20121001 170335
130.38 -1.06 20120924 214431 20121024 214431
139.14 0.2 20121003 182805 20121102 182805
127.45 -29.83 20121025 194537 20121124 194537
113.02 -26.67 20121015 130314 20121114 130314
119.99 -0.45 20120930 122348 20121030 122348
139.9 -16.93 20120813 222430 20120912 222430
135.76 -1.01 20121007 213520 20121106 213520
138.67 0.25 20121126 052636 20121226 052636
137.81 -13.65 20121015 230923 20121114 230923
116.32 -6.8 20120922 214228 20121022 214228
146.19 -20.55 20121028 000258 20121127 000258
114.74 -3.81 20120929 164002 20121029 164002
143.46 -16.66 20121001 063910 20121031 063910
126.71 -24.48 20120911 013146 20121011 013146
124.27 -9.04 20120903 145822 20121003 145822
128.8 -12.5 20121006 214938 20121105 214938
142.1 -9.53 20121105 041854 20121205 041854
114.65 2.04 20121003 053829 20121102 053829
150.01 -6.17 20120924 140522 20121024 140522
114.36 -22.96 20120805 003945 20120904 003945
153.23 3.86 20120821 144031 20120920 144031
151.08 -16.48 20121023 152057 20121122 152057
127.79 -10.76 20120803 213255 20120902 213255
136.32 -31.62 20120815 052514 20120914 052514
139.12 -29.86 20120828 043857 20120927 043857
140.84 -32.47 20121010 060020 20121109 060020
150.67 3.46 20121117 071112 20121217 071112
141.9 -19.46 20121119 113245 20121219 113245
124.21 -16.88 20121121 032704 20121221 032704
127.05 -14.37 20120919 121747 20121019 121747
146.62 -29.58 20120823 090732 20120922 090732
131.87 -21.16 20121105 094053 20121205 094053
150.24 -2.88 20121120 054159 20121220 054159
147.93 1.48 20120819 143238 20120918 143238
131.6 -8.09 20121118 205854 20121218 205854
131.55 1.97 20121108 013743 20121208 013743
125.5 -26.55 20120811 115341 20120910 115341
122.93 -3.65 20120917 100755 20121017 100755
