-102.89 51.02 20130325 030340 20130424 030340
-109.11 49.89 20130516 163640 20130615 163640
-95.49 53.75 20130326 020037 20130425 020037
-108.39 40.48 20130524 012754 20130623 012754
-97.25 38.07 20130103 151117 20130202 151117
-76.67 47.6 20130527 061415 20130626 061415
-106.6 45.87 20130322 232933 20130421 232933
-79.79 37.82 20130207 151607 20130309 151607
-91.97 49.73 20130412 050505 20130512 050505
-89.55 50.43 20130531 221604 20130630 221604
-90.35 48.96 20130425 175131 20130525 175131
-109.33 35.87 20130506 002927 20130605 002927
-89.6 49.52 20130210 114754 20130312 114754
-81.62 47.52 20130403 044650 20130503 044650
-87.93 36.75 20130510 073324 20130609 073324
-81.89 50.64 20130502 041630 20130601 041630
-101.87 40.8 20130104 214350 20130203 214350
-109.73 47.46 20130529 112348 20130628 112348
-88.36 45.14 20130428 001315 20130528 001315
-78.14 50.73 20130529 025053 20130628 025053
-85.73 46.09 20130209 064407 20130311 064407
-89.9 40.14 20130314 165549 20130413 165549
-76.87 37.27 20130107 053614 20130206 053614
-79.89 45.01 20130222 060327 20130324 060327
-90.77 53.92 20130401 132849 20130501 132849
-77.85 40.95 20130223 021912 20130325 021912
-90.55 48.61 20130218 153151 20130320 153151
-89.93 44.41 20130106 103210 20130205 103210
-83.48 36.48 20130524 233550 20130623 233550
-86.04 42.03 20130113 102524 20130212 102524
-109.19 42.31 20130304 010945 20130403 010945
-84.4 43.43 20130324 030759 20130423 030759
-96.54 51.03 20130219 023613 20130321 023613
-95.94 37.53 20130313 064213 20130412 064213
-91.04 39.89 20130225 050359 20130327 050359
-109.54 37.62 20130129 215436 20130228 215436
-104.97 36.14 20130420 194731 20130520 194731
-80.29 42.15 20130108 143033 20130207 143033
-77.39 53.26 20130301 051730 20130331 051730
-110.93 41.2 20130325 061247 20130424 061247
-92.6 40.48 20130326 071016 20130425 071016
-107.4 49.54 20130523 162352 20130622 162352
-89.89 54.12 20130120 061746 20130219 061746
-106.5 50.71 20130209 054827 20130311 054827
-79.41 39.58 20130515 203458 20130614 203458
-90.61 43.95 20130528 234519 20130627 234519
-109.38 54.93 20130513 203912 20130612 203912
-107.78 52.31 20130205 155543 20130307 155543
-77.34 49.12 20130330 054134 20130429 054134
-82.95 47.4 20130513 000243 20130612 000243
-97.43 41.63 20130502 000104 20130601 000104
-97.97 37.23 20130511 141423 20130610 141423
-85.4 51.57 20130327 235736 20130426 235736
-93.4 41.48 20130207 035420 20130309 035420
-109.24 44.84 20130127 220558 20130226 220558
-87.46 36.49 20130507 040734 20130606 040734
-79.96 43.97 20130517 165828 20130616 165828
-104.41 54.57 20130411 232811 20130511 232811
-107.59 45.66 20130226 104322 20130328 104322
-110.9 43.63 20130110 040130 20130209 040130
-108.73 50.08 20130108 163039 20130207 163039
-91.34 41.54 20130516 013035 20130615 013035
-79.85 47.7 20130330 035118 20130429 035118
-76.22 54.29 20130304 013126 20130403 013126
-77.32 52.32 20130527 203549 20130626 203549
-97.2 44.26 20130315 090128 20130414 090128
-108.95 43.11 20130325 054800 20130424 054800
-100.09 36.44 20130324 140537 20130423 140537
-82.16 47.49 20130519 020635 20130618 020635
-95.45 54.05 20130221 031215 20130323 031215
-109.64 36 20130304 232734 20130403 232734
-97.94 50.32 20130130 111502 20130301 111502
-109.66 50.98 20130522 092005 20130621 092005
-106.6 43.56 20130520 005705 20130619 005705
-104.55 43.52 20130314 061457 20130413 061457
-94.28 38.53 20130228 144843 20130330 144843
-102.56 43.55 20130301 150105 20130331 150105
-96.34 41.39 20130412 214209 20130512 214209
-100.58 40.72 20130323 114309 20130422 114309
-90.27 35.51 20130119 144851 20130218 144851
-77.07 48.47 20130414 143332 20130514 143332
-107.48 48.55 20130308 213442 20130407 213442
-79.13 43.42 20130121 190601 20130220 190601
-93.97 49 20130519 003213 20130618 003213
-108.24 42.15 20130506 071343 20130605 071343
-94.97 41.89 20130307 193736 20130406 193736
-104.38 42.02 20130119 173216 20130218 173216
-96.23 53.69 20130204 222025 20130306 222025
-78.49 45.24 20130509 174042 20130608 174042
-96.53 53.15 20130207 032556 20130309 032556
-92.46 53.93 20130330 130035 20130429 130035
-95.42 38.41 20130509 211712 20130608 211712
-103.23 44.5 20130427 022715 20130527 022715
-106.26 35.84 20130319 022727 20130418 022727
-100.81 48.66 20130428 234014 20130528 234014
-103.78 37.1 20130209 094447 20130311 094447
-110.79 52.11 20130410 130240 20130510 130240
-78.14 37.85 20130329 103451 20130428 103451
-106.13 43.42 20130505 034656 20130604 034656
-109.67 47.35 20130221 001356 20130323 001356
-98.02 50.57 20130505 231902 20130604 231902
-110.98 51.12 20130103 225021 20130202 225021
-93.27 36.77 20130319 225141 20130418 225141
-85.58 46.08 20130402 032650 20130502 032650
-78.26 53.57 20130207 202823 20130309 202823
-86.4 52.93 20130413 113919 20130513 113919
-93.27 43.34 20130514 015552 20130613 015552
-81.25 43.29 20130307 171410 20130406 171410
-107.23 49.98 20130112 003929 20130211 003929
-85.35 51.34 20130530 064317 20130629 064317
-89.04 39.02 20130421 172952 20130521 172952
-100.41 42.43 20130401 155111 20130501 155111
-97.74 53.19 20130306 070557 20130405 070557
-79.84 38.56 20130425 161634 20130525 161634
-93.19 54.53 20130409 155704 20130509 155704
-90.66 44.96 20130331 214336 20130430 214336
-87.28 40.47 20130524 141235 20130623 141235
-83.06 38.57 20130516 205446 20130615 205446
-89.26 47.19 20130206 015028 20130308 015028
-100.76 47.21 20130123 083148 20130222 083148
-81.38 45.81 20130425 132113 20130525 132113
-106.55 52.01 20130131 115526 20130302 115526
-85.59 46.65 20130302 181637 20130401 181637
-78.92 37.26 20130505 205525 20130604 205525
-84.69 47.03 20130423 140729 20130523 140729
-102.04 35.98 20130407 101506 20130507 101506
-91.66 53.56 20130406 060743 20130506 060743
-108.05 36.24 20130210 105521 20130312 105521
-100.47 40.41 20130117 195334 20130216 195334
-99.23 48.01 20130601 011854 20130701 011854
-105.79 43.26 20130508 080435 20130607 080435
-109.8 36.11 20130210 233625 20130312 233625
-109.49 48.54 20130512 232328 20130611 232328
-87.27 41.01 20130225 135029 20130327 135029
-90.65 48 20130411 145425 20130511 145425
-87.01 39.89 20130527 044030 20130626 044030
-98.47 52.31 20130317 005548 20130416 005548
-79.2 45.18 20130317 234803 20130416 234803
-80.69 43.7 20130217 123816 20130319 123816
-100.79 44.44 20130220 194643 20130322 194643
-93.07 50.94 20130210 083326 20130312 083326
-103.24 53.47 20130514 032441 20130613 032441
-81.42 51.14 20130124 210104 20130223 210104
-101.83 50.14 20130217 140824 20130319 140824
-85.88 48.02 20130409 201750 20130509 201750
-85.15 35.76 20130413 182425 20130513 182425
-83.9 38.77 20130207 053127 20130309 053127
-81.38 49.36 20130519 025217 20130618 025217
-88.73 37.94 20130319 092039 20130418 092039
-85.92 41.9 20130118 160527 20130217 160527
-87.24 37.24 20130522 103830 20130621 103830
-93.75 45.14 20130201 052706 20130303 052706
-103.5 54.01 20130411 014640 20130511 014640
-77.82 37.44 20130530 102906 20130629 102906
-86.5 41.73 20130301 202335 20130331 202335
-96.49 35.21 20130317 034140 20130416 034140
-105.38 48.28 20130414 050843 20130514 050843
-88.07 47.5 20130112 215821 20130211 215821
-78.61 53.48 20130502 225734 20130601 225734
-78.38 36.58 20130127 085215 20130226 085215
-107.43 53.64 20130501 152221 20130531 152221
-97.99 54.33 20130404 033231 20130504 033231
-90.73 41.78 20130213 175139 20130315 175139
-80.44 48.94 20130410 072252 20130510 072252
-107.88 40.65 20130320 035534 20130419 035534
-103.49 51.48 20130111 162453 20130210 162453
-81.36 39.02 20130519 192929 20130618 192929
-92.05 39.64 20130106 091852 20130205 091852
-84.78 46.32 20130330 122229 20130429 122229
-97.41 53.74 20130418 155030 20130518 155030
-95.11 44.9 20130126 211744 20130225 211744
-106.92 35.25 20130507 044545 20130606 044545
-104.44 54.21 20130115 023643 20130214 023643
-97.16 37.46 20130221 213940 20130323 213940
-93.63 51.63 20130320 234341 20130419 234341
-96.73 48.57 20130321 011417 20130420 011417
-106.32 41.15 20130312 012532 20130411 012532
-90.86 36.5 20130307 224146 20130406 224146
-104.2 42.42 20130325 184242 20130424 184242
-102.15 53.49 20130216 163815 20130318 163815
-107.08 53.04 20130207 012022 20130309 012022
-102.75 51.39 20130512 124120 20130611 124120
-106.02 52.27 20130316 163503 20130415 163503
-91.81 36.21 20130216 143741 20130318 143741
-109.59 37.53 20130327 010156 20130426 010156
-91.99 47.83 20130108 184645 20130207 184645
-97.42 49.33 20130205 213444 20130307 213444
-77.9 36.89 20130507 182137 20130606 182137
-77.05 46.7 20130209 092739 20130311 092739
-76.44 38.35 20130207 005507 20130309 005507
-104.57 37.08 20130301 095902 20130331 095902
-95.92 35.16 20130410 160324 20130510 160324
-78.94 46.35 20130422 105501 20130522 105501
-80.53 51.57 20130318 033559 20130417 033559
-79.86 52.95 20130223 115422 20130325 115422
-85.61 40.64 20130112 145734 20130211 145734
-83.57 36.69 20130311 081815 20130410 081815
-91.94 39.29 20130423 073315 20130523 073315
-98.01 47.7 20130409 083908 20130509 083908
-91.28 39.56 20130510 132915 20130609 132915
-80.08 36.28 20130227 012449 20130329 012449
-102.34 39.46 20130515 153752 20130614 153752
-99.63 47.92 20130319 174826 20130418 174826
-84.17 42.57 20130310 230639 20130409 230639
-86.44 43.02 20130216 110701 20130318 110701
-91.63 44.68 20130427 202522 20130527 202522
-76.2 54.84 20130301 092137 20130331 092137
-78.86 48.22 20130507 211714 20130606 211714
-104.6 44.06 20130518 222325 20130617 222325
-104.84 41.2 20130430 060930 20130530 060930
-92.68 43.71 20130221 074629 20130323 074629
-90.87 49.29 20130218 212837 20130320 212837
-102.62 48.51 20130506 074931 20130605 074931
-76.13 42.73 20130501 113302 20130531 113302
-80.26 52.68 20130415 130942 20130515 130942
-102.87 47.22 20130105 172732 20130204 172732
-103.9 41.34 20130503 112122 20130602 112122
-86.23 49.6 20130505 001119 20130604 001119
-88.76 43.36 20130411 145610 20130511 145610
-80.44 39.6 20130406 191455 20130506 191455
-108.49 47.71 20130419 050634 20130519 050634
-85.56 53.36 20130515 053635 20130614 053635
-83.26 46.71 20130424 000201 20130524 000201
-80.82 42.94 20130424 224947 20130524 224947
-89.28 54.08 20130518 225717 20130617 225717
-78.64 44.69 20130106 213442 20130205 213442
-101.53 44.56 20130428 021628 20130528 021628
-81.36 39.14 20130528 185841 20130627 185841
-109.44 43.61 20130210 061935 20130312 061935
-105.59 39.41 20130406 100045 20130506 100045
-82.02 50.27 20130116 093019 20130215 093019
-95.93 53.54 20130407 163520 20130507 163520
-107.97 39.08 20130215 205200 20130317 205200
-98.17 39.56 20130318 233855 20130417 233855
-107.31 40.96 20130124 202626 20130223 202626
-85.75 38.71 20130528 213101 20130627 213101
-90.04 50.17 20130111 122126 20130210 122126
-93.04 54.73 20130220 093602 20130322 093602
-89.37 43.81 20130217 213451 20130319 213451
-91.07 37.41 20130210 062218 20130312 062218
-91.12 42.71 20130502 012620 20130601 012620
-79.94 39.6 20130110 095114 20130209 095114
-83.4 43.49 20130411 100153 20130511 100153
-85.86 38.68 20130513 094217 20130612 094217
-109.37 52.12 20130314 063926 20130413 063926
-95.06 51.67 20130306 113745 20130405 113745
-86.82 41.04 20130306 185355 20130405 185355
-90.16 40.62 20130114 150620 20130213 150620
-91.99 48.14 20130522 135002 20130621 135002
-110.47 42.45 20130413 025445 20130513 025445
-84.4 47.49 20130418 073940 20130518 073940
-101.56 42.68 20130430 083150 20130530 083150
-102.09 45.46 20130429 054148 20130529 054148
-91.37 42.19 20130305 125901 20130404 125901
-86.5 39.76 20130124 132624 20130223 132624
-110.53 45.33 20130309 041750 20130408 041750
-81.82 40.27 20130425 035145 20130525 035145
-107.22 37.54 20130404 070929 20130504 070929
-89.5 52.59 20130531 043048 20130630 043048
-105.34 46.67 20130507 101830 20130606 101830
-108.03 41.68 20130329 143318 20130428 143318
-77.87 35.41 20130522 001146 20130621 001146
-104.22 54.04 20130409 125856 20130509 125856
-90.02 40.69 20130130 165909 20130301 165909
-86.63 37.93 20130327 160932 20130426 160932
-86.47 47.5 20130502 012431 20130601 012431
-101.99 54.99 20130226 134121 20130328 134121
-95.27 37.16 20130124 130327 20130223 130327
-77.54 46.67 20130409 171303 20130509 171303
-108.99 42.57 20130415 100315 20130515 100315
-79.36 44.42 20130515 061147 20130614 061147
-102.28 49 20130115 081933 20130214 081933
-77.42 45.17 20130127 033154 20130226 033154
-76.96 51.11 20130120 135021 20130219 135021
-110.96 47.58 20130202 142443 20130304 142443
-99.81 39.44 20130105 094305 20130204 094305
-97.16 43.05 20130404 164424 20130504 164424
-88.94 41.89 20130115 142835 20130214 142835
-110.49 53.46 20130124 233258 20130223 233258
-92.11 47.5 20130412 183210 20130512 183210
-103.27 36.28 20130216 020054 20130318 020054
-102.64 40.26 20130226 221315 20130328 221315
-77.39 48.73 20130223 104630 20130325 104630
-108.23 41.31 20130117 180357 20130216 180357
-82.47 46.88 20130412 143034 20130512 143034
-86.8 36.08 20130219 191142 20130321 191142
-80.49 44.28 20130311 211609 20130410 211609
-106.12 40.44 20130205 054402 20130307 054402
-95.27 51.27 20130405 054539 20130505 054539
-85.75 48.43 20130406 233940 20130506 233940
-89.82 53.22 20130410 102507 20130510 102507
-94.24 45.94 20130419 174103 20130519 174103
-104.4 53.24 20130407 205507 20130507 205507
-103.23 41.95 20130319 075727 20130418 075727
-96.58 54.85 20130123 045732 20130222 045732
-99.19 38.94 20130406 062027 20130506 062027
-80.13 36.14 20130318 235746 20130417 235746
-90.76 45.54 20130323 061855 20130422 061855
-90.64 38.43 20130328 141109 20130427 141109
-88.16 52.88 20130529 130549 20130628 130549
-109.42 54.26 20130411 220327 20130511 220327
-110.66 51.66 20130113 053159 20130212 053159
-95.28 47.65 20130516 065812 20130615 065812
-84.3 43.91 20130510 114247 20130609 114247
-78.98 35.42 20130321 195358 20130420 195358
-95.14 46.79 20130507 075357 20130606 075357
-107.72 42.13 20130110 234746 20130209 234746
-92.28 50.77 20130226 160723 20130328 160723
-88.91 46.39 20130515 202012 20130614 202012
-100.59 40.03 20130306 012627 20130405 012627
-90.7 49.79 20130314 152006 20130413 152006
-105.42 42.68 20130420 081821 20130520 081821
-85.93 47.8 20130403 054026 20130503 054026
-81.56 46.21 20130207 073125 20130309 073125
-86.11 45.24 20130113 090725 20130212 090725
-89.48 51.62 20130412 125743 20130512 125743
-90.18 42.52 20130226 082536 20130328 082536
-88.97 38.32 20130503 053823 20130602 053823
-80.73 35.49 20130224 150121 20130326 150121
-77.06 36.34 20130307 210245 20130406 210245
-110.57 40.99 20130220 030339 20130322 030339
-98.34 53.43 20130104 201426 20130203 201426
-80.27 49.75 20130209 212205 20130311 212205
-108.23 54.94 20130515 111729 20130614 111729
-98.33 49.22 20130118 140904 20130217 140904
-97.34 49.73 20130425 195958 20130525 195958
-107.8 41.56 20130318 154424 20130417 154424
-108.75 36.92 20130105 201817 20130204 201817
-99.38 38.22 20130409 024226 20130509 024226
-105.61 35.91 20130227 182440 20130329 182440
-90.3 37.55 20130426 200414 20130526 200414
-104.99 42.5 20130228 095101 20130330 095101
-92.93 43.17 20130422 083804 20130522 083804
-81.28 49.99 20130514 033113 20130613 033113
-105.44 47.88 20130325 225518 20130424 225518
-83.46 52.63 20130308 200621 20130407 200621
-87.83 41.66 20130325 231157 20130424 231157
-78.37 42.62 20130531 233714 20130630 233714
-76.41 52.21 20130128 132506 20130227 132506
-108.3 40.77 20130106 162810 20130205 162810
-98.98 53.26 20130401 192133 20130501 192133
-106.29 49.58 20130315 050154 20130414 050154
-83.66 40.99 20130519 170834 20130618 170834
-101.7 38.22 20130312 091737 20130411 091737
-107.47 46.54 20130430 000255 20130530 000255
-100.52 42.2 20130428 092121 20130528 092121
-91.84 48.51 20130327 152105 20130426 152105
-88.67 53.38 20130118 022013 20130217 022013
-102.99 44.43 20130506 144149 20130605 144149
-92.92 35.06 20130226 174940 20130328 174940
-94.71 42.11 20130531 104345 20130630 104345
-91.67 45.95 20130407 191836 20130507 191836
-83.49 40.61 20130331 051007 20130430 051007
-84.43 45.98 20130312 141507 20130411 141507
-91.57 39.53 20130528 062108 20130627 062108
-83.32 38.34 20130111 004653 20130210 004653
-84.88 40.21 20130517 022004 20130616 022004
-97.77 38.39 20130128 031143 20130227 031143
