-84.12 47.78 20130404 020207 20130504 020207
-107.99 50.71 20130517 093415 20130616 093415
-99.49 45.14 20130423 003621 20130523 003621
-106.08 49.53 20130120 162812 20130219 162812
-109.68 36.57 20130114 084013 20130213 084013
-86.64 35.9 20130401 231219 20130501 231219
-87.89 50.75 20130304 210109 20130403 210109
-82.58 39.69 20130401 134846 20130501 134846
-84.36 54.24 20130513 110005 20130612 110005
-107.14 51.47 20130502 160539 20130601 160539
-91.82 44.31 20130422 111806 20130522 111806
-101.97 48.16 20130328 112526 20130427 112526
-105.05 47.11 20130308 160430 20130407 160430
-76.52 41.18 20130131 064624 20130302 064624
-105.7 53 20130301 032206 20130331 032206
-85.32 42.94 20130511 114041 20130610 114041
-105.58 44.21 20130129 141636 20130228 141636
-99.93 36.01 20130309 055522 20130408 055522
-102.14 41.91 20130109 052952 20130208 052952
-89.7 52.39 20130526 174653 20130625 174653
-87.99 38.54 20130403 131645 20130503 131645
-98.84 37.02 20130527 030255 20130626 030255
-101.03 39.53 20130327 025300 20130426 025300
-94.74 43.74 20130513 054054 20130612 054054
-98.65 50.83 20130410 230058 20130510 230058
-96.77 40.33 20130207 093444 20130309 093444
-106.66 51.02 20130205 194208 20130307 194208
-76.19 39.64 20130103 133708 20130202 133708
-90.82 54.08 20130424 055126 20130524 055126
-104.02 36.76 20130107 075158 20130206 075158
-91.57 36.2 20130418 123434 20130518 123434
-80.23 53.12 20130323 170953 20130422 170953
-100.01 36.32 20130122 112211 20130221 112211
-83.56 41.88 20130410 144335 20130510 144335
-88.27 41.22 20130430 144232 20130530 144232
-106.03 41.26 20130108 063442 20130207 063442
-110.21 45.81 20130502 180916 20130601 180916
-107.44 40.8 20130510 020742 20130609 020742
-103.47 41.93 20130416 155230 20130516 155230
-83.36 48.92 20130414 030659 20130514 030659
-103.85 37.4 20130130 104752 20130301 104752
-96.91 51.61 20130503 165447 20130602 165447
-82.5 45.97 20130507 073203 20130606 073203
-80.66 54.79 20130118 164204 20130217 164204
-101.11 38.93 20130509 093051 20130608 093051
-108.29 49.64 20130311 212921 20130410 212921
-81.59 39.06 20130330 032943 20130429 032943
-76.16 49.2 20130523 194244 20130622 194244
-83.11 47.23 20130219 043406 20130321 043406
-80.62 42.86 20130116 041319 20130215 041319
-90.73 40.01 20130216 122317 20130318 122317
-93.12 48.11 20130408 215426 20130508 215426
-92.83 46.35 20130306 231127 20130405 231127
-88.76 37.61 20130224 071953 20130326 071953
-95.69 43.38 20130121 014235 20130220 014235
-108.8 40.51 20130330 152551 20130429 152551
-90.15 43.74 20130110 192816 20130209 192816
-90.79 51.44 20130515 001925 20130614 001925
-86.65 35.48 20130118 001041 20130217 001041
-93.55 47.1 20130412 004634 20130512 004634
-103.48 42.61 20130106 155312 20130205 155312
-77.99 43.47 20130223 180520 20130325 180520
-93.42 40.39 20130111 072714 20130210 072714
-99.12 48.75 20130505 210227 20130604 210227
-90.35 36.69 20130410 075121 20130510 075121
-100.44 39.54 20130222 060128 20130324 060128
-101.92 53.31 20130419 102113 20130519 102113
-82.05 35.95 20130210 034707 20130312 034707
-97.82 52.02 20130530 104942 20130629 104942
-105.13 39.64 20130104 144849 20130203 144849
-83.63 52.53 20130107 033440 20130206 033440
-77.02 44.9 20130521 142838 20130620 142838
-105.8 45.5 20130121 190346 20130220 190346
-95.01 44.18 20130329 183230 20130428 183230
-94.94 37.09 20130507 110237 20130606 110237
-95.93 40.03 20130423 095801 20130523 095801
-105.89 46.33 20130427 165907 20130527 165907
-78.88 50.6 20130509 220226 20130608 220226
-95.34 51.1 20130516 183241 20130615 183241
-107.06 37.77 20130503 005414 20130602 005414
-84.94 36.3 20130507 045658 20130606 045658
-82.79 38.34 20130408 064301 20130508 064301
-100.69 52.02 20130417 005024 20130517 005024
-102.22 47.97 20130403 194140 20130503 194140
-95.52 46.22 20130309 094421 20130408 094421
-77.03 48.21 20130525 113616 20130624 113616
-83.68 50.8 20130122 164130 20130221 164130
-105.93 35.6 20130228 045629 20130330 045629
-103.36 44.91 20130424 113642 20130524 113642
-106.49 46.54 20130301 194838 20130331 194838
-106.31 51.87 20130224 102511 20130326 102511
-101.85 36.5 20130103 191839 20130202 191839
-82.95 51.99 20130426 064851 20130526 064851
-83.63 41.22 20130523 180340 20130622 180340
-99.91 48.78 20130530 125229 20130629 125229
-97.13 48.2 20130217 163018 20130319 163018
-93.36 37.88 20130127 024345 20130226 024345
-101.22 47.38 20130403 005950 20130503 005950
-104.39 48.69 20130417 085411 20130517 085411
-76.58 45.17 20130201 220231 20130303 220231
-102.7 43.73 20130520 071211 20130619 071211
-80.83 51.93 20130112 144934 20130211 144934
-99.8 37.49 20130306 125156 20130405 125156
-80.57 51.11 20130203 015138 20130305 015138
-79.42 54.14 20130125 195211 20130224 195211
-110.43 41.45 20130504 115755 20130603 115755
-102.05 41.05 20130501 212202 20130531 212202
-107.68 40.21 20130307 033113 20130406 033113
-100.33 47.07 20130521 160934 20130620 160934
-79.19 43.24 20130305 103143 20130404 103143
-76.21 50.4 20130430 182934 20130530 182934
-108.34 44.1 20130115 204145 20130214 204145
-92.89 49.2 20130430 230300 20130530 230300
-80.35 47.73 20130531 123424 20130630 123424
-76.73 51.74 20130203 152918 20130305 152918
-109.73 35.34 20130505 161207 20130604 161207
-83.83 44.3 20130326 102805 20130425 102805
-84.77 46.55 20130410 072558 20130510 072558
-92.67 43.29 20130405 013129 20130505 013129
-81.87 38.35 20130216 092346 20130318 092346
-89.94 36.75 20130313 031815 20130412 031815
-103.56 51.19 20130403 175633 20130503 175633
-102.94 37.9 20130528 165131 20130627 165131
-101.83 51.8 20130425 085205 20130525 085205
-91.48 39.32 20130209 085221 20130311 085221
-96.71 41.89 20130302 000325 20130401 000325
-90.6 48.61 20130212 055735 20130314 055735
-99.23 53.49 20130531 110934 20130630 110934
-100.43 35.87 20130218 103248 20130320 103248
-99.11 37.61 20130303 015933 20130402 015933
-100.85 45.75 20130410 092733 20130510 092733
-106.15 53.36 20130508 205701 20130607 205701
-76.64 47.94 20130121 022215 20130220 022215
-106.73 45.37 20130330 103447 20130429 103447
-82.85 40.35 20130405 094259 20130505 094259
-103.06 51.18 20130307 032637 20130406 032637
-105.06 54.41 20130319 093355 20130418 093355
-109.71 42.85 20130118 034905 20130217 034905
-100.48 53.01 20130311 081443 20130410 081443
-104.71 36.64 20130208 144430 20130310 144430
-95.38 45.59 20130325 104345 20130424 104345
-98.06 48.37 20130408 091806 20130508 091806
-105.11 48.29 20130130 132105 20130301 132105
-103.11 48.2 20130115 020552 20130214 020552
-89.26 48.4 20130323 131804 20130422 131804
-88.15 45.51 20130529 192159 20130628 192159
-102.12 51.8 20130126 223253 20130225 223253
-99.69 44.11 20130124 045215 20130223 045215
-96.26 52.35 20130514 072102 20130613 072102
-106.09 49.31 20130220 083651 20130322 083651
-76.43 37.09 20130323 013632 20130422 013632
-93.82 43.24 20130216 092707 20130318 092707
-97.27 52.94 20130513 031019 20130612 031019
-110.57 48.74 20130410 190020 20130510 190020
-96.56 47.9 20130514 191651 20130613 191651
-89.07 45.73 20130601 060514 20130701 060514
-80.21 45.03 20130120 080413 20130219 080413
-79.03 46.48 20130501 070213 20130531 070213
-96.57 40.68 20130420 151625 20130520 151625
-80.9 36.4 20130314 175352 20130413 175352
-110.11 37.76 20130322 190128 20130421 190128
-84.88 46.62 20130510 215514 20130609 215514
-92.15 35.14 20130509 110305 20130608 110305
-110.51 45.62 20130414 110420 20130514 110420
-77.37 45.03 20130409 191212 20130509 191212
-87.51 37.71 20130218 083256 20130320 083256
-80.7 54.39 20130108 021253 20130207 021253
-97.62 46.94 20130313 231919 20130412 231919
-88.02 52.36 20130331 125501 20130430 125501
-83.61 40.68 20130410 005341 20130510 005341
-110.78 51.48 20130324 093633 20130423 093633
-81.66 45.55 20130123 165420 20130222 165420
-83.03 38.96 20130207 061203 20130309 061203
-90.09 54.54 20130523 095345 20130622 095345
-89.58 37.83 20130109 104504 20130208 104504
-77.63 51.71 20130507 014219 20130606 014219
-79.67 37.31 20130203 153931 20130305 153931
-85.92 48.65 20130202 054807 20130304 054807
-93.7 45.01 20130111 134953 20130210 134953
-81.03 47.84 20130508 005326 20130607 005326
-81.21 37.03 20130212 022101 20130314 022101
-81.37 53.57 20130214 100257 20130316 100257
-110.9 41.34 20130210 025110 20130312 025110
-76.68 46.35 20130321 113803 20130420 113803
-85.46 41.35 20130222 104839 20130324 104839
-96.35 49.96 20130328 162845 20130427 162845
-102.16 42.77 20130331 175511 20130430 175511
-80.59 43.9 20130325 022601 20130424 022601
-106.66 43.5 20130115 111304 20130214 111304
-105.47 53.48 20130520 020146 20130619 020146
-94.21 41.21 20130217 194028 20130319 194028
-99.8 51.08 20130109 021322 20130208 021322
-103.74 35.01 20130526 002023 20130625 002023
-103.66 37.36 20130124 204736 20130223 204736
-102.63 45.15 20130110 033549 20130209 033549
-109.61 37.67 20130527 201536 20130626 201536
-105.73 40.43 20130529 221025 20130628 221025
-95.54 50.31 20130420 022914 20130520 022914
-101.4 41.86 20130116 111417 20130215 111417
-89.78 45.94 20130330 051134 20130429 051134
-97.45 52.68 20130207 135746 20130309 135746
-109.82 42.43 20130425 063005 20130525 063005
-96.4 36.14 20130504 113739 20130603 113739
-76.61 48.81 20130108 201826 20130207 201826
-90.8 49.22 20130422 111800 20130522 111800
-86.36 37.24 20130416 015028 20130516 015028
-109.93 50.92 20130504 194421 20130603 194421
-85.55 53.54 20130128 025030 20130227 025030
-76.71 49.57 20130114 123813 20130213 123813
-76.09 48.03 20130409 235041 20130509 235041
-88.4 41.68 20130524 085128 20130623 085128
-76.28 44.66 20130507 131001 20130606 131001
-105.71 38.24 20130308 082225 20130407 082225
-80.02 39.77 20130216 102535 20130318 102535
-95.92 48.42 20130412 090647 20130512 090647
-83.1 52.79 20130215 203220 20130317 203220
-93.88 47.87 20130315 041403 20130414 041403
-107.69 45.99 20130303 044051 20130402 044051
-96.1 40.81 20130307 002850 20130406 002850
-76.16 38.52 20130308 223126 20130407 223126
-88.42 35.06 20130424 112559 20130524 112559
-77.7 45.62 20130419 012538 20130519 012538
-93.52 44.7 20130425 160131 20130525 160131
-94.35 44.72 20130106 091155 20130205 091155
-80.59 42.69 20130425 055053 20130525 055053
-97.08 42.77 20130524 221456 20130623 221456
-91.34 49.89 20130317 225724 20130416 225724
-84.47 49.56 20130217 082901 20130319 082901
-94.85 37.17 20130206 131936 20130308 131936
-80.96 46.82 20130407 104419 20130507 104419
-95.75 42.43 20130227 225913 20130329 225913
-79.76 50.07 20130205 120459 20130307 120459
-101.97 45.07 20130128 144615 20130227 144615
-102.37 46.82 20130501 180001 20130531 180001
-103.93 48.65 20130107 153505 20130206 153505
-106.93 35.78 20130518 174346 20130617 174346
-88.55 42.3 20130219 173013 20130321 173013
-76.76 52.63 20130318 170435 20130417 170435
-85.81 53.6 20130105 040641 20130204 040641
-93.94 39.42 20130217 025843 20130319 025843
-82.38 39.24 20130530 021635 20130629 021635
-99.42 37.91 20130403 090418 20130503 090418
-107.94 42.01 20130125 185449 20130224 185449
-109.52 48.16 20130314 051601 20130413 051601
-77.54 39.14 20130220 012349 20130322 012349
-102.92 51.19 20130506 104254 20130605 104254
-98.06 52.02 20130411 003532 20130511 003532
-79.37 43.71 20130108 075618 20130207 075618
-106.74 42.36 20130420 141141 20130520 141141
-78.79 39.85 20130130 194903 20130301 194903
-85.47 46.51 20130523 210045 20130622 210045
-104.64 51.09 20130325 024214 20130424 024214
-83.58 38.93 20130312 053954 20130411 053954
-105.07 42.24 20130127 103348 20130226 103348
-85.35 51.64 20130215 151542 20130317 151542
-104.47 45.03 20130523 180259 20130622 180259
-110.21 38.83 20130316 052424 20130415 052424
-91.95 40.78 20130529 220958 20130628 220958
-93.7 54.08 20130531 035346 20130630 035346
-77.29 36.26 20130123 040654 20130222 040654
-91.97 52.35 20130204 050529 20130306 050529
-98.85 51.63 20130106 214208 20130205 214208
-76.51 35.72 20130129 124538 20130228 124538
-87.17 36.4 20130317 033929 20130416 033929
-108.01 35.05 20130309 062308 20130408 062308
-97.46 50.71 20130312 083106 20130411 083106
-90.21 44.08 20130324 193522 20130423 193522
-80.63 35.44 20130116 211844 20130215 211844
-107.2 39.9 20130519 051143 20130618 051143
-77.02 45.07 20130514 144231 20130613 144231
-77.21 49.64 20130418 152716 20130518 152716
-77.47 54.21 20130502 025353 20130601 025353
-86.83 41.11 20130307 011330 20130406 011330
-109.8 37.05 20130226 112456 20130328 112456
-107.2 36.85 20130403 041649 20130503 041649
-100.32 49.95 20130423 002954 20130523 002954
-109.33 42.29 20130427 201537 20130527 201537
-94.6 51.02 20130417 020546 20130517 020546
-76.08 50.71 20130430 050443 20130530 050443
-108.74 48.59 20130328 040323 20130427 040323
-110.08 37.34 20130109 021215 20130208 021215
-87.37 45.71 20130422 134459 20130522 134459
-104.59 40.4 20130529 233914 20130628 233914
-78.4 52.52 20130416 173959 20130516 173959
-88.74 54.06 20130424 031919 20130524 031919
-79.36 53.93 20130224 113448 20130326 113448
-78.64 44.19 20130401 192952 20130501 192952
-101.79 38.5 20130430 230717 20130530 230717
-101.89 54.77 20130319 045457 20130418 045457
-104.04 46.04 20130129 031316 20130228 031316
-81.44 52.08 20130526 084653 20130625 084653
-108.74 51.62 20130323 100716 20130422 100716
-92.27 50.73 20130128 142806 20130227 142806
-79.12 41.97 20130518 093822 20130617 093822
-98.73 41.23 20130424 173827 20130524 173827
-88.58 45.62 20130213 161737 20130315 161737
-83.8 41.01 20130226 133021 20130328 133021
-110.45 42.23 20130113 105932 20130212 105932
-103.37 41.88 20130308 034750 20130407 034750
-96.21 52.88 20130405 114502 20130505 114502
-92.25 36.61 20130510 013045 20130609 013045
-106.08 42.77 20130111 110646 20130210 110646
-81.53 39.33 20130105 201539 20130204 201539
-100.48 51.86 20130118 042121 20130217 042121
-98.9 37.7 20130505 071023 20130604 071023
-98.91 43.9 20130317 173908 20130416 173908
-96.56 54.19 20130208 095012 20130310 095012
-79.95 38.36 20130515 223918 20130614 223918
-109.66 46.85 20130325 212401 20130424 212401
-91.55 48.98 20130122 021122 20130221 021122
-86.46 38.71 20130214 000651 20130316 000651
-96.88 42.95 20130401 032230 20130501 032230
-105.25 42.06 20130214 162133 20130316 162133
-84.84 37.07 20130206 014904 20130308 014904
-79.54 52.07 20130327 075625 20130426 075625
-108.77 52.64 20130313 172245 20130412 172245
-101.04 54.18 20130212 233324 20130314 233324
-95.56 36.96 20130528 201208 20130627 201208
-92.71 44.46 20130308 115549 20130407 115549
-108.64 44.38 20130429 220251 20130529 220251
-96.45 49.43 20130408 164003 20130508 164003
-77.69 42.33 20130429 154824 20130529 154824
-85.13 49.57 20130106 064321 20130205 064321
-103.25 49.64 20130320 083249 20130419 083249
-89.73 54.91 20130210 040515 20130312 040515
-83.4 44.7 20130511 123416 20130610 123416
-96.46 41.21 20130124 174615 20130223 174615
-83.23 51.01 20130209 212613 20130311 212613
-92.82 47.78 20130325 053005 20130424 053005
-94.51 42.96 20130108 154134 20130207 154134
-88.35 44.85 20130114 214807 20130213 214807
-106.54 44.3 20130216 220815 20130318 220815
-88.21 41.93 20130527 053133 20130626 053133
-101.52 53.51 20130427 080325 20130527 080325
-95.35 52.32 20130211 194314 20130313 194314
-96.18 42.45 20130325 211810 20130424 211810
-104.35 49.26 20130213 073355 20130315 073355
-107.67 40.32 20130504 063522 20130603 063522
-91.52 49.05 20130108 100220 20130207 100220
-97.94 54.15 20130226 082659 20130328 082659
-105.9 45.36 20130402 193637 20130502 193637
-84.57 46.14 20130321 111943 20130420 111943
-78.95 40.2 20130206 071935 20130308 071935
-87.9 51.89 20130506 172518 20130605 172518
-109.16 53.79 20130204 191210 20130306 191210
-76.98 39.17 20130308 120551 20130407 120551
-83.04 43.94 20130213 135907 20130315 135907
-108.78 37.05 20130403 014940 20130503 014940
-89.05 52.89 20130427 024624 20130527 024624
-85.69 39.92 20130208 062400 20130310 062400
-83.92 39.57 20130223 201530 20130325 201530
-99.72 46.96 20130320 151423 20130419 151423
-100.74 53.58 20130528 165459 20130627 165459
-105.6 49.77 20130121 115234 20130220 115234
-91.99 38.2 20130103 234702 20130202 234702
-107.73 49.97 20130216 024322 20130318 024322
-108.78 46.24 20130328 215843 20130427 215843
-106.85 43.45 20130414 113734 20130514 113734
