32.71 61.23 20110509 080013 20110608 080013
7.32 61.06 20110523 212914 20110622 212914
3.28 62.5 20110518 201311 20110617 201311
12.83 54.66 20110426 153740 20110526 153740
7.9 51.9 20110319 095114 20110418 095114
36.6 60.59 20110226 152343 20110328 152343
29.66 67.07 20110419 094926 20110519 094926
10.55 60.33 20110217 011549 20110319 011549
3.95 62.46 20110512 003229 20110611 003229
2.66 61.09 20110415 030149 20110515 030149
22.17 59.12 20110327 234924 20110426 234924
16.83 60.65 20110216 085340 20110318 085340
10.46 51.1 20110304 043902 20110403 043902
15.75 66.3 20110329 015652 20110428 015652
27.07 65.84 20110114 041012 20110213 041012
28.08 54.07 20110413 122112 20110513 122112
16.78 61.57 20110517 203548 20110616 203548
9.1 53.94 20110501 152722 20110531 152722
12.61 67 20110227 041503 20110329 041503
16.9 53.59 20110401 165924 20110501 165924
18.01 66.2 20110506 053016 20110605 053016
25.95 57.33 20110129 053129 20110228 053129
11.02 64.47 20110323 083731 20110422 083731
28.28 52.16 20110325 210032 20110424 210032
22.89 64.27 20110425 124522 20110525 124522
21.43 60.65 20110214 172238 20110316 172238
30.16 54.98 20110308 022213 20110407 022213
30.77 60.8 20110204 151550 20110306 151550
36.6 64.83 20110416 034443 20110516 034443
19.92 58.57 20110305 073052 20110404 073052
7.82 63.86 20110503 120733 20110602 120733
34.28 51.28 20110413 031753 20110513 031753
2.68 63.84 20110523 134621 20110622 134621
31.24 68.65 20110207 011712 20110309 011712
18.37 51.37 20110115 191105 20110214 191105
2.58 57.75 20110321 211357 20110420 211357
26.24 65.4 20110419 234231 20110519 234231
34.38 67 20110220 183735 20110322 183735
35.95 59.64 20110323 031345 20110422 031345
28.93 53.13 20110412 200125 20110512 200125
25.07 66.3 20110112 083505 20110211 083505
35.9 66.04 20110302 084318 20110401 084318
15.95 59.09 20110108 065315 20110207 065315
8.9 51.57 20110330 024713 20110429 024713
5.66 67.82 20110501 073759 20110531 073759
9.44 53.25 20110507 153149 20110606 153149
10.26 60.42 20110515 065831 20110614 065831
29.31 60.64 20110120 083108 20110219 083108
34.15 51.25 20110331 011232 20110430 011232
28.87 67.63 20110412 194741 20110512 194741
7.07 54.04 20110314 164556 20110413 164556
31.86 68.13 20110423 110444 20110523 110444
23.42 64.31 20110414 152717 20110514 152717
28.7 57.3 20110517 095437 20110616 095437
12.55 61.05 20110216 131236 20110318 131236
36.63 67.78 20110412 211946 20110512 211946
21.66 65.96 20110228 040521 20110330 040521
19.78 63.99 20110426 045217 20110526 045217
6.29 66.35 20110529 060452 20110628 060452
25.55 63.44 20110426 172807 20110526 172807
24.87 63.1 20110502 143027 20110601 143027
27.2 60.19 20110127 055040 20110226 055040
4.68 54.59 20110402 141609 20110502 141609
11.76 65.51 20110417 234300 20110517 234300
26.8 63.46 20110308 052204 20110407 052204
31.08 56.9 20110412 065748 20110512 065748
20.27 53.86 20110331 051426 20110430 051426
26.99 64.12 20110105 093246 20110204 093246
11.8 65.16 20110501 061215 20110531 061215
23.58 67.02 20110210 090251 20110312 090251
33.5 69.05 20110313 210448 20110412 210448
14.51 55.53 20110326 104612 20110425 104612
3.66 67.5 20110325 021349 20110424 021349
30.68 57.36 20110202 061817 20110304 061817
21.51 62 20110217 120626 20110319 120626
32.3 59.81 20110411 220036 20110511 220036
22.02 59.94 20110114 140931 20110213 140931
32.06 66.49 20110114 231014 20110213 231014
32.78 64.42 20110201 024542 20110303 024542
31.07 64.75 20110411 232515 20110511 232515
13.56 52.95 20110204 080152 20110306 080152
30.05 65.12 20110513 130757 20110612 130757
7.48 58.69 20110325 140639 20110424 140639
21.78 62.07 20110419 160604 20110519 160604
25.66 61.38 20110330 132324 20110429 132324
23.81 54.55 20110113 181042 20110212 181042
25.92 69.61 20110211 005258 20110313 005258
17.06 66.92 20110516 021328 20110615 021328
21.19 68.73 20110225 045655 20110327 045655
11.73 56.68 20110207 163928 20110309 163928
7.05 52.6 20110518 130732 20110617 130732
11.7 60.01 20110213 032347 20110315 032347
31.75 52.76 20110324 235132 20110423 235132
19.72 69.65 20110418 190839 20110518 190839
12.16 61.54 20110121 104434 20110220 104434
2.99 62.43 20110516 132914 20110615 132914
36.22 66.19 20110120 115144 20110219 115144
11.13 60.78 20110105 163429 20110204 163429
2.21 68.43 20110525 050011 20110624 050011
23.08 62.2 20110103 172249 20110202 172249
26.13 65.44 20110422 101509 20110522 101509
7.68 66.41 20110225 141811 20110327 141811
23.26 69.51 20110513 041407 20110612 041407
7.95 59.13 20110213 061344 20110315 061344
30.37 67.13 20110428 051314 20110528 051314
2.26 69.29 20110111 075245 20110210 075245
9.34 51.52 20110105 034451 20110204 034451
10.55 53.58 20110423 132109 20110523 132109
16.26 65.57 20110114 205716 20110213 205716
20.46 65.25 20110226 082940 20110328 082940
15.24 51.23 20110117 013922 20110216 013922
17.78 52.48 20110311 153454 20110410 153454
24.29 64.83 20110505 235219 20110604 235219
29.54 55.74 20110116 122655 20110215 122655
23.75 62.25 20110318 165519 20110417 165519
2.45 56.8 20110226 050816 20110328 050816
17.11 65.48 20110427 041926 20110527 041926
34.17 58.74 20110122 194839 20110221 194839
20.21 51.41 20110210 130213 20110312 130213
10.62 62.77 20110330 045018 20110429 045018
20.3 68.68 20110116 045627 20110215 045627
24.05 65.15 20110201 212310 20110303 212310
8.5 60.22 20110418 175211 20110518 175211
28.05 66.74 20110501 225522 20110531 225522
34.91 69.14 20110328 225220 20110427 225220
27.51 61.12 20110129 053840 20110228 053840
23.61 69.41 20110124 164921 20110223 164921
15.4 58.88 20110417 012751 20110517 012751
33.41 68.8 20110119 022545 20110218 022545
31.04 58.35 20110503 181210 20110602 181210
30.43 55.97 20110118 191717 20110217 191717
24.76 52.36 20110205 132004 20110307 132004
33.11 52.34 20110317 174029 20110416 174029
10.56 57.68 20110214 045753 20110316 045753
26.51 61.35 20110118 081034 20110217 081034
35.07 52.16 20110225 103206 20110327 103206
10.63 51.08 20110125 205320 20110224 205320
7.47 59.87 20110423 225525 20110523 225525
16.56 57.92 20110515 210735 20110614 210735
4.98 58.17 20110326 224824 20110425 224824
36.43 66.75 20110320 053403 20110419 053403
12.93 62.39 20110228 182838 20110330 182838
6.79 62.43 20110320 175248 20110419 175248
18.09 68.04 20110406 095740 20110506 095740
4.62 53.6 20110222 131734 20110324 131734
2.4 63.87 20110308 235625 20110407 235625
28.51 56.02 20110124 151134 20110223 151134
8.84 54.46 20110303 150156 20110402 150156
9 61.1 20110110 121706 20110209 121706
25.8 54.71 20110112 192835 20110211 192835
33.85 61.43 20110501 035151 20110531 035151
32.24 56.26 20110104 105913 20110203 105913
32.61 68.28 20110429 033016 20110529 033016
36.06 65.09 20110216 204307 20110318 204307
20.45 59.36 20110129 020316 20110228 020316
27.72 54.68 20110213 193005 20110315 193005
6.13 55.43 20110527 073016 20110626 073016
8.41 57.87 20110521 141347 20110620 141347
19.52 52.72 20110303 233717 20110402 233717
18.03 56.36 20110422 052700 20110522 052700
26.37 64.53 20110125 233518 20110224 233518
16.27 54.68 20110407 203825 20110507 203825
18.87 68.92 20110326 010904 20110425 010904
4.56 55.5 20110412 201300 20110512 201300
13.01 63.12 20110428 121104 20110528 121104
2.36 65.85 20110128 043409 20110227 043409
32.99 53.93 20110307 052507 20110406 052507
7.31 63.45 20110302 171450 20110401 171450
6.92 57.98 20110218 190525 20110320 190525
7.74 68.11 20110526 093954 20110625 093954
31.6 64.88 20110526 103757 20110625 103757
21.38 69.28 20110107 231314 20110206 231314
32.13 63.1 20110529 034943 20110628 034943
30.73 54.3 20110211 080833 20110313 080833
5.88 52.05 20110428 062808 20110528 062808
7.23 66.35 20110420 130652 20110520 130652
3.19 59.35 20110307 180819 20110406 180819
15.26 66.69 20110404 165114 20110504 165114
33.6 63.48 20110428 195042 20110528 195042
14.78 51.61 20110204 003220 20110306 003220
6.3 58.88 20110315 101915 20110414 101915
35.36 53.62 20110302 142856 20110401 142856
29.65 53.49 20110320 080035 20110419 080035
14.17 57.38 20110427 145919 20110527 145919
36.63 67.96 20110414 005909 20110514 005909
5.29 55.63 20110311 101553 20110410 101553
14.87 52.06 20110307 063001 20110406 063001
25.53 61.97 20110504 202037 20110603 202037
14.53 60.87 20110414 020822 20110514 020822
15.18 64.71 20110530 181306 20110629 181306
17.13 54.33 20110203 204351 20110305 204351
35.13 53.56 20110511 214943 20110610 214943
13.89 57.29 20110511 040530 20110610 040530
21.96 65.71 20110128 042610 20110227 042610
15.87 51.97 20110318 071323 20110417 071323
13.48 57.71 20110530 051008 20110629 051008
10.83 56.54 20110111 042055 20110210 042055
25.26 65.22 20110410 015218 20110510 015218
34.48 57.29 20110219 090119 20110321 090119
30.14 51.29 20110421 095853 20110521 095853
15.29 65.3 20110110 125512 20110209 125512
18.97 55.88 20110511 033729 20110610 033729
7.73 53.49 20110408 112803 20110508 112803
9.72 51.65 20110404 171432 20110504 171432
32.03 65.3 20110409 101944 20110509 101944
6.62 63.75 20110521 230228 20110620 230228
36.49 52.76 20110513 044528 20110612 044528
28.53 64.56 20110112 094556 20110211 094556
3.36 61.45 20110122 211100 20110221 211100
4.96 53.41 20110410 105354 20110510 105354
7.73 61.5 20110225 112631 20110327 112631
36.88 67.9 20110428 015402 20110528 015402
10.88 66.16 20110217 145437 20110319 145437
10.34 53.48 20110219 172631 20110321 172631
28.73 62.69 20110218 092934 20110320 092934
10.2 54.12 20110308 014051 20110407 014051
22.43 67.63 20110213 015529 20110315 015529
12.9 59.39 20110601 041847 20110701 041847
7.96 59.99 20110330 083713 20110429 083713
22.13 53.52 20110224 130303 20110326 130303
20.95 66.54 20110222 032623 20110324 032623
7.23 52.69 20110225 031136 20110327 031136
23.88 63.37 20110213 142552 20110315 142552
19.1 51.93 20110505 114128 20110604 114128
16.69 53.11 20110529 115642 20110628 115642
2.39 57.57 20110416 024605 20110516 024605
6.1 52.92 20110131 151928 20110302 151928
18 53.27 20110509 143553 20110608 143553
30.38 67.45 20110520 063014 20110619 063014
32.55 69.22 20110502 110820 20110601 110820
16.28 54.83 20110407 134807 20110507 134807
10.04 59.67 20110221 052217 20110323 052217
21.76 54.94 20110227 042930 20110329 042930
29.21 69.24 20110125 123446 20110224 123446
28.86 60.74 20110522 092938 20110621 092938
6.92 61.58 20110116 235605 20110215 235605
16.43 54.8 20110105 165047 20110204 165047
22.43 58.33 20110526 023502 20110625 023502
31.21 52.36 20110418 015426 20110518 015426
11.02 65.19 20110225 154218 20110327 154218
32.61 53.31 20110328 044515 20110427 044515
6.21 60.67 20110408 083628 20110508 083628
18.39 54.52 20110312 005428 20110411 005428
5.61 56.11 20110206 003052 20110308 003052
6.91 60.44 20110412 175822 20110512 175822
14.11 53.8 20110527 035901 20110626 035901
34.52 69.7 20110509 093901 20110608 093901
11.15 69.59 20110504 000939 20110603 000939
9.68 58.66 20110122 035945 20110221 035945
14.61 62.35 20110416 095417 20110516 095417
25.18 61.5 20110224 101333 20110326 101333
13.79 59.64 20110120 200454 20110219 200454
30.84 62.2 20110302 072733 20110401 072733
8.79 52.81 20110331 113047 20110430 113047
34.98 64.82 20110523 085903 20110622 085903
30.33 68.48 20110501 071538 20110531 071538
16.75 53.86 20110111 025319 20110210 025319
22.92 67.58 20110220 001513 20110322 001513
34.96 59.84 20110324 193930 20110423 193930
12.1 63.15 20110328 001137 20110427 001137
23.43 69.59 20110304 055626 20110403 055626
12.81 55.19 20110411 162126 20110511 162126
34.54 56.59 20110330 101056 20110429 101056
35.17 65.7 20110331 140437 20110430 140437
26.75 61.08 20110210 191439 20110312 191439
35.12 61.9 20110117 164513 20110216 164513
36.33 68.61 20110422 163337 20110522 163337
4.54 52.62 20110221 192317 20110323 192317
7.82 52.18 20110402 124824 20110502 124824
16.65 66.53 20110313 005957 20110412 005957
12.8 51.99 20110221 040633 20110323 040633
17.06 57.95 20110322 203515 20110421 203515
34.29 65.1 20110520 163455 20110619 163455
3.6 68.92 20110506 173951 20110605 173951
16.01 55.8 20110413 181352 20110513 181352
19.96 57.01 20110413 192538 20110513 192538
15.65 55.25 20110121 024506 20110220 024506
31.06 52.49 20110427 194204 20110527 194204
14.43 54.42 20110226 003126 20110328 003126
14.88 63.53 20110407 030026 20110507 030026
11.45 68.41 20110326 024552 20110425 024552
2.92 64.79 20110120 050009 20110219 050009
24.65 66.95 20110430 082931 20110530 082931
12.15 67.52 20110511 211927 20110610 211927
26.04 59.17 20110327 232949 20110426 232949
36.4 65.82 20110127 054711 20110226 054711
35.22 55.9 20110422 123245 20110522 123245
9.63 65.39 20110109 190401 20110208 190401
26.64 51.44 20110302 091341 20110401 091341
16.6 60.83 20110125 233250 20110224 233250
4.84 62.98 20110319 023048 20110418 023048
14.88 54.1 20110320 010248 20110419 010248
3.49 69.78 20110527 035158 20110626 035158
32.92 60.69 20110321 102910 20110420 102910
31.65 51.88 20110217 061827 20110319 061827
34.92 62.41 20110418 050652 20110518 050652
20.47 64.03 20110511 165621 20110610 165621
18.27 68.64 20110507 110132 20110606 110132
34.09 54.6 20110425 180557 20110525 180557
12.98 63.52 20110122 113243 20110221 113243
27.56 58.03 20110105 103210 20110204 103210
7.1 64.42 20110510 041759 20110609 041759
28.45 68.8 20110224 152240 20110326 152240
21.52 69.38 20110430 145245 20110530 145245
7.49 54.09 20110519 035917 20110618 035917
17.77 62.37 20110323 190936 20110422 190936
26.48 57.38 20110325 141956 20110424 141956
28.08 55.96 20110519 043737 20110618 043737
25.54 54.53 20110123 183001 20110222 183001
3.17 65.32 20110127 181928 20110226 181928
31.67 64.05 20110119 115207 20110218 115207
35.27 57.02 20110118 010848 20110217 010848
18.38 57.26 20110128 061636 20110227 061636
31.12 55 20110325 041408 20110424 041408
5.86 62.28 20110125 140538 20110224 140538
36.47 51.69 20110205 001856 20110307 001856
3.04 57.64 20110110 124617 20110209 124617
20.6 52.84 20110420 082154 20110520 082154
34.89 69.78 20110210 031155 20110312 031155
36.03 51.77 20110508 213817 20110607 213817
5.2 51.96 20110321 185749 20110420 185749
26.53 64.89 20110304 155159 20110403 155159
12.75 59.21 20110126 181540 20110225 181540
33.32 68.13 20110328 090217 20110427 090217
22.23 65.08 20110518 123443 20110617 123443
5.4 56.45 20110122 183218 20110221 183218
36.36 61.25 20110308 173422 20110407 173422
36.27 66.27 20110105 190338 20110204 190338
5.51 61.88 20110423 025255 20110523 025255
13.53 56.02 20110307 085942 20110406 085942
8.91 69.31 20110506 024810 20110605 024810
5.72 54.17 20110107 053229 20110206 053229
8.07 63.03 20110128 221941 20110227 221941
33.75 60.23 20110405 095742 20110505 095742
20.69 68.63 20110501 161740 20110531 161740
30.9 53.4 20110427 192320 20110527 192320
24.28 52.25 20110321 062041 20110420 062041
15.37 61.75 20110122 120722 20110221 120722
16.69 52.15 20110214 114125 20110316 114125
27.4 55.48 20110309 160339 20110408 160339
31.76 51.45 20110311 140209 20110410 140209
11.8 63.85 20110119 150111 20110218 150111
24.23 60.68 20110330 204821 20110429 204821
21.16 69.61 20110301 202108 20110331 202108
11.02 56.29 20110310 042500 20110409 042500
9.38 53.88 20110217 160603 20110319 160603
30.06 68.38 20110201 230453 20110303 230453
29.28 64.46 20110203 003202 20110305 003202
10.38 68.39 20110325 132127 20110424 132127
21.73 56.96 20110109 124357 20110208 124357
9.44 52.82 20110211 224651 20110313 224651
12.85 56.91 20110527 230503 20110626 230503
7.21 51.77 20110320 220656 20110419 220656
21.54 57.31 20110424 231941 20110524 231941
34.25 67.04 20110203 155134 20110305 155134
22.85 63.93 20110505 070942 20110604 070942
12.94 62.42 20110405 073306 20110505 073306
