-4.55 51.5 20141104 052126 20141204 052126
21.2 46.41 20141027 150201 20141126 150201
4 55.64 20141106 054109 20141206 054109
-8.88 52.64 20141004 191619 20141103 191619
0.5 56.95 20140814 032429 20140913 032429
3.06 50.24 20141020 002750 20141119 002750
22.13 46.57 20140821 065200 20140920 065200
-0.96 48.34 20141003 171152 20141102 171152
15.97 47.52 20140821 205113 20140920 205113
7.8 41.29 20140922 183602 20141022 183602
4.76 42.36 20141026 053559 20141125 053559
23.51 41.4 20141101 032759 20141201 032759
12.76 45.65 20141116 141338 20141216 141338
-3.84 42.38 20141010 232127 20141109 232127
-5.97 52.25 20140922 115415 20141022 115415
17.51 54.69 20140930 004913 20141030 004913
15 51.01 20141017 024820 20141116 024820
0.36 49.81 20140906 153802 20141006 153802
-1.82 44.56 20140909 121929 20141009 121929
18.25 41.21 20141114 114727 20141214 114727
3.21 50.91 20141005 185212 20141104 185212
25.6 44.95 20141117 113020 20141217 113020
-7.7 53.3 20140930 225724 20141030 225724
8.67 43.74 20140912 005732 20141012 005732
14.41 48.37 20140919 204249 20141019 204249
-2.51 58.12 20141122 090904 20141222 090904
12.51 41.15 20140926 203120 20141026 203120
4.97 44.06 20141009 160334 20141108 160334
-3.96 51.45 20141114 011937 20141214 011937
-7.57 57.08 20140917 114638 20141017 114638
9.97 58.78 20141029 103123 20141128 103123
18.38 52.39 20140808 194652 20140907 194652
-7.98 51.88 20141029 194339 20141128 194339
20.34 43.91 20141110 231703 20141210 231703
17.31 58.2 20140921 014103 20141021 014103
24.99 56.29 20140915 115458 20141015 115458
5.07 47.16 20141012 182631 20141111 182631
6.03 56.62 20141120 150823 20141220 150823
-4.35 58.88 20141007 174308 20141106 174308
24.46 59.5 20141007 022238 20141106 022238
25.63 58.66 20141015 120046 20141114 120046
11.64 41.23 20141011 052153 20141110 052153
21.38 46.46 20141030 091123 20141129 091123
24.3 55.6 20140805 182118 20140904 182118
9.7 45.98 20141027 211838 20141126 211838
8.49 56.06 20140809 130144 20140908 130144
24.89 58.25 20141120 131627 20141220 131627
3.33 49.18 20141028 002435 20141127 002435
1.42 47.74 20140809 074636 20140908 074636
3.96 58.58 20140820 215738 20140919 215738
-3.05 47.87 20141129 113900 20141229 113900
15.91 55.57 20141120 135324 20141220 135324
3.82 42.31 20141002 110924 20141101 110924
5.3 48.14 20140927 113405 20141027 113405
10.32 50.37 20140905 065441 20141005 065441
8.41 46.64 20141027 200300 20141126 200300
6.88 41.76 20141021 113132 20141120 113132
8.25 49.1 20141005 171509 20141104 171509
10.49 54.42 20141007 130457 20141106 130457
-7.64 58.2 20141128 185535 20141228 185535
-0.35 48.46 20141004 080923 20141103 080923
19.76 42.49 20141111 221120 20141211 221120
8.17 43.44 20141010 194140 20141109 194140
9.02 44.49 20141014 005849 20141113 005849
7.56 58.7 20141017 150630 20141116 150630
25.04 56.19 20141025 235636 20141124 235636
8.7 46.51 20141027 100414 20141126 100414
-4.86 55.08 20141005 102642 20141104 102642
-2.53 50.85 20141018 204157 20141117 204157
20.71 44.25 20140822 233557 20140921 233557
-0.82 52.27 20141122 203259 20141222 203259
12.84 43.71 20141104 014221 20141204 014221
9.76 58.43 20140918 141141 20141018 141141
-0.67 45.99 20140825 221252 20140924 221252
-6.29 52 20140809 032904 20140908 032904
17.38 45.63 20141129 071806 20141229 071806
23.99 46.1 20140906 225707 20141006 225707
-5.26 55.16 20141112 211629 20141212 211629
19.29 59.71 20140808 214004 20140907 214004
25.4 45.19 20140824 034024 20140923 034024
11.48 48.12 20141115 000516 20141215 000516
-1.42 59.74 20140930 150929 20141030 150929
-1.17 52.16 20140815 143832 20140914 143832
23.48 50.22 20140917 012435 20141017 012435
0.59 47.81 20140827 112238 20140926 112238
-2.22 50.63 20141112 221804 20141212 221804
4.45 53.42 20141025 140505 20141124 140505
15.53 45.52 20141126 190347 20141226 190347
20.3 53.68 20140812 022819 20140911 022819
7.3 48.48 20141121 050222 20141221 050222
-6.66 41.57 20140817 103501 20140916 103501
-5.06 57.22 20140810 021152 20140909 021152
12.62 41.32 20140915 071923 20141015 071923
-4.32 55.8 20141025 172303 20141124 172303
11.81 54.8 20140906 213739 20141006 213739
6.41 44.61 20140902 151437 20141002 151437
25.93 48.88 20141114 215516 20141214 215516
3.64 44.91 20141017 201633 20141116 201633
3 54.29 20140823 025137 20140922 025137
-2.88 47.21 20140919 044606 20141019 044606
14.94 48.66 20140811 083150 20140910 083150
-0.59 52.86 20141109 154607 20141209 154607
-5.72 53.54 20141022 224110 20141121 224110
17.17 52.91 20141107 004516 20141207 004516
2.37 52.92 20141001 174046 20141031 174046
-1.14 57.49 20141122 100206 20141222 100206
14.12 55.43 20141121 005901 20141221 005901
5.04 54.55 20141018 123821 20141117 123821
-0.99 41.39 20141022 050926 20141121 050926
15.27 58.2 20141009 232636 20141108 232636
-8.59 46.82 20140917 000020 20141017 000020
7.13 42.6 20140818 015403 20140917 015403
17.5 42.19 20140906 000718 20141006 000718
25.3 43.87 20141011 214731 20141110 214731
-0.65 54.18 20141103 065628 20141203 065628
19.18 42.81 20140923 022546 20141023 022546
21.75 52.31 20140929 011158 20141029 011158
9.85 57.19 20141113 013744 20141213 013744
16.5 43.37 20141119 235350 20141219 235350
20.58 47.47 20140918 225201 20141018 225201
6.63 55.54 20141101 010108 20141201 010108
11.3 56.65 20141002 195716 20141101 195716
13.03 54.89 20141019 174508 20141118 174508
-3.46 56.48 20141006 010508 20141105 010508
25.29 44.83 20140922 193248 20141022 193248
22.52 48.8 20141016 134322 20141115 134322
-6.63 54.33 20141130 215451 20141230 215451
22.78 45.09 20140820 150821 20140919 150821
-0.75 55.41 20141113 043226 20141213 043226
-0.55 53.81 20140810 042205 20140909 042205
2.93 57.87 20141106 100856 20141206 100856
18.04 46.63 20141022 185301 20141121 185301
7.5 55.6 20141003 003955 20141102 003955
-0.8 53.91 20140810 100030 20140909 100030
21.87 56.95 20141130 003406 20141230 003406
19.23 44.82 20140808 074422 20140907 074422
25.61 57.85 20140805 202516 20140904 202516
8.69 54.88 20141026 031653 20141125 031653
22.33 47.97 20141006 001523 20141105 001523
7.38 56.33 20140814 195413 20140913 195413
-1.66 52.66 20140826 224147 20140925 224147
25.85 51.59 20140815 224228 20140914 224228
-4.85 48.1 20140818 233204 20140917 233204
-3.86 51.17 20140913 132445 20141013 132445
13.53 50.94 20141110 101547 20141210 101547
4.76 52.46 20141117 220715 20141217 220715
11.73 44.19 20140914 185737 20141014 185737
6.73 51.16 20141001 015940 20141031 015940
17.15 49.6 20140815 043605 20140914 043605
-7.18 45.61 20140816 153316 20140915 153316
-5.97 52.69 20141012 035722 20141111 035722
-8.76 50.5 20141108 135954 20141208 135954
-7.97 51.35 20141023 145153 20141122 145153
16.77 51.12 20141013 022706 20141112 022706
3.81 44.47 20140818 051041 20140917 051041
8.03 49.48 20140901 225043 20141001 225043
19.68 41.58 20141029 142859 20141128 142859
8.33 42.42 20140911 030626 20141011 030626
1.42 59.25 20141004 115351 20141103 115351
-1.37 47.36 20140811 205641 20140910 205641
0.4 49.3 20141111 082448 20141211 082448
2.78 47.98 20140820 120851 20140919 120851
-7.1 59.62 20141126 154216 20141226 154216
-4.24 55.72 20140809 185033 20140908 185033
13.95 55.12 20141105 202328 20141205 202328
-3.63 54.01 20140804 073906 20140903 073906
-7.05 45.86 20141107 085641 20141207 085641
23.82 47.47 20141111 010930 20141211 010930
-5.33 54.87 20141111 153206 20141211 153206
19.29 56.2 20140920 073258 20141020 073258
-3.42 49.44 20140919 115029 20141019 115029
19.36 41.78 20141027 174202 20141126 174202
21.84 55.29 20140825 020452 20140924 020452
-3.01 44.36 20140817 080246 20140916 080246
12.54 49.42 20141110 214905 20141210 214905
-2.36 45.42 20140807 073829 20140906 073829
2.39 46.6 20141028 170105 20141127 170105
-1.33 58.27 20141011 071909 20141110 071909
9.26 54.21 20141005 095320 20141104 095320
14.17 45.67 20140920 030601 20141020 030601
8.66 58.26 20141027 082928 20141126 082928
4.79 56.68 20141031 034250 20141130 034250
19.47 58.9 20140828 194216 20140927 194216
-0.4 42.47 20141127 074131 20141227 074131
-8.41 56.45 20140816 144820 20140915 144820
21.95 51.8 20140926 011400 20141026 011400
-6.61 55.3 20140814 110335 20140913 110335
2.7 49.9 20141028 212625 20141127 212625
15.45 43.29 20141015 162725 20141114 162725
23.89 50.63 20140818 074014 20140917 074014
-5.72 49.44 20140808 060549 20140907 060549
4.65 59.58 20141108 165707 20141208 165707
15.98 45.62 20141118 225055 20141218 225055
16.49 58.56 20141015 142335 20141114 142335
5.02 58.13 20140830 201830 20140929 201830
6.74 42.12 20141016 235355 20141115 235355
-7.43 43.19 20141025 003337 20141124 003337
-0.35 52.91 20141129 171711 20141229 171711
-6.61 49.58 20141022 015539 20141121 015539
8.4 44.52 20141030 222136 20141129 222136
1.79 53.48 20140912 210510 20141012 210510
6.84 58.79 20140806 204748 20140905 204748
12.12 50.65 20141008 105254 20141107 105254
0.42 43.02 20140902 014225 20141002 014225
-8.95 47.51 20141025 124504 20141124 124504
-1.03 55.81 20140920 192012 20141020 192012
23.28 48.86 20140906 013233 20141006 013233
4.84 54.02 20140830 001445 20140929 001445
-8.12 43.64 20140904 081320 20141004 081320
23.92 58.47 20141123 082923 20141223 082923
1.44 53.88 20141006 100744 20141105 100744
24.69 56.32 20141023 115432 20141122 115432
-3.75 47.5 20140904 102351 20141004 102351
-1.89 43.08 20140824 042315 20140923 042315
24.56 58.5 20141101 012131 20141201 012131
-2.26 57.4 20141001 092832 20141031 092832
16.03 47.17 20140914 133809 20141014 133809
-7.84 57.26 20141001 174041 20141031 174041
10.88 41.66 20140826 204714 20140925 204714
-7.28 41.14 20140925 082147 20141025 082147
0.35 47.81 20141128 064745 20141228 064745
13.67 42.53 20140927 025040 20141027 025040
23.25 58.23 20141020 165947 20141119 165947
24.79 44.57 20140805 213501 20140904 213501
16.45 48.5 20140923 122805 20141023 122805
-1.81 52.52 20140825 103045 20140924 103045
-3.64 55.37 20141102 092700 20141202 092700
-8.77 49.66 20140919 223754 20141019 223754
2.51 54.3 20140905 072015 20141005 072015
24.15 57.27 20140826 041355 20140925 041355
-5.99 47.49 20141116 170153 20141216 170153
-5.28 58.11 20141013 151426 20141112 151426
21.36 47.12 20141026 031500 20141125 031500
9.76 53.39 20140817 000601 20140916 000601
0.69 53.27 20140824 085242 20140923 085242
0.07 58.75 20140930 020743 20141030 020743
9.61 57.42 20141122 012300 20141222 012300
6.37 44.84 20140910 104713 20141010 104713
17.24 56.01 20141010 063309 20141109 063309
12.83 41.41 20140908 222618 20141008 222618
13.12 58.03 20140911 225742 20141011 225742
16.17 42.74 20140829 201035 20140928 201035
20.5 45.46 20141021 005449 20141120 005449
12.1 52.73 20141019 201115 20141118 201115
14.73 55.78 20140910 184338 20141010 184338
5.38 57.66 20140912 003422 20141012 003422
2.43 44.16 20141028 232027 20141127 232027
-5.18 59.12 20140816 031922 20140915 031922
-7.76 47.05 20140829 033058 20140928 033058
4.25 56.47 20140805 052223 20140904 052223
-6.22 41.96 20140919 121747 20141019 121747
-0.37 49.57 20141030 162949 20141129 162949
-7.6 45.3 20140907 004117 20141007 004117
1.04 47.35 20141112 002914 20141212 002914
-2.79 44.64 20140814 233218 20140913 233218
20.94 54.36 20140909 043501 20141009 043501
-6.28 45.02 20140901 132359 20141001 132359
20.26 57.68 20141016 081524 20141115 081524
-5.57 59.27 20140817 192902 20140916 192902
4.73 51.53 20140826 070109 20140925 070109
-7.59 59.29 20141014 054524 20141113 054524
22.5 54.36 20140823 172120 20140922 172120
21.9 58.32 20141104 125844 20141204 125844
-6.69 50.74 20140814 100522 20140913 100522
4.38 42.15 20141105 192446 20141205 192446
14.19 57.74 20141124 141632 20141224 141632
8.55 59.15 20140819 141018 20140918 141018
-5.91 59.48 20140925 200125 20141025 200125
24.18 58.06 20141118 025915 20141218 025915
13.97 59.71 20141026 061305 20141125 061305
25.39 54.21 20141110 175547 20141210 175547
22.78 51.42 20140918 171430 20141018 171430
22.28 51.77 20140805 074215 20140904 074215
20.51 46.66 20141030 013220 20141129 013220
-4.23 44.77 20141104 224239 20141204 224239
19.18 42.87 20140911 154502 20141011 154502
8.59 54.9 20141021 005957 20141120 005957
12.17 54.04 20140806 122602 20140905 122602
22.7 50.53 20140930 105246 20141030 105246
6.44 46.92 20141001 230041 20141031 230041
17.41 58.97 20140919 122944 20141019 122944
16.73 54.35 20140811 182812 20140910 182812
24.61 52.34 20141120 002732 20141220 002732
-2.16 51.12 20140829 035349 20140928 035349
21.79 51.04 20141008 071945 20141107 071945
5.93 50.12 20140924 074405 20141024 074405
7.22 56.23 20140916 055704 20141016 055704
2.91 47.37 20140823 031312 20140922 031312
-3.66 54.7 20141009 110639 20141108 110639
25.48 53.42 20140826 190730 20140925 190730
-3.29 58.62 20140906 225219 20141006 225219
-7.22 45.64 20141029 203002 20141128 203002
-3.8 52.21 20141005 231047 20141104 231047
24.78 54.9 20141114 125256 20141214 125256
14.07 52.69 20141006 113323 20141105 113323
14.77 48.19 20141020 055832 20141119 055832
-3.91 50.07 20141012 025730 20141111 025730
20.97 59.87 20141015 182455 20141114 182455
9.19 44.62 20140819 135409 20140918 135409
-8.21 58.62 20141015 030123 20141114 030123
25.89 48.58 20141115 160725 20141215 160725
11.05 44.24 20141010 044514 20141109 044514
24.23 48.9 20140929 055025 20141029 055025
7.81 43.05 20140821 072847 20140920 072847
15.45 43.72 20141129 231308 20141229 231308
-8.65 57.51 20141001 201711 20141031 201711
18.27 51.32 20141028 222338 20141127 222338
10.16 49.92 20140928 050355 20141028 050355
1.18 41.34 20141108 121432 20141208 121432
-2.67 45.86 20140804 093025 20140903 093025
-0.81 59.09 20140809 050732 20140908 050732
25.9 58.23 20140810 212134 20140909 212134
14.81 59.81 20141019 024349 20141118 024349
11.21 42.42 20140904 050914 20141004 050914
6.02 54.55 20141113 084807 20141213 084807
-8.34 44.49 20140916 113815 20141016 113815
15.14 58.6 20140822 093333 20140921 093333
2.96 45.13 20141120 192254 20141220 192254
24.86 44.91 20141007 201325 20141106 201325
9.17 53.34 20141005 071227 20141104 071227
18.04 55.6 20140831 103410 20140930 103410
-7.15 52.37 20140925 182055 20141025 182055
18.56 48.33 20141114 194608 20141214 194608
25.96 59.77 20141005 170612 20141104 170612
-3.71 41.91 20140922 154022 20141022 154022
23.77 58.45 20140929 201539 20141029 201539
-1.77 44.93 20141127 001527 20141227 001527
22.7 49.25 20141024 191615 20141123 191615
0.36 44.74 20140824 145319 20140923 145319
4.84 48.41 20140821 225947 20140920 225947
19.5 52.1 20141015 155120 20141114 155120
-7.47 43.09 20140916 071954 20141016 071954
18.44 44.8 20140820 215422 20140919 215422
13.38 50.63 20141130 065116 20141230 065116
10.13 56.38 20140926 214522 20141026 214522
3.88 48.81 20141115 144442 20141215 144442
11.13 56.45 20140807 111852 20140906 111852
0.34 53.4 20140815 063146 20140914 063146
11.95 47.2 20140925 204310 20141025 204310
24.93 44.02 20140803 235925 20140902 235925
23.75 44.57 20140923 133639 20141023 133639
1.37 48.79 20141005 090710 20141104 090710
7.06 41.01 20140821 161210 20140920 161210
13.6 55.75 20140908 034648 20141008 034648
12.51 47.97 20140906 174609 20141006 174609
9.38 54.27 20141102 053809 20141202 053809
19.45 53.36 20141110 215142 20141210 215142
16.94 57.03 20141011 131815 20141110 131815
16.77 44.45 20141117 042522 20141217 042522
15.14 58.38 20141006 074424 20141105 074424
7.85 54.87 20141119 051342 20141219 051342
13.87 49.35 20141011 150334 20141110 150334
-6.54 48.98 20141029 134157 20141128 134157
11.82 50.6 20141021 201023 20141120 201023
10.6 46.55 20140901 064658 20141001 064658
12.8 45.59 20141107 065736 20141207 065736
11.87 57.09 20141007 153405 20141106 153405
