-109.16 49.9 20130501 053155 20130531 053155
-88.72 49.2 20130223 023143 20130325 023143
-92.83 39.96 20130401 064743 20130501 064743
-93.26 37.29 20130525 135842 20130624 135842
-82.3 51.32 20130501 032131 20130531 032131
-92.73 37.42 20130520 230307 20130619 230307
-85.19 44.11 20130121 213108 20130220 213108
-105.57 39.11 20130203 044924 20130305 044924
-85.24 52.26 20130427 112812 20130527 112812
-92.81 51.78 20130326 201234 20130425 201234
-98.7 37.76 20130519 101013 20130618 101013
-84.33 41.81 20130407 170254 20130507 170254
-79.86 50.94 20130209 161540 20130311 161540
-88.09 37.42 20130521 102247 20130620 102247
-94.71 44.29 20130418 160130 20130518 160130
-80.38 40.52 20130510 005229 20130609 005229
-97.84 51.4 20130414 193552 20130514 193552
-99.59 35.31 20130503 175203 20130602 175203
-101.3 41.26 20130307 062253 20130406 062253
-80.85 38.3 20130207 092511 20130309 092511
-87.28 35.35 20130109 125704 20130208 125704
-103 42.3 20130228 113747 20130330 113747
-82.39 49.45 20130508 192858 20130607 192858
-91.25 37.69 20130529 020749 20130628 020749
-86.56 51.23 20130320 235216 20130419 235216
-106.16 37.99 20130411 055952 20130511 055952
-93.8 46.7 20130316 123253 20130415 123253
-99.02 41.38 20130326 124828 20130425 124828
-107.2 43.26 20130410 172522 20130510 172522
-81.04 53.1 20130405 080414 20130505 080414
-96.05 43.75 20130126 034449 20130225 034449
-76.27 52.51 20130108 190458 20130207 190458
-92.75 41.28 20130111 013252 20130210 013252
-96.21 54.01 20130504 024428 20130603 024428
-78.17 49.32 20130422 093411 20130522 093411
-78.68 42.51 20130209 212024 20130311 212024
-97.26 43.44 20130222 122033 20130324 122033
-81.33 52.59 20130117 125847 20130216 125847
-102.59 40.32 20130503 110701 20130602 110701
-84.32 38.05 20130509 120020 20130608 120020
-93.61 49.41 20130115 175116 20130214 175116
-92.7 48.09 20130420 151115 20130520 151115
-91.82 46.34 20130318 015541 20130417 015541
-90.17 39.46 20130526 134611 20130625 134611
-105.27 41.77 20130318 235113 20130417 235113
-100.31 37.35 20130214 030620 20130316 030620
-108.94 46.25 20130219 050532 20130321 050532
-94.13 39.77 20130125 153457 20130224 153457
-109.53 49.28 20130126 202635 20130225 202635
-107.93 50.1 20130219 174338 20130321 174338
-105.28 39.03 20130401 184507 20130501 184507
-78.25 47.45 20130221 100002 20130323 100002
-100.28 46.26 20130108 185329 20130207 185329
-93.52 39.63 20130116 035408 20130215 035408
-82.77 39.22 20130524 022141 20130623 022141
-104.17 46.65 20130112 062605 20130211 062605
-83.98 45.97 20130502 182614 20130601 182614
-101.37 40.57 20130415 022450 20130515 022450
-106.82 39.12 20130201 012959 20130303 012959
-95.21 39.33 20130309 034615 20130408 034615
-87.82 42.36 20130409 003641 20130509 003641
-103.04 44.16 20130409 045617 20130509 045617
-76.09 37 20130508 050328 20130607 050328
-91.79 44.53 20130204 183802 20130306 183802
-107.54 46.66 20130116 020247 20130215 020247
-100.23 47.2 20130312 175158 20130411 175158
-90.45 43.19 20130412 142332 20130512 142332
-79.37 46.1 20130113 141456 20130212 141456
-95.51 44.25 20130211 192611 20130313 192611
-108.37 36.68 20130424 132250 20130524 132250
-79.16 49.44 20130114 102004 20130213 102004
-103.88 36.46 20130103 193456 20130202 193456
-110.32 48.82 20130416 165457 20130516 165457
-81.42 43.84 20130515 132739 20130614 132739
-89.5 45.1 20130121 020354 20130220 020354
-100.22 42.14 20130316 221401 20130415 221401
-78.94 44.03 20130511 071233 20130610 071233
-111 51.66 20130224 050149 20130326 050149
-106.46 47.52 20130125 094717 20130224 094717
-76.51 44.4 20130521 163154 20130620 163154
-87.2 37.21 20130313 122947 20130412 122947
-107.88 51.95 20130220 003650 20130322 003650
-86.15 45.06 20130126 152326 20130225 152326
-87.66 48.7 20130312 031855 20130411 031855
-101.85 49.55 20130105 012907 20130204 012907
-100.99 41.54 20130220 015942 20130322 015942
-100.74 37.24 20130503 095846 20130602 095846
-81.44 53.18 20130427 165613 20130527 165613
-104.01 49.3 20130304 061219 20130403 061219
-95.28 39.32 20130526 232858 20130625 232858
-92.08 39.91 20130204 170428 20130306 170428
-101.05 53.7 20130308 210251 20130407 210251
-106.46 53.38 20130429 220010 20130529 220010
-86.69 39.1 20130116 165440 20130215 165440
-106.16 36.46 20130329 104453 20130428 104453
-82.19 48.62 20130220 155326 20130322 155326
-88.7 39.62 20130225 002809 20130327 002809
-84.82 45.61 20130111 113536 20130210 113536
-76.37 46.63 20130408 235140 20130508 235140
-99.97 52.83 20130421 220227 20130521 220227
-105.04 47.42 20130531 145126 20130630 145126
-96.51 39.22 20130528 022738 20130627 022738
-100.57 46.14 20130218 185559 20130320 185559
-79.53 50.66 20130420 041112 20130520 041112
-96.8 42.89 20130521 233527 20130620 233527
-79.15 49.08 20130514 092014 20130613 092014
-110.71 47.94 20130409 221050 20130509 221050
-98.1 52.43 20130222 233550 20130324 233550
-85.15 54.05 20130416 030318 20130516 030318
-104.98 54.07 20130208 201933 20130310 201933
-95.74 43.63 20130222 100849 20130324 100849
-95.91 46.53 20130524 040442 20130623 040442
-78.22 37.82 20130311 152048 20130410 152048
-77.23 48.1 20130405 190451 20130505 190451
-110.08 48.5 20130306 132041 20130405 132041
-98.77 51.43 20130430 120527 20130530 120527
-86.67 50.21 20130203 195131 20130305 195131
-108.73 36.1 20130202 090547 20130304 090547
-95.74 54.94 20130515 070533 20130614 070533
-95.56 51.7 20130427 100059 20130527 100059
-97.8 41.65 20130301 154249 20130331 154249
-106.5 47.31 20130227 102203 20130329 102203
-102.15 52.62 20130116 173736 20130215 173736
-107.84 39.36 20130328 120154 20130427 120154
-90.67 39.49 20130117 233424 20130216 233424
-90.88 40.82 20130109 122826 20130208 122826
-103.13 45.7 20130218 115324 20130320 115324
-88.78 41.48 20130313 161916 20130412 161916
-100.05 48.69 20130310 021121 20130409 021121
-79.12 51.77 20130414 165511 20130514 165511
-108.05 42.94 20130112 053656 20130211 053656
-92.81 44.76 20130118 160514 20130217 160514
-76.38 43.12 20130424 015412 20130524 015412
-80.55 37.13 20130514 130607 20130613 130607
-82.58 48.78 20130330 035002 20130429 035002
-85.25 49.02 20130519 132315 20130618 132315
-110.4 49.63 20130107 071053 20130206 071053
-80.92 45.52 20130225 150728 20130327 150728
-80.56 37.83 20130524 221514 20130623 221514
-91.53 35.77 20130114 122607 20130213 122607
-101.81 50.31 20130522 193638 20130621 193638
-90.03 43.42 20130523 105100 20130622 105100
-93.1 40 20130324 032103 20130423 032103
-83.58 42.77 20130211 215532 20130313 215532
-80.2 49.25 20130225 223615 20130327 223615
-106.87 43.72 20130418 201040 20130518 201040
-77.79 36.21 20130330 194815 20130429 194815
-109.89 49.64 20130419 220422 20130519 220422
-105.54 54.05 20130310 210936 20130409 210936
-106.63 35.46 20130412 170249 20130512 170249
-78.89 35.72 20130213 070504 20130315 070504
-96.91 51.56 20130424 161730 20130524 161730
-89.92 35.32 20130207 061906 20130309 061906
-77.71 42.05 20130225 163723 20130327 163723
-99.59 49.3 20130330 193526 20130429 193526
-104.4 40.39 20130417 102013 20130517 102013
-97 35.78 20130403 080844 20130503 080844
-105.26 49.39 20130107 020515 20130206 020515
-94.87 47.33 20130222 233208 20130324 233208
-107.48 36.66 20130311 053605 20130410 053605
-84.99 36.62 20130503 202108 20130602 202108
-78.97 44.76 20130514 092013 20130613 092013
-105.19 54.42 20130409 211631 20130509 211631
-105.86 43.7 20130520 041230 20130619 041230
-85.43 47.68 20130224 061902 20130326 061902
-76.18 38.29 20130310 151129 20130409 151129
-100.96 54.44 20130204 220154 20130306 220154
-103.15 47.54 20130330 164845 20130429 164845
-95.68 43.81 20130426 235614 20130526 235614
-84.71 49.1 20130417 062623 20130517 062623
-97.03 45.63 20130427 002339 20130527 002339
-88.12 42.73 20130304 201248 20130403 201248
-88.49 43.25 20130106 040229 20130205 040229
-81.5 40.39 20130129 032714 20130228 032714
-99.74 42.95 20130406 084811 20130506 084811
-107.68 42.63 20130426 090132 20130526 090132
-105.28 52.3 20130515 041747 20130614 041747
-107.99 53.33 20130325 223714 20130424 223714
-103.63 50.3 20130416 010451 20130516 010451
-103.49 53.65 20130330 233834 20130429 233834
-80.24 38.72 20130410 003850 20130510 003850
-89.02 37.38 20130326 171010 20130425 171010
-97.67 41.46 20130414 182037 20130514 182037
-105.38 42.32 20130522 120807 20130621 120807
-98.32 50.49 20130426 235730 20130526 235730
-96.64 53.23 20130318 194216 20130417 194216
-107.86 49.47 20130419 143128 20130519 143128
-76.62 50.05 20130522 051146 20130621 051146
-83.44 48.74 20130530 231303 20130629 231303
-83.58 52.06 20130104 100604 20130203 100604
-94.35 40.87 20130506 124501 20130605 124501
-110.93 46.38 20130508 113631 20130607 113631
-89.03 51.56 20130105 123435 20130204 123435
-92.4 52.3 20130512 083229 20130611 083229
-99.66 48.62 20130421 192933 20130521 192933
-87.61 38.55 20130126 072838 20130225 072838
-97.82 48.97 20130331 023624 20130430 023624
-89.45 49.72 20130111 221830 20130210 221830
-100.88 54.03 20130108 002852 20130207 002852
-80.51 50.71 20130520 054918 20130619 054918
-97.54 51.23 20130202 170450 20130304 170450
-107.32 40 20130218 164347 20130320 164347
-102.19 54.08 20130313 204016 20130412 204016
-96.08 36.38 20130129 232228 20130228 232228
-92.17 48.34 20130314 051052 20130413 051052
-102.8 39.68 20130329 055722 20130428 055722
-86.64 44.72 20130310 101136 20130409 101136
-77.45 40.9 20130112 005234 20130211 005234
-84.53 44.08 20130429 105100 20130529 105100
-84.27 45.72 20130309 215353 20130408 215353
-80.37 49.12 20130126 140426 20130225 140426
-89.76 54.26 20130323 152033 20130422 152033
-104.02 38.36 20130514 200619 20130613 200619
-100.34 48.25 20130522 055937 20130621 055937
-107.15 43.22 20130127 154423 20130226 154423
-87.67 52.36 20130322 222225 20130421 222225
-79.56 43.75 20130222 131245 20130324 131245
-104.07 53.61 20130223 120117 20130325 120117
-101.34 38.02 20130408 054817 20130508 054817
-109.54 47.03 20130406 150333 20130506 150333
-103.36 45.06 20130308 081529 20130407 081529
-108.84 53.49 20130308 024836 20130407 024836
-110.87 52.62 20130506 053839 20130605 053839
-98.24 38.67 20130503 210241 20130602 210241
-94.91 41.94 20130326 130755 20130425 130755
-84.61 48.08 20130226 012700 20130328 012700
-93.95 39.84 20130110 171006 20130209 171006
-96.13 46.6 20130114 042216 20130213 042216
-110.49 37.58 20130327 222749 20130426 222749
-85.32 47.55 20130402 110326 20130502 110326
-94.04 48.16 20130208 121945 20130310 121945
-96.85 42.77 20130202 163836 20130304 163836
-99.36 48.49 20130211 204036 20130313 204036
-92.13 36.98 20130313 072021 20130412 072021
-86.61 42.05 20130520 153551 20130619 153551
-104.66 42.04 20130319 212528 20130418 212528
-108.77 46.85 20130511 084219 20130610 084219
-86.19 48.56 20130302 013644 20130401 013644
-82.42 43.04 20130314 003759 20130413 003759
-91.92 40.3 20130321 083830 20130420 083830
-78.83 43.78 20130112 174455 20130211 174455
-98.34 37.67 20130416 213200 20130516 213200
-88.63 35.67 20130531 081748 20130630 081748
-108.11 41.31 20130108 021118 20130207 021118
-93.62 50.12 20130430 220014 20130530 220014
-104.92 42.98 20130311 043715 20130410 043715
-102.32 49.42 20130209 233947 20130311 233947
-84.52 54.04 20130407 031223 20130507 031223
-96.53 45.27 20130507 022321 20130606 022321
-101.23 54.85 20130328 175952 20130427 175952
-81.41 45.65 20130420 055757 20130520 055757
-100.46 52.51 20130225 145323 20130327 145323
-105.27 42.86 20130414 134825 20130514 134825
-84.34 52.33 20130120 083457 20130219 083457
-76.9 43.19 20130319 231053 20130418 231053
-81.04 39.52 20130517 064410 20130616 064410
-102.66 35.2 20130510 064841 20130609 064841
-100.27 46.42 20130320 123656 20130419 123656
-101.8 48.05 20130106 195139 20130205 195139
-108.94 51.51 20130314 174523 20130413 174523
-80.6 35.2 20130228 122448 20130330 122448
-81.96 41.77 20130311 025531 20130410 025531
-108.63 36.72 20130128 032536 20130227 032536
-105.22 54.26 20130315 122201 20130414 122201
-90.04 52.61 20130517 214846 20130616 214846
-108.49 35.48 20130430 053552 20130530 053552
-93.3 37.98 20130109 190702 20130208 190702
-92.84 46.77 20130420 031843 20130520 031843
-85.44 37.82 20130504 081030 20130603 081030
-97.39 44.92 20130223 092155 20130325 092155
-80.63 44.08 20130121 161646 20130220 161646
-78.73 45.42 20130401 072451 20130501 072451
-107.79 37.25 20130322 140410 20130421 140410
-82.85 40.62 20130521 153725 20130620 153725
-90.95 42.08 20130515 193920 20130614 193920
-78.93 39.09 20130119 120038 20130218 120038
-94.98 46.66 20130521 091414 20130620 091414
-86.86 40.66 20130219 104324 20130321 104324
-88.65 49.54 20130321 014308 20130420 014308
-81.72 47.7 20130227 115413 20130329 115413
-85.52 47.6 20130504 161824 20130603 161824
-80.54 52.97 20130425 173924 20130525 173924
-97.47 47.25 20130108 144440 20130207 144440
-103.82 39.69 20130131 194541 20130302 194541
-105.79 54.05 20130331 082908 20130430 082908
-90.25 48.1 20130322 074405 20130421 074405
-96.58 35.33 20130316 040650 20130415 040650
-85.41 52.88 20130401 174522 20130501 174522
-100.22 46.06 20130405 103052 20130505 103052
-106.46 50.09 20130318 091703 20130417 091703
-84.1 42.89 20130414 073442 20130514 073442
-104.61 39.45 20130529 145652 20130628 145652
-89.31 41.58 20130330 085003 20130429 085003
-108.29 36.81 20130326 090246 20130425 090246
-87.62 51.04 20130509 190715 20130608 190715
-92.32 40.82 20130525 024737 20130624 024737
-95.52 49.03 20130531 100150 20130630 100150
-80.44 36.68 20130502 104223 20130601 104223
-96.85 50.59 20130529 154159 20130628 154159
-92.14 48.24 20130517 150037 20130616 150037
-89.01 54.28 20130318 160824 20130417 160824
-102.4 49.6 20130417 194647 20130517 194647
-100.97 51.22 20130121 171222 20130220 171222
-101.43 35.08 20130529 000309 20130628 000309
-104.74 44.8 20130106 110213 20130205 110213
-107.73 52.25 20130316 183525 20130415 183525
-89.33 43.36 20130207 144834 20130309 144834
-76.83 50.69 20130424 140000 20130524 140000
-78.62 38.04 20130212 015804 20130314 015804
-98.12 39.81 20130111 144301 20130210 144301
-91.55 35.15 20130110 100455 20130209 100455
-89.25 47.04 20130307 141242 20130406 141242
-108.26 51.56 20130420 083113 20130520 083113
-98.8 52.69 20130526 015934 20130625 015934
-87.68 49.59 20130409 013804 20130509 013804
-100.87 38.52 20130326 113020 20130425 113020
-82.14 42.81 20130329 082225 20130428 082225
-96.81 46.67 20130501 062519 20130531 062519
-76.5 44.55 20130331 223704 20130430 223704
-102.87 44.6 20130414 090732 20130514 090732
-101.74 38.58 20130214 083527 20130316 083527
-79.92 50.13 20130206 034333 20130308 034333
-99.75 39.14 20130416 182924 20130516 182924
-99.84 36.46 20130216 021912 20130318 021912
-89.61 52.49 20130202 101056 20130304 101056
-97.64 48.2 20130304 214912 20130403 214912
-93.95 54.76 20130227 051441 20130329 051441
-80.69 49.69 20130331 212223 20130430 212223
-91.84 43.19 20130117 042634 20130216 042634
-87.54 46.61 20130304 055519 20130403 055519
-102.89 36.64 20130305 162844 20130404 162844
-88.74 44.72 20130201 133236 20130303 133236
-103.95 42.06 20130303 061350 20130402 061350
-95.74 42.23 20130131 142038 20130302 142038
-81.4 53.69 20130224 084523 20130326 084523
-103.28 37.25 20130306 160537 20130405 160537
-103.3 35.86 20130424 151145 20130524 151145
-107.74 40.63 20130506 005229 20130605 005229
-97.76 53.94 20130103 203545 20130202 203545
-103.49 40.92 20130328 102141 20130427 102141
-108.23 48.45 20130314 171635 20130413 171635
-90.83 38.17 20130311 022836 20130410 022836
-81.38 43.97 20130413 232435 20130513 232435
-99.85 43.35 20130305 081635 20130404 081635
-106.51 42.94 20130503 102602 20130602 102602
-78.67 53.3 20130418 193709 20130518 193709
-87.97 36.27 20130508 182430 20130607 182430
-91.38 43.96 20130227 171409 20130329 171409
-79.38 49.87 20130206 022706 20130308 022706
-81.54 51.04 20130305 093552 20130404 093552
-94.13 37.9 20130123 100316 20130222 100316
-85.75 50.95 20130205 191719 20130307 191719
-94.24 45.95 20130511 221611 20130610 221611
-109.73 53.08 20130212 023002 20130314 023002
-108.15 54.86 20130301 034623 20130331 034623
-98.56 40.77 20130208 231503 20130310 231503
-94.53 39.2 20130218 093157 20130320 093157
