8.58 50.62 20141108 211415 20141208 211415
4.81 42.95 20141009 172508 20141108 172508
17.02 42.02 20140929 155723 20141029 155723
-3.39 48.64 20141115 141054 20141215 141054
24.9 47.17 20140917 184857 20141017 184857
22.71 47.61 20140913 142009 20141013 142009
11.21 46.87 20141121 132348 20141221 132348
19.6 46.59 20141110 061933 20141210 061933
-2.32 46.47 20140820 125922 20140919 125922
13.41 57.55 20140813 141541 20140912 141541
-1.14 42.84 20141114 232056 20141214 232056
6.87 51.46 20140922 085641 20141022 085641
8.73 49.96 20140920 054831 20141020 054831
-3.9 50.13 20140914 114601 20141014 114601
5.57 46.02 20140808 080357 20140907 080357
23.44 46.42 20141117 213823 20141217 213823
-7.44 50.84 20140926 215158 20141026 215158
11.64 46.83 20141031 091637 20141130 091637
19.96 48.79 20140922 115223 20141022 115223
13.97 51.83 20140919 002042 20141019 002042
-8.49 43.76 20140905 085256 20141005 085256
-1.58 55.83 20140914 122757 20141014 122757
13.96 41.65 20140814 170920 20140913 170920
16.8 52.24 20141103 011640 20141203 011640
-1.46 43.74 20140930 065315 20141030 065315
6.72 54.22 20140906 070034 20141006 070034
10.19 59.42 20140911 195002 20141011 195002
8.28 52.08 20141114 144251 20141214 144251
-1.56 50.42 20140823 151410 20140922 151410
4.15 59.47 20140909 232156 20141009 232156
-8.44 59.05 20141006 011008 20141105 011008
-8.62 57.57 20141107 160943 20141207 160943
-8.32 47 20140804 190159 20140903 190159
25.47 59.92 20140810 044412 20140909 044412
6.76 48.19 20141018 153100 20141117 153100
2.06 46.03 20140816 034823 20140915 034823
-8.05 56.71 20141014 194248 20141113 194248
19.07 44.21 20140830 102110 20140929 102110
12.13 58.05 20140908 061750 20141008 061750
13.87 48.83 20140907 185358 20141007 185358
20.37 41.7 20141030 224032 20141129 224032
24.03 48.53 20141109 061632 20141209 061632
-8.84 45.41 20140823 095832 20140922 095832
5.32 58.13 20141107 143659 20141207 143659
-4.66 51.18 20141014 023248 20141113 023248
0.29 47.79 20141010 162653 20141109 162653
1.14 42.41 20140808 174239 20140907 174239
1.77 59.28 20140917 013723 20141017 013723
12.55 55.11 20140909 040727 20141009 040727
2.55 57.76 20140822 145622 20140921 145622
-2.43 45.59 20140805 054834 20140904 054834
8.6 46.14 20140825 002742 20140924 002742
5.31 45.61 20140824 042646 20140923 042646
25.42 58.65 20140825 132333 20140924 132333
8.82 56.03 20141106 152501 20141206 152501
9.87 55.62 20140822 235745 20140921 235745
13.79 52.37 20141011 000540 20141110 000540
-1.76 52.75 20141123 082049 20141223 082049
7.84 43.12 20141020 160735 20141119 160735
18.83 49.82 20140908 102006 20141008 102006
23.28 55.54 20140908 032522 20141008 032522
-6.83 59.47 20140814 211958 20140913 211958
6.36 52.51 20141111 040632 20141211 040632
17.92 44.74 20141106 081833 20141206 081833
-7.22 45.39 20141005 021110 20141104 021110
17.16 47.6 20141122 173029 20141222 173029
-2.78 47.86 20140831 135622 20140930 135622
12.42 48.2 20140831 130520 20140930 130520
-8.45 42.67 20140930 123258 20141030 123258
18.89 49.5 20141102 092539 20141202 092539
23.93 53.2 20140919 223528 20141019 223528
18.47 43.9 20141026 181414 20141125 181414
4.48 46.54 20140916 050930 20141016 050930
6.42 52.65 20140913 160814 20141013 160814
7.66 50.64 20141004 161429 20141103 161429
16.18 45.75 20141116 012118 20141216 012118
-8.78 54.37 20141015 175846 20141114 175846
14.94 59.09 20141016 064143 20141115 064143
11.34 59.9 20141117 072734 20141217 072734
17.3 56.09 20141028 230733 20141127 230733
4.22 48.81 20141118 193120 20141218 193120
18.36 57.53 20141125 021350 20141225 021350
-3.4 52.1 20141031 122626 20141130 122626
24.82 46.03 20141130 141555 20141230 141555
23.01 51.36 20140805 175952 20140904 175952
23.49 43.36 20140803 215101 20140902 215101
22.99 41.25 20140821 103507 20140920 103507
-6.31 42.55 20141030 195932 20141129 195932
25.63 46.82 20141017 204608 20141116 204608
16.15 48.09 20141114 083339 20141214 083339
-6.82 51.06 20140829 120025 20140928 120025
7.75 50.97 20140916 070200 20141016 070200
25.3 41.83 20140825 235627 20140924 235627
20.74 54.12 20140930 114101 20141030 114101
24.62 42.56 20140920 164421 20141020 164421
15.89 52.66 20141010 141212 20141109 141212
18.85 59.93 20141115 084743 20141215 084743
-0.92 50.69 20140930 191809 20141030 191809
0.37 53.63 20140806 222553 20140905 222553
25.19 43.5 20141123 080137 20141223 080137
-4.92 48.28 20141017 041020 20141116 041020
11.36 55.04 20140803 165504 20140902 165504
17 54.33 20140930 172318 20141030 172318
0.26 48.7 20141120 100133 20141220 100133
17.15 46.95 20140809 161937 20140908 161937
22.66 50.82 20141124 194241 20141224 194241
17.25 49.29 20140917 045106 20141017 045106
7.41 50.6 20141117 193423 20141217 193423
19.75 55.63 20141010 160421 20141109 160421
0.9 44 20141006 124352 20141105 124352
8.3 45.76 20140923 052416 20141023 052416
16.61 48.47 20141103 062602 20141203 062602
-8.64 49.8 20140917 202411 20141017 202411
14.41 48.25 20140810 172946 20140909 172946
13 59.71 20141027 221620 20141126 221620
-4.66 42.39 20141113 032535 20141213 032535
14.02 50.64 20140919 104510 20141019 104510
-3.38 49.61 20140811 062046 20140910 062046
-3.72 46.89 20140814 020258 20140913 020258
6.07 57.87 20141008 214650 20141107 214650
-4.01 50.45 20141008 191238 20141107 191238
24.76 50.37 20141025 002029 20141124 002029
3.61 49.39 20141114 011658 20141214 011658
19.86 59.81 20140808 024057 20140907 024057
-2.53 44.7 20141005 000236 20141104 000236
17.47 45.64 20141029 220709 20141128 220709
4.01 43.35 20140911 034030 20141011 034030
4.7 53.47 20141104 214050 20141204 214050
4.75 55.92 20140820 072627 20140919 072627
2.53 48.41 20140814 025837 20140913 025837
18.79 42.07 20140920 070024 20141020 070024
4.49 54.78 20141013 130709 20141112 130709
18.99 52.94 20140921 045512 20141021 045512
2.53 53.37 20141105 185034 20141205 185034
18.86 41.89 20140914 023623 20141014 023623
16.82 52.07 20141201 094019 20141231 094019
18.97 56.09 20140921 001117 20141021 001117
18.44 49.98 20140826 100918 20140925 100918
6.56 58.91 20141001 052848 20141031 052848
-4.84 55.42 20141116 001011 20141216 001011
11.78 42.2 20141011 042412 20141110 042412
4.47 53.67 20140830 223958 20140929 223958
-3.96 56.84 20140813 215130 20140912 215130
1.46 48.11 20140912 163623 20141012 163623
-0.66 48.66 20140912 195916 20141012 195916
-2.4 42.98 20141108 194855 20141208 194855
12.13 41.75 20140825 145032 20140924 145032
-1.82 47.71 20140906 211736 20141006 211736
15.41 51.83 20140820 091414 20140919 091414
18.9 57.55 20140829 021242 20140928 021242
17.04 52.78 20141123 234004 20141223 234004
6.41 46.65 20141119 092150 20141219 092150
-5.39 47.22 20140905 153549 20141005 153549
12.21 48.64 20140914 051242 20141014 051242
18.49 52.45 20140820 224116 20140919 224116
3.98 57.66 20141112 012954 20141212 012954
8.22 42.29 20141013 150601 20141112 150601
9.69 56.45 20141027 020043 20141126 020043
14.2 53.53 20140905 054759 20141005 054759
24.47 55.19 20141129 213336 20141229 213336
19.12 54.4 20141119 151552 20141219 151552
17.47 50.83 20141120 114139 20141220 114139
15.13 46.08 20141121 072945 20141221 072945
23.67 42.25 20140819 174252 20140918 174252
-6.09 54.66 20140818 032657 20140917 032657
22.96 48.21 20140916 054951 20141016 054951
-4.88 43.14 20141021 125014 20141120 125014
15.57 42.86 20140808 124011 20140907 124011
14.9 57.64 20140930 084947 20141030 084947
15.9 41.69 20141020 081934 20141119 081934
7.03 59.95 20140814 231230 20140913 231230
24.02 56.69 20140930 151451 20141030 151451
22.57 59.01 20140827 080039 20140926 080039
15.36 55.5 20140819 025509 20140918 025509
1.86 51.32 20140808 215812 20140907 215812
21.76 55.62 20141025 170853 20141124 170853
8.08 53.13 20141014 052552 20141113 052552
5.47 46.41 20140913 040050 20141013 040050
20.91 59.63 20140901 033559 20141001 033559
11.55 44.99 20141123 213547 20141223 213547
7.87 55.57 20140926 045919 20141026 045919
15.88 42.3 20140928 005608 20141028 005608
-4.05 59.51 20141113 023524 20141213 023524
-5.17 57.91 20140819 050740 20140918 050740
18.96 53.97 20140907 080750 20141007 080750
0.02 46.67 20140923 071850 20141023 071850
-5.78 50.47 20141011 191205 20141110 191205
1.24 59.57 20141105 144429 20141205 144429
11.99 47.72 20141017 213236 20141116 213236
-5.22 54 20140917 025445 20141017 025445
3.21 43.95 20140814 112352 20140913 112352
11.88 57.64 20141012 224910 20141111 224910
14.64 41.26 20141120 061715 20141220 061715
23.91 57.14 20141114 032713 20141214 032713
9.83 49.23 20141013 172055 20141112 172055
8.72 44.7 20140822 223610 20140921 223610
-4.68 55.83 20140810 073447 20140909 073447
11.43 47.22 20140914 212119 20141014 212119
-6.96 53.02 20140817 183803 20140916 183803
16.76 49.69 20140811 085341 20140910 085341
-7.17 56.99 20141011 000356 20141110 000356
25.86 50.38 20141027 170353 20141126 170353
24.12 44.08 20140816 152125 20140915 152125
16.33 58.8 20140815 002001 20140914 002001
6.23 59.74 20141025 134849 20141124 134849
-3.59 45.51 20140809 163534 20140908 163534
23.13 50.48 20140908 044102 20141008 044102
-2.03 43.18 20141028 123227 20141127 123227
-2.75 46.81 20140927 052911 20141027 052911
-1.83 56.12 20140925 024859 20141025 024859
21.66 56.71 20141105 190719 20141205 190719
0.91 55.25 20141012 182240 20141111 182240
25.82 59.4 20141128 011703 20141228 011703
7.87 43.77 20141018 045038 20141117 045038
7.25 44.43 20141118 010239 20141218 010239
14.24 50.34 20141028 165846 20141127 165846
20.12 58.63 20141103 105523 20141203 105523
16.25 57.45 20140914 205154 20141014 205154
-1.73 45.23 20141004 123719 20141103 123719
8.17 51.46 20140905 110247 20141005 110247
11.12 43.75 20140823 060956 20140922 060956
-4.38 51.64 20141118 082108 20141218 082108
11.76 46.61 20140908 221857 20141008 221857
24.84 55.29 20140827 164541 20140926 164541
26 50.5 20140928 111814 20141028 111814
-7.07 53.45 20141102 095020 20141202 095020
-3.78 42.31 20140823 074354 20140922 074354
-0.86 56.89 20140821 190621 20140920 190621
14.83 54.07 20140911 073824 20141011 073824
25.14 48.63 20141002 224110 20141101 224110
22.1 54.39 20140819 111305 20140918 111305
17.97 54.9 20140819 183214 20140918 183214
-7.97 46.94 20141016 050313 20141115 050313
23.61 55.85 20140918 001624 20141018 001624
-4.94 43.94 20140916 204514 20141016 204514
-2.83 47.64 20141017 142342 20141116 142342
13.27 53.02 20141120 204440 20141220 204440
-8.4 51.94 20141101 095230 20141201 095230
20.19 57.8 20140821 071424 20140920 071424
-0.76 59.55 20140810 042419 20140909 042419
14.13 58.83 20140817 022859 20140916 022859
17.08 45.47 20141018 211514 20141117 211514
7.26 42.72 20141101 003348 20141201 003348
19.19 48.75 20140910 120308 20141010 120308
23.79 55.89 20140816 150553 20140915 150553
14.33 58.17 20141008 000442 20141107 000442
21.23 58.33 20140830 011644 20140929 011644
2.64 51.21 20140828 131244 20140927 131244
4.44 43.96 20140822 111045 20140921 111045
20.3 42.25 20141122 081031 20141222 081031
-1.65 55.4 20141020 031939 20141119 031939
3.28 44.13 20140804 170450 20140903 170450
25.71 41.12 20141122 101606 20141222 101606
9.93 53.42 20141119 223919 20141219 223919
-7 48.96 20141123 104322 20141223 104322
16.25 53.23 20141006 085059 20141105 085059
7.53 46.47 20140910 064119 20141010 064119
-2.1 55.4 20140911 174541 20141011 174541
6.69 54.69 20141003 142002 20141102 142002
17.19 48.45 20141003 072128 20141102 072128
14.21 58.95 20140925 061853 20141025 061853
-0.05 44.27 20140903 190913 20141003 190913
-8.59 46.21 20140829 025204 20140928 025204
21.89 45.28 20141116 131921 20141216 131921
23.79 44.27 20141020 185151 20141119 185151
2.47 43.43 20140908 234556 20141008 234556
16.3 43.67 20141010 051348 20141109 051348
24.97 56.45 20140925 034100 20141025 034100
22.44 43.6 20140928 175509 20141028 175509
-2.17 59.71 20141106 005227 20141206 005227
9.41 45.82 20141028 023148 20141127 023148
-7.73 50.39 20141109 233011 20141209 233011
22.48 51.58 20141019 041103 20141118 041103
20.68 51.74 20140903 224718 20141003 224718
22.16 55.39 20140822 203956 20140921 203956
24.13 48.97 20140923 161730 20141023 161730
11.14 53.38 20141126 222205 20141226 222205
5.45 54.56 20141121 052259 20141221 052259
20.52 42.5 20140905 055410 20141005 055410
17.28 47.3 20141130 195026 20141230 195026
22.82 56.96 20140920 151220 20141020 151220
-8.96 53.26 20141029 074242 20141128 074242
16.93 53.58 20141023 032506 20141122 032506
0.67 58.38 20141003 013254 20141102 013254
2.41 46.89 20140814 120448 20140913 120448
1.59 58.86 20141007 000407 20141106 000407
7.81 42.47 20141111 183925 20141211 183925
16.08 51.29 20140810 064541 20140909 064541
1.23 42.72 20141102 232509 20141202 232509
-3.9 57.65 20140808 123846 20140907 123846
-2.17 56.72 20140805 045236 20140904 045236
9.15 52.64 20140909 070242 20141009 070242
-5.01 43.54 20141107 094431 20141207 094431
7.64 50.22 20141123 022229 20141223 022229
11.4 59.19 20141004 214507 20141103 214507
-8.89 46.42 20140815 054420 20140914 054420
-0.91 50.84 20140929 015931 20141029 015931
1.99 53.13 20140827 155557 20140926 155557
6.34 58.58 20141101 200039 20141201 200039
17.79 41.78 20141002 221729 20141101 221729
20.76 54.05 20140821 064104 20140920 064104
-4.91 57.28 20140826 073725 20140925 073725
-6.92 58.9 20140910 230355 20141010 230355
23.22 47.57 20141009 054907 20141108 054907
17.91 52.93 20140902 193321 20141002 193321
0.22 41.77 20141031 134333 20141130 134333
19.34 46.08 20140927 142220 20141027 142220
11.61 41.67 20141121 135528 20141221 135528
-2.31 49.68 20141016 231149 20141115 231149
17.87 55.79 20141129 031737 20141229 031737
11.55 50.94 20141125 234404 20141225 234404
-2.8 44.03 20141002 071013 20141101 071013
24.48 46.68 20141108 204542 20141208 204542
13.96 56.7 20140923 171722 20141023 171722
21.14 53.74 20140910 221151 20141010 221151
-5.03 41.94 20141017 071615 20141116 071615
-2.96 42.88 20140805 012532 20140904 012532
16.8 55.9 20141115 164419 20141215 164419
1.7 49.81 20140901 023234 20141001 023234
5.02 41.12 20141122 063340 20141222 063340
21.95 56.39 20140920 190010 20141020 190010
3.77 50.15 20141112 103532 20141212 103532
17.58 44.88 20141119 065020 20141219 065020
11.44 42.23 20141130 015305 20141230 015305
3.74 47.48 20140918 200758 20141018 200758
-6.23 50.32 20140831 174124 20140930 174124
15.88 50.4 20140905 044347 20141005 044347
9.34 51.91 20140905 031236 20141005 031236
7.94 44.25 20141130 194820 20141230 194820
17.36 57.67 20141103 201021 20141203 201021
20.51 52.35 20141108 235807 20141208 235807
20.4 55.79 20140814 152459 20140913 152459
-3.77 51.57 20140912 155441 20141012 155441
9.08 54.58 20140807 035816 20140906 035816
-0.93 55.43 20141104 080627 20141204 080627
-6.51 50.16 20140923 235039 20141023 235039
5.91 54.49 20140928 173717 20141028 173717
24.44 45.79 20140916 062315 20141016 062315
-1.12 41.27 20140909 180801 20141009 180801
18.93 53.37 20141127 045857 20141227 045857
-7.93 58.47 20141004 040911 20141103 040911
11.88 54.93 20140924 181934 20141024 181934
17.62 45.56 20141006 012026 20141105 012026
2.22 51.69 20141129 065504 20141229 065504
-4.13 59.05 20140817 123647 20140916 123647
-6.46 51.97 20140922 202806 20141022 202806
-8.61 50.01 20140815 083959 20140914 083959
12.14 41.71 20140903 231141 20141003 231141
21.71 44.59 20140811 045911 20140910 045911
10.54 41.16 20141027 202505 20141126 202505
-2.83 45.79 20141108 083615 20141208 083615
-7.37 56.22 20140914 062559 20141014 062559
3.66 54.89 20141018 135457 20141117 135457
25.31 41.35 20141030 214838 20141129 214838
11.29 52.86 20140908 042206 20141008 042206
9.41 56.66 20141108 172247 20141208 172247
-7.06 51.19 20140927 134009 20141027 134009
