-98.7 52.99 20130513 141927 20130612 141927
-81.13 38.97 20130506 012939 20130605 012939
-86.15 41.27 20130424 001717 20130524 001717
-93.52 49.08 20130119 112316 20130218 112316
-102.56 52.42 20130309 053020 20130408 053020
-93.36 53.75 20130211 050204 20130313 050204
-108.62 43.92 20130331 062017 20130430 062017
-84.3 42.9 20130121 203333 20130220 203333
-93.18 49.29 20130103 115645 20130202 115645
-90.54 39.91 20130321 114316 20130420 114316
-77.73 35.01 20130315 211440 20130414 211440
-106.9 46.34 20130115 012621 20130214 012621
-89.74 39.33 20130315 172438 20130414 172438
-90.59 49.82 20130528 053158 20130627 053158
-92.61 54.09 20130104 004726 20130203 004726
-76.48 47.84 20130302 184856 20130401 184856
-82.79 46.13 20130526 130225 20130625 130225
-102.41 43.32 20130312 113534 20130411 113534
-81.64 44.89 20130109 120059 20130208 120059
-95.02 35.06 20130407 050618 20130507 050618
-86.4 47.03 20130213 194540 20130315 194540
-79.3 39.31 20130103 185616 20130202 185616
-77.93 40.5 20130110 165712 20130209 165712
-109.22 47.08 20130218 220914 20130320 220914
-96.89 53.63 20130224 211657 20130326 211657
-93.64 46.88 20130321 023747 20130420 023747
-110.18 37.77 20130212 195223 20130314 195223
-86.93 38.63 20130531 060603 20130630 060603
-85.37 42.26 20130524 124207 20130623 124207
-103.16 36.62 20130522 074104 20130621 074104
-93.07 50.12 20130311 121309 20130410 121309
-109.58 40.48 20130418 091712 20130518 091712
-94.01 53.94 20130502 004947 20130601 004947
-109.6 43.16 20130426 120139 20130526 120139
-97.05 38.09 20130212 004736 20130314 004736
-98.63 51.97 20130107 220252 20130206 220252
-108 38.2 20130214 013200 20130316 013200
-89.22 43.08 20130208 005818 20130310 005818
-81.04 53.39 20130215 190139 20130317 190139
-87.89 38.71 20130214 135943 20130316 135943
-96.18 48.13 20130322 054837 20130421 054837
-107.28 45.58 20130306 160453 20130405 160453
-83.31 39.53 20130508 161906 20130607 161906
-105.94 35.44 20130214 105216 20130316 105216
-109.07 54.89 20130214 142730 20130316 142730
-88.67 54.02 20130304 155658 20130403 155658
-78.63 37.88 20130302 233343 20130401 233343
-101.96 41.63 20130103 105307 20130202 105307
-109.26 46.51 20130515 115409 20130614 115409
-95.4 40.62 20130425 103953 20130525 103953
-82.69 48.49 20130118 153055 20130217 153055
-102.59 42.37 20130529 230900 20130628 230900
-107.19 45.37 20130315 120406 20130414 120406
-91.39 44.34 20130106 101601 20130205 101601
-85.25 40.85 20130131 130450 20130302 130450
-87.95 52.59 20130416 144525 20130516 144525
-76.96 46.23 20130128 033029 20130227 033029
-87.24 50.5 20130309 090312 20130408 090312
-93.56 39.63 20130112 182312 20130211 182312
-88.78 42.99 20130505 180740 20130604 180740
-81.69 49.5 20130214 040338 20130316 040338
-82.07 46.6 20130126 120751 20130225 120751
-100.38 40.9 20130312 133612 20130411 133612
-95.8 45.02 20130110 040758 20130209 040758
-93.13 37.78 20130527 133742 20130626 133742
-99.39 38.27 20130415 214317 20130515 214317
-94.09 54.58 20130515 132312 20130614 132312
-98.26 46.7 20130528 194052 20130627 194052
-91.42 38.08 20130428 093535 20130528 093535
-77.8 54.12 20130114 231826 20130213 231826
-79.05 52.31 20130218 084451 20130320 084451
-103.94 50.74 20130422 121144 20130522 121144
-77.73 47.3 20130404 103859 20130504 103859
-91.61 48.46 20130201 094546 20130303 094546
-85.69 51.7 20130330 100438 20130429 100438
-108.2 35.41 20130115 003755 20130214 003755
-99.84 38.37 20130503 202937 20130602 202937
-81.02 51.67 20130226 180155 20130328 180155
-92.54 37.84 20130301 193740 20130331 193740
-102.74 45.93 20130106 192533 20130205 192533
-96.16 53.16 20130408 095526 20130508 095526
-98.61 37.48 20130531 162155 20130630 162155
-102.57 46.45 20130213 100446 20130315 100446
-89.18 36.87 20130304 142258 20130403 142258
-109.96 36.16 20130505 080557 20130604 080557
-76.73 46.27 20130423 223031 20130523 223031
-81.09 42.29 20130305 112818 20130404 112818
-93.9 38.13 20130526 101606 20130625 101606
-81.42 45.39 20130327 034512 20130426 034512
-79.64 45.26 20130121 102035 20130220 102035
-101.38 54.63 20130222 011710 20130324 011710
-106.99 47.2 20130510 140836 20130609 140836
-94.35 52.59 20130318 213105 20130417 213105
-79.71 38.88 20130130 132852 20130301 132852
-90.85 41.62 20130426 080933 20130526 080933
-91.74 38.02 20130131 103719 20130302 103719
-109.38 41.51 20130315 153632 20130414 153632
-89.54 47.21 20130529 155749 20130628 155749
-97.65 45.61 20130509 075014 20130608 075014
-100.35 51.98 20130518 153006 20130617 153006
-88.09 51.28 20130131 142027 20130302 142027
-96.27 42.79 20130107 084911 20130206 084911
-93.28 40.17 20130416 013241 20130516 013241
-102.7 47.94 20130511 193556 20130610 193556
-106.74 37.74 20130403 040721 20130503 040721
-80.89 46.74 20130118 035600 20130217 035600
-92.25 48.88 20130113 153048 20130212 153048
-87.71 48.45 20130320 043508 20130419 043508
-84.24 48.23 20130324 154325 20130423 154325
-91.01 51.98 20130114 153040 20130213 153040
-95.94 39.16 20130503 083656 20130602 083656
-97.65 41 20130126 224743 20130225 224743
-82.61 39.28 20130520 142837 20130619 142837
-77.93 50.51 20130314 014754 20130413 014754
-80.08 36.38 20130106 175223 20130205 175223
-88.81 48.27 20130214 183840 20130316 183840
-110.79 47.72 20130104 182810 20130203 182810
-100.9 43.95 20130519 083954 20130618 083954
-89.71 52.21 20130408 161835 20130508 161835
-82.91 46.14 20130515 065406 20130614 065406
-86.62 38.83 20130506 000450 20130605 000450
-93.2 54.49 20130211 004259 20130313 004259
-93.62 46.54 20130511 144026 20130610 144026
-99.44 53.38 20130406 020100 20130506 020100
-92.91 44.47 20130326 104514 20130425 104514
-102.46 54.96 20130412 094642 20130512 094642
-99.96 43.69 20130428 012124 20130528 012124
-89.34 39.97 20130118 025118 20130217 025118
-85.84 38.45 20130206 011817 20130308 011817
-105.47 47.35 20130528 084019 20130627 084019
-106.37 50.65 20130222 165512 20130324 165512
-101.05 42.63 20130228 143536 20130330 143536
-79.99 44.4 20130331 035301 20130430 035301
-95.64 53.17 20130315 033849 20130414 033849
-97.34 51.95 20130117 152526 20130216 152526
-106.15 47.61 20130518 220132 20130617 220132
-96.6 36.22 20130509 081701 20130608 081701
-98.08 35.85 20130411 223105 20130511 223105
-101.01 40.74 20130212 023003 20130314 023003
-77.48 45.24 20130406 194513 20130506 194513
-89.46 53.85 20130414 202419 20130514 202419
-99.54 53.09 20130312 152504 20130411 152504
-109.02 47.69 20130405 051902 20130505 051902
-110.13 41.12 20130314 093248 20130413 093248
-91.41 49.36 20130311 133429 20130410 133429
-81.86 47.06 20130120 013517 20130219 013517
-89.83 37.17 20130209 050456 20130311 050456
-100.04 46.72 20130321 150736 20130420 150736
-86.1 39.03 20130525 041201 20130624 041201
-77.17 37.14 20130307 013609 20130406 013609
-82.29 42.88 20130512 195332 20130611 195332
-106.25 46.05 20130227 012831 20130329 012831
-87.74 45.43 20130410 164835 20130510 164835
-87.53 42.94 20130425 172956 20130525 172956
-106.01 47.02 20130329 234434 20130428 234434
-77.31 49.82 20130315 174202 20130414 174202
-103.89 39.62 20130119 140243 20130218 140243
-80.95 51.92 20130131 045401 20130302 045401
-98.93 44.77 20130319 234042 20130418 234042
-92.4 40.29 20130129 092619 20130228 092619
-80.93 43.44 20130422 102128 20130522 102128
-90.35 45.12 20130412 143923 20130512 143923
-101.06 50.31 20130216 024705 20130318 024705
-84.4 48.58 20130222 131456 20130324 131456
-86.05 44.55 20130111 052155 20130210 052155
-108.89 50.21 20130126 230556 20130225 230556
-83.5 46.53 20130226 135356 20130328 135356
-90.92 47.98 20130527 222046 20130626 222046
-100.05 40.26 20130317 161101 20130416 161101
-100.07 53.88 20130226 204938 20130328 204938
-96 43.97 20130107 052644 20130206 052644
-78.36 39.87 20130330 042141 20130429 042141
-85.71 45.18 20130111 114008 20130210 114008
-96.11 40.28 20130406 100435 20130506 100435
-109.52 50.79 20130421 233542 20130521 233542
-100.49 35.52 20130315 083816 20130414 083816
-78.09 35.32 20130426 171943 20130526 171943
-107.4 52.06 20130217 094101 20130319 094101
-76.22 52.4 20130322 211030 20130421 211030
-81.87 45.19 20130112 165721 20130211 165721
-97.44 48.28 20130413 152102 20130513 152102
-85.55 35.17 20130214 205938 20130316 205938
-102.54 36.58 20130516 144730 20130615 144730
-101.72 37.68 20130108 083445 20130207 083445
-107.41 54.4 20130224 115108 20130326 115108
-78.35 37.18 20130319 033646 20130418 033646
-108.87 46.09 20130222 151339 20130324 151339
-104.61 38.57 20130411 211823 20130511 211823
-92.72 50.63 20130113 194110 20130212 194110
-78.32 48.09 20130123 021638 20130222 021638
-88.5 48.51 20130508 221601 20130607 221601
-90.64 51.07 20130131 063208 20130302 063208
-96.28 41.84 20130226 024354 20130328 024354
-85.77 45.94 20130416 025140 20130516 025140
-97.67 46.07 20130518 072336 20130617 072336
-76.67 49.44 20130531 004829 20130630 004829
-76.72 48.45 20130131 190257 20130302 190257
-79.68 41.28 20130507 032250 20130606 032250
-110.95 53.69 20130123 154457 20130222 154457
-92.69 53.49 20130501 191642 20130531 191642
-82.95 42.64 20130501 142453 20130531 142453
-87.93 40.55 20130511 154412 20130610 154412
-81.65 38.56 20130128 162451 20130227 162451
-82.85 40.7 20130108 104355 20130207 104355
-90.41 39.72 20130529 140103 20130628 140103
-94.96 44.39 20130111 205742 20130210 205742
-93.86 53.52 20130318 015704 20130417 015704
-86.62 47.16 20130219 194741 20130321 194741
-109.82 52.15 20130301 120756 20130331 120756
-103.61 40.76 20130117 050356 20130216 050356
-94.98 38.67 20130204 090204 20130306 090204
-95.89 43.89 20130517 194417 20130616 194417
-96.76 50.57 20130411 052044 20130511 052044
-81.42 40.02 20130308 210047 20130407 210047
-89.45 46.71 20130424 181054 20130524 181054
-96.49 45.21 20130327 050909 20130426 050909
-102.29 37.51 20130508 113855 20130607 113855
-96.96 45.46 20130404 152836 20130504 152836
-91.18 41.09 20130205 215047 20130307 215047
-98.95 52.21 20130318 180845 20130417 180845
-107.66 52.04 20130117 091910 20130216 091910
-89.09 36.16 20130317 154508 20130416 154508
-86.23 41.47 20130414 200151 20130514 200151
-107.04 37.32 20130219 061425 20130321 061425
-95.43 35.22 20130311 141347 20130410 141347
-87.53 38.31 20130115 045316 20130214 045316
-78.52 51.93 20130310 093359 20130409 093359
-77.97 51.24 20130401 232725 20130501 232725
-79.76 44.03 20130203 165743 20130305 165743
-87.21 40.56 20130502 193721 20130601 193721
-107.08 41.32 20130419 063506 20130519 063506
-77.94 53.56 20130304 002655 20130403 002655
-110.52 47.27 20130507 081027 20130606 081027
-96.22 40.42 20130406 155330 20130506 155330
-81.91 54.91 20130227 064739 20130329 064739
-78.34 36.86 20130528 073330 20130627 073330
-77.33 45.37 20130418 024633 20130518 024633
-109.47 40.93 20130302 151246 20130401 151246
-89.96 46.61 20130123 215350 20130222 215350
-82.37 36.25 20130422 015722 20130522 015722
-108.55 35.96 20130209 133322 20130311 133322
-105.56 53.98 20130508 210304 20130607 210304
-91.78 40.78 20130408 004152 20130508 004152
-87.75 52.1 20130323 091648 20130422 091648
-107.49 53.6 20130320 124909 20130419 124909
-102.01 49.51 20130417 032812 20130517 032812
-109.44 37.08 20130317 030642 20130416 030642
-92.04 39.32 20130204 113156 20130306 113156
-104.03 52.43 20130206 031243 20130308 031243
-86.52 51.48 20130516 163723 20130615 163723
-76.03 48.97 20130331 140508 20130430 140508
-80.95 37.31 20130429 022630 20130529 022630
-77.76 41.86 20130224 034320 20130326 034320
-98.84 44.66 20130429 101933 20130529 101933
-96.34 35.03 20130514 143024 20130613 143024
-80.7 47.32 20130205 180733 20130307 180733
-78.56 45.24 20130402 212921 20130502 212921
-103.49 48.92 20130311 162235 20130410 162235
-100.28 48.09 20130403 001655 20130503 001655
-88.8 40.39 20130414 175128 20130514 175128
-89.89 46.22 20130216 220520 20130318 220520
-89 51.07 20130321 080832 20130420 080832
-76.91 44.3 20130601 004509 20130701 004509
-85.48 38.14 20130523 024331 20130622 024331
-92.17 50.74 20130317 060041 20130416 060041
-87.09 47.73 20130329 092129 20130428 092129
-84.59 40.01 20130510 234502 20130609 234502
-106.16 44.54 20130315 091331 20130414 091331
-108.23 42.44 20130502 045250 20130601 045250
-83 37.31 20130228 000624 20130330 000624
-83.52 39.86 20130219 205710 20130321 205710
-103.42 41.33 20130115 193757 20130214 193757
-105.93 38.91 20130523 052815 20130622 052815
-93.24 40.7 20130220 041124 20130322 041124
-81.98 40.29 20130122 182210 20130221 182210
-89.55 44.07 20130523 095438 20130622 095438
-100.46 47.72 20130310 091041 20130409 091041
-85.28 38.45 20130428 040005 20130528 040005
-105.57 40.98 20130317 010722 20130416 010722
-91.2 42.45 20130212 022505 20130314 022505
-102.45 50.48 20130106 003046 20130205 003046
-84.31 40 20130410 065011 20130510 065011
-105.36 43.43 20130423 130301 20130523 130301
-85.67 36.23 20130305 094811 20130404 094811
-96.12 52.98 20130204 191950 20130306 191950
-76.88 43.48 20130420 133849 20130520 133849
-102.73 44.08 20130412 110811 20130512 110811
-77.71 41.83 20130313 000227 20130412 000227
-110.39 39.75 20130331 080728 20130430 080728
-106.7 42.91 20130303 221603 20130402 221603
-105.4 49.93 20130110 112129 20130209 112129
-98.93 36.91 20130206 153244 20130308 153244
-94.27 50.21 20130415 025103 20130515 025103
-105.61 41.74 20130223 053322 20130325 053322
-85.74 47.85 20130216 100659 20130318 100659
-105.8 37.01 20130204 111403 20130306 111403
-85.63 45.26 20130329 071957 20130428 071957
-98 46.25 20130525 093910 20130624 093910
-92.03 43.8 20130530 215216 20130629 215216
-78.38 51.16 20130309 081715 20130408 081715
-83.02 51.98 20130219 220629 20130321 220629
-82.14 38.65 20130528 235636 20130627 235636
-93.43 52.48 20130324 105938 20130423 105938
-83.52 50.76 20130526 041322 20130625 041322
-108.25 35.51 20130416 052101 20130516 052101
-77.72 53.95 20130202 231629 20130304 231629
-81.22 46.68 20130512 152106 20130611 152106
-86.14 48.04 20130131 094613 20130302 094613
-99.79 43.78 20130526 213807 20130625 213807
-86.35 42.89 20130601 090950 20130701 090950
-97.99 39.69 20130312 033055 20130411 033055
-103.76 50.04 20130328 210257 20130427 210257
-88.75 50.05 20130223 074808 20130325 074808
-87.92 52.91 20130114 135016 20130213 135016
-80.22 48.74 20130307 075709 20130406 075709
-99.23 42.75 20130415 062133 20130515 062133
-90.87 45.6 20130224 160022 20130326 160022
-101.85 49.33 20130111 214616 20130210 214616
-103.13 36.91 20130111 213727 20130210 213727
-91.43 36.17 20130504 151304 20130603 151304
-83.63 36.11 20130416 194248 20130516 194248
-91.24 54.96 20130528 174947 20130627 174947
-109.3 51.58 20130122 014001 20130221 014001
-78.05 53.57 20130529 023405 20130628 023405
-89.73 52.86 20130316 163426 20130415 163426
-90.33 41.95 20130531 063316 20130630 063316
-94.92 42.54 20130522 211432 20130621 211432
-85.04 45.2 20130509 111623 20130608 111623
-99.86 50.34 20130510 004440 20130609 004440
-90.31 39.39 20130223 012158 20130325 012158
-105.95 49.44 20130404 195005 20130504 195005
-76.89 43.35 20130309 154053 20130408 154053
-102.22 52.73 20130321 184847 20130420 184847
-79.78 53.58 20130316 214304 20130415 214304
-106.82 45.62 20130528 132749 20130627 132749
-83.44 51.19 20130402 195836 20130502 195836
-106.19 41.33 20130512 033233 20130611 033233
-77.85 38.96 20130209 094551 20130311 094551
-106.65 48.09 20130228 223318 20130330 223318
-93.71 43.51 20130121 205701 20130220 205701
-110.45 40.78 20130419 222250 20130519 222250
-103.22 44.19 20130125 084722 20130224 084722
-106.75 54.27 20130127 013738 20130226 013738
-88.55 37.76 20130122 193955 20130221 193955
-79.2 41.98 20130504 005130 20130603 005130
-83.23 52.46 20130314 111019 20130413 111019
-76.73 51.05 20130422 153549 20130522 153549
-108.33 38.93 20130404 004247 20130504 004247
-102.77 42.37 20130210 014450 20130312 014450
-86.97 41.05 20130526 092102 20130625 092102
-103.31 51.05 20130204 174346 20130306 174346
-94.42 36.89 20130312 115558 20130411 115558
-109.76 52.46 20130227 071303 20130329 071303
-106.55 45.93 20130104 033258 20130203 033258
-84.73 43.26 20130117 083326 20130216 083326
-94.56 48.18 20130509 075701 20130608 075701
-110.54 49.94 20130211 221448 20130313 221448
