152.84 -4.98 20120915 003025 20121015 003025
157.21 -15.33 20121118 231710 20121218 231710
142.03 -1.34 20120814 011918 20120913 011918
158.58 -22.78 20121130 191230 20121230 191230
117.3 -11.95 20120919 223330 20121019 223330
113.09 -26.23 20121030 041832 20121129 041832
123.91 -17.01 20120923 081043 20121023 081043
143.35 -9.39 20121123 143044 20121223 143044
118.57 -12.49 20121030 174607 20121129 174607
151.93 -33.9 20121011 211128 20121110 211128
153.89 -28.9 20120915 140322 20121015 140322
156.86 -11.21 20121111 075732 20121211 075732
113.84 -6.96 20121108 012535 20121208 012535
126.43 4.87 20120910 235611 20121010 235611
156.4 -33.76 20120826 174730 20120925 174730
114.23 -2.83 20121008 214910 20121107 214910
148.36 -12.7 20121005 151602 20121104 151602
138.73 -29.06 20120807 003536 20120906 003536
154.64 -34.23 20120829 145940 20120928 145940
123.02 -11.89 20121201 074723 20121231 074723
143.2 -5.38 20121113 064346 20121213 064346
149.15 -33.94 20120807 200237 20120906 200237
145.7 -34.41 20121019 030319 20121118 030319
155.94 -32.08 20120806 052911 20120905 052911
125.2 -7.55 20120823 023859 20120922 023859
119.35 -33.41 20121111 095152 20121211 095152
156.59 -10.22 20121122 055147 20121222 055147
137.75 -30.41 20120828 145518 20120927 145518
114.69 -0.12 20120913 000039 20121013 000039
149.92 -20.19 20121011 074559 20121110 074559
149.69 -32.55 20120809 093805 20120908 093805
138.39 -31.69 20121020 114627 20121119 114627
139.5 -14.73 20120904 024947 20121004 024947
149.13 -3.78 20121125 010752 20121225 010752
140.83 -3.87 20120815 183201 20120914 183201
156.48 -22.85 20121021 063855 20121120 063855
146.89 -28.71 20120912 075237 20121012 075237
139.93 -11.98 20120814 145239 20120913 145239
126.53 -29.88 20120810 060031 20120909 060031
118.23 -21.71 20120817 225843 20120916 225843
140.97 -5.56 20121105 010457 20121205 010457
130.26 -22.66 20120906 103632 20121006 103632
152.68 2.64 20121117 044956 20121217 044956
150.57 -7.37 20121127 183418 20121227 183418
149.08 -28.87 20121110 062259 20121210 062259
132.45 0.21 20121105 222924 20121205 222924
149 -13.63 20120920 042032 20121020 042032
141.79 -12.09 20121114 215548 20121214 215548
127.08 -19.56 20120919 065026 20121019 065026
119.88 -29.67 20120828 132140 20120927 132140
120.96 -24.63 20120907 161525 20121007 161525
120.14 -22.52 20121023 165426 20121122 165426
122.56 -6.17 20120824 052403 20120923 052403
132.76 -33.96 20120825 174319 20120924 174319
136.7 3.28 20121118 104932 20121218 104932
128.71 -15.94 20121105 164643 20121205 164643
143.46 1.57 20121031 225631 20121130 225631
145.25 -9.28 20120904 180950 20121004 180950
140.36 -23.3 20121018 104330 20121117 104330
155.48 -7.78 20121023 070930 20121122 070930
118.1 -34.22 20120821 225448 20120920 225448
142.51 -16.84 20120907 173515 20121007 173515
149.91 0.45 20121022 233535 20121121 233535
148.2 4.67 20121115 063729 20121215 063729
142.26 -15.87 20120817 083232 20120916 083232
145.94 -10.16 20120904 234755 20121004 234755
113.7 3.98 20121130 130035 20121230 130035
138.25 -6.93 20120817 175857 20120916 175857
143.92 -11.06 20121009 005934 20121108 005934
130.85 -16.37 20120829 195538 20120928 195538
147.28 -14.67 20121112 231852 20121212 231852
157.49 -9.23 20120905 205452 20121005 205452
120.21 -30.52 20121009 114009 20121108 114009
132.69 -33.81 20120826 183846 20120925 183846
133.94 -1.31 20121127 193736 20121227 193736
134.65 -31.87 20120903 192014 20121003 192014
130.02 -24.6 20120907 122731 20121007 122731
136.03 -12.26 20121029 232700 20121128 232700
128.55 -28.64 20120928 202525 20121028 202525
149.97 -28.67 20121121 232810 20121221 232810
157.53 -32.12 20121020 171948 20121119 171948
152.84 -4.7 20121023 193950 20121122 193950
132.71 -34.6 20120910 043217 20121010 043217
122.54 -1.72 20120831 213141 20120930 213141
149.73 -2.11 20121024 042218 20121123 042218
121.55 -21.61 20120906 055750 20121006 055750
142.13 -17.23 20121112 154539 20121212 154539
120.89 -16.39 20120819 035642 20120918 035642
134.74 -33.9 20120903 131627 20121003 131627
126.3 -0.1 20120922 142530 20121022 142530
139.55 -29.3 20120920 055902 20121020 055902
157.2 -22.24 20121118 104906 20121218 104906
113.99 -16.52 20120904 081335 20121004 081335
155.98 -2.28 20120902 102332 20121002 102332
138.65 -8.18 20121011 161738 20121110 161738
142.2 1.76 20121021 111301 20121120 111301
136.58 -6.83 20120831 200634 20120930 200634
120.76 4.08 20121029 160912 20121128 160912
141.94 -13.3 20121029 204119 20121128 204119
120.73 -9.68 20120818 015313 20120917 015313
150.88 -29.03 20120910 071349 20121010 071349
122.35 -20.77 20121108 090608 20121208 090608
135.92 -5.95 20121005 104334 20121104 104334
114.64 -29.68 20120807 230921 20120906 230921
119.86 -5.59 20120821 174017 20120920 174017
144.75 3.38 20121020 033009 20121119 033009
151.67 4.37 20121009 000217 20121108 000217
126.1 -13.06 20120827 215820 20120926 215820
158.43 -27.84 20120929 023216 20121029 023216
140.31 -18.47 20121019 212058 20121118 212058
128.51 -32.88 20120812 041222 20120911 041222
118.82 -32.87 20121011 152114 20121110 152114
158.14 -21.5 20121019 212408 20121118 212408
118.02 -21.16 20121015 034651 20121114 034651
134.23 -13.62 20121122 201336 20121222 201336
128.62 -22.26 20120918 135412 20121018 135412
125.05 -20.14 20120815 101936 20120914 101936
125.53 -15.73 20121104 041908 20121204 041908
156.97 -25.02 20121111 015319 20121211 015319
118.07 -6.22 20121115 174228 20121215 174228
156.99 -4.2 20120826 113549 20120925 113549
153.83 -33.33 20120825 132516 20120924 132516
146.43 -33.57 20120904 014425 20121004 014425
142.45 -9.6 20121024 030403 20121123 030403
129.57 -15.54 20121128 135529 20121228 135529
151.47 -8.96 20121104 081357 20121204 081357
136.01 -15.44 20120904 050102 20121004 050102
115.12 -7.96 20120806 201607 20120905 201607
150.78 -11.85 20121104 233033 20121204 233033
149.76 2.86 20120815 005507 20120914 005507
145.07 -4.23 20120916 170815 20121016 170815
141.35 -12.9 20121125 071603 20121225 071603
129.02 1.75 20120929 191512 20121029 191512
140.65 2.9 20121001 193622 20121031 193622
137.01 -30.35 20121122 235205 20121222 235205
118.87 -2.43 20121011 174856 20121110 174856
149.51 -4.61 20121101 143516 20121201 143516
129.48 -3.36 20121030 211958 20121129 211958
126.17 -8.84 20120916 025249 20121016 025249
141.16 -31.6 20121126 180903 20121226 180903
139.03 -8.07 20120829 115029 20120928 115029
114.29 -8.78 20121125 064007 20121225 064007
143.45 0.27 20120808 021353 20120907 021353
135.8 -27.17 20120831 215228 20120930 215228
156.74 -28.39 20120817 055931 20120916 055931
152.15 -18.44 20120806 202514 20120905 202514
151.6 0.97 20120907 073816 20121007 073816
157.69 -26.15 20120919 033922 20121019 033922
130.44 -30.66 20120820 175254 20120919 175254
154.12 -9.19 20121126 011324 20121226 011324
131.28 -21.29 20121118 020814 20121218 020814
115.21 4.08 20120821 061012 20120920 061012
148.41 -0.12 20120810 112400 20120909 112400
122.24 -0.26 20120805 052109 20120904 052109
158.18 -3.14 20121028 171709 20121127 171709
154 -0.46 20120813 221632 20120912 221632
115.91 4.74 20121011 055001 20121110 055001
133.52 -33.33 20120910 000900 20121010 000900
145.44 -14.32 20121008 093628 20121107 093628
141.31 -17.65 20120918 153142 20121018 153142
113.19 -18.45 20120901 113438 20121001 113438
116.82 3.81 20120911 181452 20121011 181452
136.18 -4.44 20120809 100056 20120908 100056
128.14 -21.33 20120916 172455 20121016 172455
145.23 -24.51 20121015 110258 20121114 110258
135.26 -25.92 20121025 092404 20121124 092404
130.65 -20.77 20121020 222511 20121119 222511
132.83 3.86 20121119 023110 20121219 023110
137.32 -21.83 20121109 081056 20121209 081056
120.39 -1.22 20121025 233505 20121124 233505
153.14 -15.23 20120820 001335 20120919 001335
122.78 -13.39 20121011 014804 20121110 014804
113.31 -7.9 20121015 130125 20121114 130125
117.11 -26.68 20121126 205029 20121226 205029
140.26 -0.17 20120811 034123 20120910 034123
119.7 -6.11 20121025 173407 20121124 173407
124.45 -19.25 20120916 114324 20121016 114324
147.37 -6.08 20121130 015957 20121230 015957
128.8 -21.37 20121011 172343 20121110 172343
152.78 -13.69 20120816 035215 20120915 035215
153.33 -26.34 20120926 080839 20121026 080839
148.18 -3.97 20121021 021809 20121120 021809
121.1 -9.99 20121126 083901 20121226 083901
126.36 0.92 20121026 235437 20121125 235437
142.27 -20.72 20121018 200620 20121117 200620
154.63 -12.95 20120905 142600 20121005 142600
135.03 -13.12 20120908 135500 20121008 135500
122.88 3.65 20120820 222356 20120919 222356
153.59 -28.75 20121112 165905 20121212 165905
140.1 -4.33 20121011 003122 20121110 003122
152.38 -2.79 20120807 234013 20120906 234013
153.26 -29.67 20121028 194906 20121127 194906
151.83 -11.28 20120812 174812 20120911 174812
136.55 -4.42 20120831 204601 20120930 204601
150.28 -10.75 20120922 205606 20121022 205606
128.21 -2.39 20120908 115954 20121008 115954
141.02 -12.17 20120805 213211 20120904 213211
150.04 4.37 20120821 213819 20120920 213819
131.35 -24.95 20121029 193121 20121128 193121
142.37 -31.63 20120817 143747 20120916 143747
134.81 -17.25 20121007 092142 20121106 092142
124.67 -22.72 20120914 162816 20121014 162816
145.62 -14.12 20120912 075741 20121012 075741
126.75 4.52 20120811 160750 20120910 160750
145.29 -6.4 20121017 131815 20121116 131815
130.59 -12.03 20121104 090112 20121204 090112
148.8 1.91 20121130 194940 20121230 194940
125.21 -1.95 20120901 000752 20121001 000752
123.25 -23.64 20120902 054541 20121002 054541
158.36 -30.25 20120805 042054 20120904 042054
119.29 -8.33 20121116 142156 20121216 142156
157.08 -14.98 20121003 024611 20121102 024611
127.88 -17.31 20120818 035757 20120917 035757
124.8 -27.44 20120912 164603 20121012 164603
152.63 -4.78 20120810 155502 20120909 155502
134.35 -2.51 20121111 095811 20121211 095811
154.01 -23.37 20120907 233130 20121007 233130
121.81 -19.02 20120917 075952 20121017 075952
117.39 -27.48 20121121 035711 20121221 035711
131.17 -26.57 20120829 030517 20120928 030517
117.09 -17.76 20120909 024928 20121009 024928
139.36 -22.64 20121125 211536 20121225 211536
123.13 -23.26 20121005 235627 20121104 235627
135.73 -14.47 20121117 081849 20121217 081849
157.52 0.58 20120830 054901 20120929 054901
131.53 -13.56 20120918 101553 20121018 101553
130.97 -34.28 20120913 160030 20121013 160030
140.36 -12.77 20120927 011838 20121027 011838
145.75 1.25 20120920 032713 20121020 032713
154.44 -15.52 20121119 040835 20121219 040835
131.42 -25.4 20120831 131322 20120930 131322
151.15 -2.97 20121127 104332 20121227 104332
147.18 -9.8 20121116 081200 20121216 081200
146.75 -13.45 20120927 085451 20121027 085451
153.65 -3.94 20120813 232540 20120912 232540
144.51 -14.02 20121107 053333 20121207 053333
155.21 -1.97 20120818 182423 20120917 182423
155.07 1.73 20120929 033658 20121029 033658
116.06 -10.01 20121130 081824 20121230 081824
145.03 -14.98 20121021 163951 20121120 163951
144.93 -5.64 20120904 223508 20121004 223508
145.17 -5.17 20120816 115949 20120915 115949
138.43 -0.32 20120815 002138 20120914 002138
123.55 -26.17 20121106 034543 20121206 034543
123.56 -32.08 20121107 182133 20121207 182133
146.74 -23.55 20120904 170740 20121004 170740
149.2 -13.99 20121021 052202 20121120 052202
148.09 -33.17 20120911 050339 20121011 050339
154.05 -14.05 20120803 141435 20120902 141435
114.03 -6.35 20121024 020718 20121123 020718
136.53 -23.36 20120911 191232 20121011 191232
138.99 -33.1 20121111 164829 20121211 164829
154.05 -27.55 20121024 080207 20121123 080207
149.4 -2.43 20121121 203008 20121221 203008
149.08 -22.11 20120913 033203 20121013 033203
126.31 -18.37 20120907 033407 20121007 033407
149.86 -10.61 20120813 112410 20120912 112410
131.2 -24.13 20121106 201206 20121206 201206
125.64 -24.47 20121016 060115 20121115 060115
127.16 -1.73 20120831 034552 20120930 034552
145.81 -23.96 20120817 191346 20120916 191346
156.68 4.27 20121121 081607 20121221 081607
116.45 -23.5 20121030 003512 20121129 003512
143.41 -5.49 20120806 045757 20120905 045757
153.89 -28.73 20120916 121827 20121016 121827
150.64 -17.02 20120918 205059 20121018 205059
134.21 2.24 20121014 160842 20121113 160842
115.99 -33.94 20120911 004657 20121011 004657
148.53 -21.94 20120812 143724 20120911 143724
154.89 -19.26 20120907 204145 20121007 204145
131.82 -13.63 20120901 180214 20121001 180214
146.71 -23.26 20121120 102826 20121220 102826
155.77 -23.22 20120902 192149 20121002 192149
117.8 -20.12 20121124 063454 20121224 063454
120.75 4.03 20120829 140249 20120928 140249
142.42 -6.75 20120925 204825 20121025 204825
151.73 -22.32 20121003 043306 20121102 043306
145.13 -5.66 20121021 144903 20121120 144903
131.04 -7.32 20121017 235126 20121116 235126
138.96 -7.89 20121002 015802 20121101 015802
120.71 -18.52 20120827 094100 20120926 094100
158.11 -6.88 20120810 145510 20120909 145510
114.13 -6.49 20120904 211402 20121004 211402
114.05 -21.95 20121111 070850 20121211 070850
157.01 -13.67 20120806 154119 20120905 154119
114.94 -20.08 20121001 041234 20121031 041234
136.16 -12.69 20121130 065946 20121230 065946
134.71 -11.63 20120908 113521 20121008 113521
125.31 -34.92 20120809 053608 20120908 053608
151.64 -9.28 20120807 205603 20120906 205603
137.04 -23.17 20121122 181021 20121222 181021
115.66 -26.63 20120911 010139 20121011 010139
129.09 -30.02 20120924 050626 20121024 050626
135.56 -20.72 20121113 151611 20121213 151611
142.27 -26.12 20120904 105510 20121004 105510
157.38 -13.76 20120825 164058 20120924 164058
142.8 -22.48 20120926 172218 20121026 172218
128.34 -6.1 20121112 210442 20121212 210442
158.19 2.93 20120818 211455 20120917 211455
136.01 -6.32 20121024 151232 20121123 151232
149.93 -25.11 20121120 120253 20121220 120253
147.27 -16.73 20120908 215337 20121008 215337
121.49 -16.16 20121008 202653 20121107 202653
154.23 -10.17 20121129 042314 20121229 042314
148.05 -24.9 20120815 161902 20120914 161902
134.02 -12.91 20120918 090341 20121018 090341
115.94 0.03 20121127 234954 20121227 234954
133.27 3.12 20121113 152325 20121213 152325
151.85 -27.99 20121110 220447 20121210 220447
136.66 -31.56 20121030 091753 20121129 091753
136.9 -17.51 20121124 103801 20121224 103801
113 -12.07 20121117 105129 20121217 105129
134.35 -22.45 20120926 235627 20121026 235627
145.49 -20.17 20121006 131747 20121105 131747
114 -20.37 20121017 050835 20121116 050835
121.37 -17.18 20121028 121754 20121127 121754
133.04 -11.93 20120829 070824 20120928 070824
116.99 -14.51 20120811 002845 20120910 002845
154.57 3.78 20120928 065320 20121028 065320
145.11 -2.86 20120929 165229 20121029 165229
144.99 -16.4 20120804 093450 20120903 093450
155.56 -18.41 20120819 174054 20120918 174054
158.58 -0.42 20120918 194158 20121018 194158
117.73 -19.06 20121112 030627 20121212 030627
157.3 -23.04 20120910 235655 20121010 235655
134.91 -4.01 20120907 122336 20121007 122336
130.63 -19.57 20121025 122449 20121124 122449
139.24 -29.25 20120905 054634 20121005 054634
130.14 -0.44 20120925 023924 20121025 023924
126.79 -13.96 20121011 215453 20121110 215453
146.5 -22.29 20120903 214703 20121003 214703
146.95 -11.79 20120904 085338 20121004 085338
135.56 -17.76 20121014 205402 20121113 205402
129.5 -15.76 20121025 041945 20121124 041945
156.09 -23.47 20121128 051021 20121228 051021
130.29 -22.19 20120905 210112 20121005 210112
135.9 -8.44 20120821 071607 20120920 071607
130.34 3.98 20121025 215629 20121124 215629
142.57 -12.33 20121124 115213 20121224 115213
140.9 -16.58 20120906 010101 20121006 010101
142.11 -1.42 20121024 092610 20121123 092610
136.4 -4.65 20121105 081818 20121205 081818
113.85 -21.98 20120821 160113 20120920 160113
123.33 4.01 20120826 140503 20120925 140503
146.31 -18.83 20120914 160520 20121014 160520
115.57 -3.16 20120814 080156 20120913 080156
144.98 -6.24 20120927 131121 20121027 131121
131.62 1.23 20120831 183754 20120930 183754
125.1 2.85 20121029 022551 20121128 022551
154.57 -6.35 20121113 072339 20121213 072339
155.55 0.38 20120829 050342 20120928 050342
155.71 -30.35 20120928 092018 20121028 092018
147.15 -5.65 20120909 091727 20121009 091727
155.17 -1.99 20121001 185610 20121031 185610
151.64 2.68 20121106 195257 20121206 195257
116.79 -34.57 20120827 095619 20120926 095619
149.01 -23.6 20120903 063707 20121003 063707
115.93 -2.58 20121010 071503 20121109 071503
