123.77 1.75 20120814 084642 20120913 084642
132.62 -21.56 20120830 101527 20120929 101527
137.37 -24.3 20120817 085149 20120916 085149
130.06 -18.58 20121125 235409 20121225 235409
133.76 2.31 20121014 205901 20121113 205901
158.95 -1.73 20121007 143121 20121106 143121
134.35 -0.28 20120918 222428 20121018 222428
136.51 -24.54 20120816 003757 20120915 003757
134.62 -20.72 20120819 015750 20120918 015750
133.96 -14.55 20120919 104703 20121019 104703
129.15 -4.88 20120816 150510 20120915 150510
143.23 -22.94 20120905 171031 20121005 171031
155.65 -15.87 20120827 014040 20120926 014040
127.47 2.79 20120808 111744 20120907 111744
140.32 -33.22 20120923 122310 20121023 122310
139.83 -19.72 20120922 085452 20121022 085452
116.92 -12.1 20121121 221652 20121221 221652
157.07 -22.74 20120929 033708 20121029 033708
158.69 -12.5 20120822 162052 20120921 162052
150.04 -6.71 20121020 140458 20121119 140458
115.95 -28.3 20121024 154039 20121123 154039
152.81 -34.35 20121015 222124 20121114 222124
143.56 -11.53 20121001 152812 20121031 152812
135.4 -10.79 20121127 221359 20121227 221359
113.1 -18.74 20120821 010512 20120920 010512
112.99 -8.71 20121201 090951 20121231 090951
151.76 -3.93 20120912 042725 20121012 042725
152.05 -11.4 20121013 191900 20121112 191900
128.89 -24.28 20120818 222707 20120917 222707
125.46 -18.29 20121129 024555 20121229 024555
158.2 -30.09 20121109 163900 20121209 163900
158.53 2.41 20121005 233808 20121104 233808
134.13 -2.68 20120927 141002 20121027 141002
119.92 -16.37 20121008 230045 20121107 230045
123.96 -3.87 20121108 103928 20121208 103928
118.74 -19.13 20121022 181244 20121121 181244
136.24 -1.88 20120812 194940 20120911 194940
133.3 -18.49 20121130 234700 20121230 234700
125.94 -32.4 20121020 192350 20121119 192350
146.88 -30.39 20120921 204817 20121021 204817
131.79 -21.98 20121022 142645 20121121 142645
132.37 -17.91 20121104 013435 20121204 013435
148.59 -8.7 20121002 173048 20121101 173048
129.33 -17.89 20121002 011556 20121101 011556
113.95 -18.54 20121013 162610 20121112 162610
134.13 -30.43 20121024 073647 20121123 073647
121.27 -23.22 20121108 031747 20121208 031747
153.53 -12.67 20120804 172030 20120903 172030
128.13 -25.64 20121122 075832 20121222 075832
138.8 -26.11 20121021 002909 20121120 002909
151.42 -32.73 20121005 212053 20121104 212053
126.45 1.33 20121030 114405 20121129 114405
153.01 4.1 20120911 104835 20121011 104835
122.6 0.06 20120828 144724 20120927 144724
116.51 -18.65 20120902 190317 20121002 190317
141.08 -23.92 20121114 213456 20121214 213456
119.32 -20.19 20121009 091525 20121108 091525
155.32 -8.9 20120806 180824 20120905 180824
147.21 -12.07 20120912 192517 20121012 192517
130.54 -28.13 20121016 115813 20121115 115813
144.47 -28.24 20121001 182109 20121031 182109
158.18 -7.6 20120814 042002 20120913 042002
116.76 -20.63 20121011 165703 20121110 165703
150.77 -26.28 20120819 122539 20120918 122539
124.8 -16.54 20120913 150526 20121013 150526
118.4 -31.7 20120808 095038 20120907 095038
130.01 -6.01 20121016 200126 20121115 200126
135.01 -29.14 20120818 123331 20120917 123331
142.69 -1.93 20121109 052712 20121209 052712
153.1 -26.94 20120826 174429 20120925 174429
148.32 -17.38 20121110 060958 20121210 060958
142.93 -27.51 20120830 095541 20120929 095541
116.31 -19 20121027 052603 20121126 052603
149.67 -25.63 20121123 081415 20121223 081415
115.42 -25.67 20121025 080520 20121124 080520
133.46 -26.45 20120918 000523 20121018 000523
120.39 -23.27 20121027 145902 20121126 145902
138.65 -28.28 20120814 001712 20120913 001712
158.27 -9.01 20121119 001030 20121219 001030
121.06 -1.39 20120816 121628 20120915 121628
135.14 0.21 20121119 231353 20121219 231353
148.87 4.99 20121010 044121 20121109 044121
133.12 -24.13 20121031 131128 20121130 131128
156.9 -13.85 20120924 212128 20121024 212128
156.14 0.76 20120913 045230 20121013 045230
128 -13.01 20120815 054000 20120914 054000
120.12 -1.58 20120930 234742 20121030 234742
156.67 -31.81 20121104 205535 20121204 205535
129.02 -31.93 20121111 153711 20121211 153711
121.43 -9.32 20121031 123414 20121130 123414
157.97 -12.89 20120908 061209 20121008 061209
149.72 -32.68 20121022 215756 20121121 215756
135.56 -12.87 20121117 023725 20121217 023725
129.31 3.27 20121102 122906 20121202 122906
156.76 -25 20120824 082605 20120923 082605
131.07 -29.8 20121015 102355 20121114 102355
142.79 2.37 20121005 092739 20121104 092739
131.97 -15.1 20121129 201004 20121229 201004
129.83 -28.72 20121006 134906 20121105 134906
156.34 -28.15 20120815 201656 20120914 201656
156.07 -27.53 20121110 162418 20121210 162418
139.58 -4.78 20120922 005719 20121022 005719
140.31 -11.07 20121009 121536 20121108 121536
118.76 -20.42 20121106 110431 20121206 110431
125.18 -8.85 20121101 124805 20121201 124805
138.06 -27.25 20120910 104642 20121010 104642
157.18 -11.46 20121008 104921 20121107 104921
153.92 -20.83 20120923 092305 20121023 092305
131.13 -3.73 20120929 060318 20121029 060318
118.44 -22.73 20121125 135216 20121225 135216
127.97 -24.8 20120824 130640 20120923 130640
120.05 -0.79 20121027 233415 20121126 233415
133.44 -24.07 20121112 042631 20121212 042631
141.38 -1.17 20120928 133211 20121028 133211
155.95 -18.08 20120817 161659 20120916 161659
146.68 -14.68 20121116 100544 20121216 100544
158.1 -8.61 20121005 024112 20121104 024112
150.04 -22.34 20121026 174300 20121125 174300
148.83 0.72 20120829 123336 20120928 123336
120.72 4.55 20120901 174819 20121001 174819
127.26 -4.19 20120925 191729 20121025 191729
143.8 0.37 20121115 073110 20121215 073110
118.93 -30.88 20120902 104921 20121002 104921
140.56 -9.26 20120927 082745 20121027 082745
136.29 -23.11 20120804 174345 20120903 174345
135.81 -7.96 20120910 173942 20121010 173942
123.91 -12.47 20120830 211838 20120929 211838
142.21 -29.92 20120830 181154 20120929 181154
115.56 -13.61 20121005 154156 20121104 154156
144.49 -14.85 20121030 060239 20121129 060239
137.29 -3.95 20121119 044504 20121219 044504
138.8 -28.34 20121007 062617 20121106 062617
114.76 -5.73 20120908 215118 20121008 215118
155.3 -20.28 20120901 075624 20121001 075624
123.36 -7.35 20120816 231929 20120915 231929
114.13 -14.18 20120915 142603 20121015 142603
124.34 -27.87 20120809 045644 20120908 045644
156.94 0.07 20120929 131656 20121029 131656
130.91 -21.32 20121018 061541 20121117 061541
136.89 -1.85 20120817 144242 20120916 144242
128.44 -19.66 20120929 212939 20121029 212939
156.68 -1.41 20120830 022259 20120929 022259
154.52 -14.17 20121027 175643 20121126 175643
126.6 -22.4 20120824 080142 20120923 080142
151.17 -25.56 20121101 141514 20121201 141514
132.59 -33.47 20121127 230318 20121227 230318
153.95 -12.57 20120806 061122 20120905 061122
147.01 4.96 20121021 080359 20121120 080359
136.93 -34.08 20121118 114041 20121218 114041
135.39 -2.32 20121028 003226 20121127 003226
152.16 -25.19 20120814 190742 20120913 190742
138.36 -29.87 20120929 181033 20121029 181033
156.09 1.35 20120923 224031 20121023 224031
153.84 -10.84 20120827 180640 20120926 180640
126.38 -16.73 20120817 192023 20120916 192023
130.5 -6.89 20121128 230544 20121228 230544
112.94 -30.63 20121106 075101 20121206 075101
144.49 0.95 20120918 044904 20121018 044904
129.13 -5.13 20120913 085844 20121013 085844
157.88 -23.15 20120916 064611 20121016 064611
156.13 -15.17 20121005 123947 20121104 123947
125.04 -5.61 20120907 152744 20121007 152744
140.05 -29.3 20120822 134206 20120921 134206
152.62 -17.38 20120811 200123 20120910 200123
120.56 -18.33 20120928 061057 20121028 061057
136.58 -18.45 20121114 005321 20121214 005321
142.72 -31.61 20120826 034607 20120925 034607
147.98 -21.06 20120923 131041 20121023 131041
123.56 -30.02 20120910 043758 20121010 043758
140.03 -2.48 20120824 104716 20120923 104716
145.45 -15.29 20120926 072326 20121026 072326
121.75 -4.82 20121108 151950 20121208 151950
127.47 -16.63 20121118 120011 20121218 120011
152.26 -21.56 20120908 193443 20121008 193443
117.76 -16.11 20121115 235939 20121215 235939
143.43 -21.09 20121107 200342 20121207 200342
128.92 -30.38 20121012 060757 20121111 060757
134.08 -11.14 20121104 160328 20121204 160328
117.86 -32.31 20120813 110537 20120912 110537
125.87 -15.36 20120922 002234 20121022 002234
158.72 3.26 20120827 164802 20120926 164802
157.77 -6.88 20120809 120534 20120908 120534
140.15 -29.83 20120905 061229 20121005 061229
156.3 -21.6 20121008 141250 20121107 141250
126.87 2.66 20120910 140649 20121010 140649
146.17 -16.45 20120804 155453 20120903 155453
118.1 -26.62 20121111 082634 20121211 082634
117.61 -1.91 20121113 133157 20121213 133157
136.53 -6.94 20121008 083812 20121107 083812
113.56 -5.9 20121126 040605 20121226 040605
113.26 -22.13 20120914 024116 20121014 024116
128.73 -16.85 20120919 023019 20121019 023019
137.89 -8.44 20120806 035535 20120905 035535
117.24 -7.29 20121114 233227 20121214 233227
139.12 -21.43 20120920 211823 20121020 211823
158.93 -12.66 20120821 204508 20120920 204508
126.12 -9.41 20121104 183540 20121204 183540
126.71 3.63 20120927 231623 20121027 231623
134.17 -22.25 20121119 192608 20121219 192608
149.73 -0.92 20121106 004326 20121206 004326
155.06 -4.37 20121019 221244 20121118 221244
129.93 -18.04 20121018 142527 20121117 142527
133.21 -19.8 20121026 162820 20121125 162820
122.63 -21.21 20120804 104550 20120903 104550
145.17 -30.63 20120924 042043 20121024 042043
150.02 -3.36 20120805 085602 20120904 085602
122.97 -7.22 20120821 104534 20120920 104534
152.18 3.64 20121129 132541 20121229 132541
150.39 1.01 20121101 231602 20121201 231602
138.66 -24.57 20120824 001618 20120923 001618
126.64 -5.56 20121020 191636 20121119 191636
158.3 4.35 20120928 093847 20121028 093847
156.55 -16.6 20120903 004147 20121003 004147
145.37 -29.9 20121122 034509 20121222 034509
130.76 -28.43 20120817 224436 20120916 224436
146.4 -25.84 20121111 125834 20121211 125834
151.85 -8.72 20121111 110347 20121211 110347
151.47 -22.4 20121015 070526 20121114 070526
136.52 -25.53 20120810 141800 20120909 141800
134.59 4.42 20120925 031555 20121025 031555
134.21 -28.85 20121107 160132 20121207 160132
136.46 -27 20121102 181713 20121202 181713
142.4 -15.44 20121029 203050 20121128 203050
136.08 -30.5 20120926 040722 20121026 040722
136.46 -33.53 20121020 123421 20121119 123421
117.73 -27.79 20121014 190427 20121113 190427
114.54 -11.3 20120809 222955 20120908 222955
131.43 -1.35 20121029 075528 20121128 075528
118.74 2.48 20121022 092225 20121121 092225
141.13 -4.23 20121010 032645 20121109 032645
157.5 -33.37 20121109 233722 20121209 233722
133.58 -23.25 20121118 061848 20121218 061848
131.91 -23.44 20120929 070851 20121029 070851
126.05 -8.19 20120808 061607 20120907 061607
124.9 -31.58 20121105 103845 20121205 103845
116.53 -16.33 20121128 144832 20121228 144832
126.74 -20.57 20121008 040541 20121107 040541
136.19 -7.73 20120903 072320 20121003 072320
113.69 -4.22 20121111 153227 20121211 153227
143.98 -29.64 20121025 113928 20121124 113928
123.48 -11.72 20121001 065823 20121031 065823
134.95 -6.39 20120806 182130 20120905 182130
155.88 -2.48 20121125 103839 20121225 103839
145.76 -12.03 20120811 045339 20120910 045339
134.47 -7.17 20120827 150615 20120926 150615
120.06 -22.65 20121113 114040 20121213 114040
143.45 -10.05 20121015 195208 20121114 195208
127.43 -20.19 20120902 182124 20121002 182124
144.51 -5.99 20121021 205907 20121120 205907
133.64 -19.22 20120930 074500 20121030 074500
150.07 -16.47 20121016 140111 20121115 140111
122.01 -8.77 20121022 191310 20121121 191310
131.69 -26.88 20121019 161107 20121118 161107
157.13 -6.66 20120827 035816 20120926 035816
124.44 -27.88 20121011 125955 20121110 125955
158.09 -23.98 20120927 095607 20121027 095607
134.74 -31.15 20121113 193523 20121213 193523
135.33 3.94 20121130 185901 20121230 185901
147.23 -18.57 20121129 104617 20121229 104617
155.77 3.76 20121112 024320 20121212 024320
123.63 -9.19 20121018 102032 20121117 102032
142.06 -5.16 20121020 051943 20121119 051943
148.15 1.66 20120823 130036 20120922 130036
141.16 -3.55 20121111 161153 20121211 161153
149.8 -13.65 20120914 112725 20121014 112725
140.77 -5.44 20121114 182413 20121214 182413
149.03 2.86 20120914 012147 20121014 012147
155.71 -8.13 20120823 084132 20120922 084132
117.96 -6.68 20121114 002654 20121214 002654
117.4 -5.37 20121118 194829 20121218 194829
152.99 -24.31 20121115 015353 20121215 015353
136.62 -10.26 20120915 015737 20121015 015737
147.2 -32.35 20120819 100714 20120918 100714
113.43 -1.55 20120914 135216 20121014 135216
146.83 -32.57 20120809 135557 20120908 135557
138.04 -2.82 20121109 055322 20121209 055322
113.45 -9.58 20121020 233237 20121119 233237
152.71 0.98 20121027 004458 20121126 004458
119.7 -25.46 20120905 114017 20121005 114017
152.11 1.79 20120825 091227 20120924 091227
124.05 -26.5 20120807 070145 20120906 070145
145.87 -27.12 20121118 084336 20121218 084336
153.25 -20.52 20120922 024416 20121022 024416
127.48 2.32 20121125 183141 20121225 183141
153.81 -22.87 20121114 091651 20121214 091651
148.19 -16.75 20121127 061603 20121227 061603
125.85 -24.81 20121012 025603 20121111 025603
131.05 -26.21 20120824 045626 20120923 045626
120.58 -23.64 20120807 021859 20120906 021859
143.94 -14.76 20121003 175748 20121102 175748
134.04 -14.2 20121116 052551 20121216 052551
151.36 -15.15 20120906 015538 20121006 015538
124.64 -18.83 20120928 111256 20121028 111256
127.52 -3.26 20121119 083102 20121219 083102
118.68 -0.41 20121113 200202 20121213 200202
130.36 -5.59 20121002 201226 20121101 201226
130.12 -0.31 20120903 182946 20121003 182946
136.36 -31.75 20121029 183904 20121128 183904
138.51 -6.27 20120806 164821 20120905 164821
144.02 -4.67 20121028 185917 20121127 185917
156.73 -33.8 20121005 224434 20121104 224434
137.38 -33.32 20121029 103502 20121128 103502
123.88 1.84 20121009 022605 20121108 022605
152.63 -20.27 20120912 041647 20121012 041647
118 0.88 20120911 160704 20121011 160704
142.34 -8.09 20121124 011352 20121224 011352
120.93 -28.87 20121119 143249 20121219 143249
144.64 -9.13 20120811 211837 20120910 211837
147.96 -25.6 20120825 184902 20120924 184902
156.01 -1.38 20120908 075320 20121008 075320
114.21 -17.55 20120816 064534 20120915 064534
116.57 0.35 20120906 090857 20121006 090857
133.1 -16.62 20120913 195828 20121013 195828
132.62 -32.89 20121018 130513 20121117 130513
113.95 -19.02 20120823 082923 20120922 082923
147.95 -6.18 20121201 090546 20121231 090546
120.9 -26.99 20121022 004245 20121121 004245
145.54 -32.66 20120805 112157 20120904 112157
134.01 -3.74 20121011 120547 20121110 120547
152.79 -10.37 20121022 181129 20121121 181129
150.68 -14 20121007 053129 20121106 053129
138.2 0.97 20120916 131145 20121016 131145
157.7 -33.27 20120826 205552 20120925 205552
147.44 -20.35 20120828 215618 20120927 215618
126.87 -0.61 20120909 035515 20121009 035515
120.78 -19.07 20121113 181959 20121213 181959
129.57 -31.95 20121109 193142 20121209 193142
143.15 3.35 20120911 020746 20121011 020746
117.83 -17.77 20121110 202120 20121210 202120
145.94 -20.41 20121129 200123 20121229 200123
142.73 -13.35 20121030 050846 20121129 050846
144.16 -1.49 20120928 160259 20121028 160259
142.32 -33.96 20121027 021703 20121126 021703
151.82 -22.92 20121128 223251 20121228 223251
118.56 -25.58 20120903 104057 20121003 104057
156.19 -22.49 20120914 234400 20121014 234400
132.24 -25.53 20121023 060004 20121122 060004
137.12 -0.46 20120919 025059 20121019 025059
144.89 -22.31 20121116 155354 20121216 155354
157.85 -1.07 20120819 130145 20120918 130145
140.58 -24.67 20121011 055525 20121110 055525
116.03 -34.6 20121008 115207 20121107 115207
134.37 -14.56 20120827 212746 20120926 212746
123 -10.04 20120926 050851 20121026 050851
157.88 -26.56 20120924 114145 20121024 114145
121.89 -7.17 20121116 085153 20121216 085153
134.67 -12.73 20120830 162313 20120929 162313
150.62 4.87 20121110 022927 20121210 022927
140.37 -29.88 20120822 054727 20120921 054727
137.18 -26.81 20121026 035037 20121125 035037
156.14 -33.69 20121005 110824 20121104 110824
132.23 -1.04 20120821 021548 20120920 021548
133.94 -17.48 20121103 042859 20121203 042859
145.52 -34.83 20121114 014845 20121214 014845
137.22 -9.74 20120914 173403 20121014 173403
120.83 -31.5 20120816 070026 20120915 070026
125.88 4.97 20121124 012130 20121224 012130
