143.5 -32.12 20121026 163707 20121125 163707
148.82 -19.07 20121122 175316 20121222 175316
150.44 -14.83 20120905 030144 20121005 030144
155.57 -14.07 20121010 042218 20121109 042218
145.09 -13.84 20120922 072531 20121022 072531
129.69 -22.51 20120820 105416 20120919 105416
114.84 -3 20120820 153222 20120919 153222
124.88 -34.28 20121112 165407 20121212 165407
123.23 -30.3 20120827 171225 20120926 171225
125.52 -17.51 20121101 001034 20121201 001034
138.07 -8.92 20121011 005259 20121110 005259
133.44 -8.13 20120808 222851 20120907 222851
119.31 -30.35 20120914 010614 20121014 010614
130.51 -24.21 20120903 035442 20121003 035442
118.06 -8.04 20120823 085806 20120922 085806
122.22 -22.99 20121201 022146 20121231 022146
125.9 3.63 20120914 165028 20121014 165028
125.74 -9.37 20121119 051623 20121219 051623
151.22 -7.69 20120904 130855 20121004 130855
122.88 -0.11 20120926 010232 20121026 010232
144.05 -12.82 20121117 090332 20121217 090332
137.93 -2.5 20120827 164132 20120926 164132
152.6 -21.06 20121109 070439 20121209 070439
131.88 -16.32 20121010 214049 20121109 214049
139.73 3.86 20120823 051525 20120922 051525
133.71 -19.6 20121025 213914 20121124 213914
155.54 -12.87 20120811 085858 20120910 085858
125.01 -26.66 20120929 192043 20121029 192043
130.81 -32.75 20121031 044802 20121130 044802
152.21 -17.57 20121024 120753 20121123 120753
122.88 4.67 20120925 111030 20121025 111030
130.75 -20.56 20120829 042542 20120928 042542
119.24 -5.27 20120816 144547 20120915 144547
132.14 -33.46 20120805 180836 20120904 180836
115.87 -2.17 20121107 090705 20121207 090705
155.08 -2.87 20120927 233907 20121027 233907
119.02 -4.74 20121012 181110 20121111 181110
116.83 -18.7 20121121 070030 20121221 070030
125.14 -25.12 20120919 102643 20121019 102643
125.68 -31.09 20121120 110159 20121220 110159
131.83 -6.45 20120813 040338 20120912 040338
157.51 -27.24 20121020 191441 20121119 191441
143.78 -21.84 20121024 085952 20121123 085952
151.11 -33.67 20121104 181815 20121204 181815
149.51 -20.37 20120930 102005 20121030 102005
120.66 -9.19 20121125 072950 20121225 072950
154.09 -29.28 20121030 221608 20121129 221608
122.09 -22.9 20120803 113340 20120902 113340
121.36 -34.81 20121108 062305 20121208 062305
143.5 -30.99 20121109 150307 20121209 150307
135.23 3.37 20121028 123123 20121127 123123
158.75 -30.86 20120905 044508 20121005 044508
152.22 -14.11 20120928 054954 20121028 054954
136.03 -4.57 20121120 043313 20121220 043313
121.21 -8.98 20121126 021631 20121226 021631
121.39 -17.01 20121129 084635 20121229 084635
149.68 -12.87 20121125 105230 20121225 105230
116.71 -33.6 20120818 184528 20120917 184528
149.39 -33.85 20120921 113429 20121021 113429
114.97 -33.46 20120929 005024 20121029 005024
135.82 -30.51 20120823 211218 20120922 211218
113.83 0.66 20120922 060541 20121022 060541
149.53 -8.89 20121109 133423 20121209 133423
137.35 -2.41 20120922 150948 20121022 150948
142.77 -23.3 20120913 142231 20121013 142231
135.88 -8.49 20120901 105100 20121001 105100
116.22 -16.45 20121018 013958 20121117 013958
125.5 3.05 20120901 192713 20121001 192713
154.88 -11.82 20121028 234034 20121127 234034
119.33 -26.1 20121112 004410 20121212 004410
143.27 2.7 20121024 001812 20121123 001812
134.12 -15.77 20120924 021726 20121024 021726
120.51 -5.44 20121022 045758 20121121 045758
152.15 -24.6 20121125 005626 20121225 005626
137.55 -9.14 20120906 154245 20121006 154245
127.2 -9.15 20120918 135526 20121018 135526
150.28 -3.34 20121126 065903 20121226 065903
117.33 -9.49 20120805 014512 20120904 014512
140.04 2.88 20120804 093738 20120903 093738
147.26 -0.79 20121017 190640 20121116 190640
125.61 -21.68 20120924 080739 20121024 080739
150.66 -31.38 20121008 152541 20121107 152541
136.81 -3.85 20120914 043046 20121014 043046
136.32 -19.41 20120913 120657 20121013 120657
156.16 -31.35 20121106 122025 20121206 122025
158.28 4.76 20121106 163639 20121206 163639
158.56 -34.65 20121016 030017 20121115 030017
145.34 -14.13 20120821 041158 20120920 041158
114.77 -23.62 20120924 220942 20121024 220942
131.67 -31.98 20121112 100127 20121212 100127
148.56 -5.19 20121109 022950 20121209 022950
142.31 -8.01 20120808 162402 20120907 162402
157.28 -12.48 20120921 203114 20121021 203114
140.15 2.02 20120911 070418 20121011 070418
129.39 -10.02 20120904 104554 20121004 104554
149.56 -14.96 20120916 185450 20121016 185450
151.47 4.26 20120903 102252 20121003 102252
148.72 -21.82 20120918 063141 20121018 063141
116.85 -27.43 20120809 205928 20120908 205928
144.08 -7.24 20121112 182856 20121212 182856
134.68 -16.76 20120915 113004 20121015 113004
124.24 -23.29 20120902 113231 20121002 113231
137.94 -27.96 20120901 051930 20121001 051930
131.74 -5.34 20120905 175537 20121005 175537
125.85 -22.35 20120910 053923 20121010 053923
158.06 -22.81 20120828 091228 20120927 091228
156.65 -13.96 20121115 140005 20121215 140005
136.09 -6.37 20121009 185610 20121108 185610
118.82 -0.02 20121123 110823 20121223 110823
113.02 -19.44 20121023 013700 20121122 013700
154.65 -6.81 20120929 000037 20121029 000037
132.25 -0.51 20121111 152918 20121211 152918
156.9 -20.86 20121114 140440 20121214 140440
121.25 -31.91 20121001 025956 20121031 025956
121.77 -16.47 20120918 132855 20121018 132855
152.08 -19.01 20121003 125411 20121102 125411
132.25 -5.74 20121008 021352 20121107 021352
113.55 0.78 20120926 185749 20121026 185749
114.31 -11.77 20120827 053726 20120926 053726
116.21 -17.61 20120803 174708 20120902 174708
114.69 -1.45 20120923 043041 20121023 043041
137.5 -33.04 20120813 044117 20120912 044117
122.25 -12.75 20120929 091845 20121029 091845
147.35 4.55 20121020 012136 20121119 012136
115.06 -21.67 20120812 202209 20120911 202209
113.45 -15.73 20120905 055144 20121005 055144
124.47 -34.89 20121108 220928 20121208 220928
119.98 -27.73 20120811 011400 20120910 011400
155.97 -10.92 20120904 170549 20121004 170549
134.48 -0.52 20121117 112705 20121217 112705
126.53 -6.07 20120919 031032 20121019 031032
133.14 4.17 20120926 190954 20121026 190954
138.84 -30.48 20120922 143024 20121022 143024
145.18 -34.34 20121015 050420 20121114 050420
142.79 -31.69 20121105 225818 20121205 225818
123.48 -29.9 20121012 075949 20121111 075949
127.76 0.13 20120926 052210 20121026 052210
132.8 -15.25 20121009 010951 20121108 010951
132.22 -5.76 20121009 011419 20121108 011419
141.52 -15.87 20121029 030412 20121128 030412
115.1 -32.97 20121130 080439 20121230 080439
149.77 -6.05 20121105 120123 20121205 120123
115.48 -13.33 20120917 103054 20121017 103054
134.2 -26.8 20120823 051038 20120922 051038
157.19 -5.09 20121026 220851 20121125 220851
148.69 -7.11 20120915 134218 20121015 134218
141.28 -10.19 20120906 142214 20121006 142214
140.77 -32.69 20120818 185009 20120917 185009
121.69 -34.2 20121005 205834 20121104 205834
124.95 -24.93 20120815 034529 20120914 034529
157.15 -21.98 20121128 173316 20121228 173316
139.94 -20.52 20120817 175915 20120916 175915
116.91 -21.84 20121113 114647 20121213 114647
137.56 -31.04 20120908 035447 20121008 035447
114.05 -29.04 20120817 193647 20120916 193647
134.3 -1.8 20120904 151642 20121004 151642
137.57 -23.24 20120917 205236 20121017 205236
140.65 -26.48 20121105 021108 20121205 021108
129.19 -31.54 20120925 045449 20121025 045449
118.05 3.88 20120922 114413 20121022 114413
152.69 3.49 20121018 051234 20121117 051234
136.46 -12.44 20121125 130802 20121225 130802
154.92 -1.26 20120921 085959 20121021 085959
117.52 -3.54 20120831 054011 20120930 054011
153.25 -16.05 20121022 195642 20121121 195642
123.35 -12.67 20120913 133216 20121013 133216
141.21 3.28 20121007 225223 20121106 225223
153.63 3.22 20120809 014545 20120908 014545
119.06 -4.32 20121009 170553 20121108 170553
130 0.56 20120908 011925 20121008 011925
147.3 -32.5 20121025 221822 20121124 221822
149.82 -31.35 20121121 212437 20121221 212437
142.74 -26.74 20121105 235835 20121205 235835
121.69 -2.95 20121124 232039 20121224 232039
138.94 -15.19 20121021 173149 20121120 173149
144.32 -22.17 20121124 084029 20121224 084029
128.37 1.82 20121129 174518 20121229 174518
136.48 -5.75 20120928 001107 20121028 001107
122.45 2.07 20121117 011547 20121217 011547
153.23 -11.29 20120920 142805 20121020 142805
153.69 -14.5 20120914 204421 20121014 204421
115.61 -24.7 20120812 230934 20120911 230934
134.87 -2.76 20120911 015612 20121011 015612
149.57 -29.24 20121123 051252 20121223 051252
145.89 -29.88 20121020 173827 20121119 173827
124.15 4.65 20120827 071041 20120926 071041
120.3 -5.67 20120810 014040 20120909 014040
136.79 -31.77 20121122 141759 20121222 141759
143.79 -23.63 20120806 133407 20120905 133407
136.47 -4.25 20121028 021657 20121127 021657
120.06 -6.78 20121010 054226 20121109 054226
133.8 -2.98 20120916 222827 20121016 222827
119.75 -28.72 20121021 152616 20121120 152616
154.29 3.29 20121119 011131 20121219 011131
141.68 -14.83 20120827 151957 20120926 151957
145.27 -29.13 20121124 142710 20121224 142710
152.66 -25.55 20121025 091548 20121124 091548
115.01 -20.93 20121110 234204 20121210 234204
139.46 -22.56 20121103 100045 20121203 100045
123.74 -9.11 20120902 094035 20121002 094035
139.6 -3.15 20120903 114604 20121003 114604
156.43 -12.19 20120829 110541 20120928 110541
154.85 0.77 20121001 194253 20121031 194253
119.83 -26.13 20121104 184051 20121204 184051
132.23 -12.71 20121122 234532 20121222 234532
156.82 -11.03 20120915 201137 20121015 201137
115.93 -25.56 20120930 094521 20121030 094521
136.61 -30.73 20120903 142726 20121003 142726
155.46 -7.74 20120921 162909 20121021 162909
140.76 2.61 20120819 145139 20120918 145139
157.89 2.6 20121024 230021 20121123 230021
146.47 -3.78 20120906 115357 20121006 115357
123.88 -11.32 20120915 060246 20121015 060246
132.56 -8.57 20121114 003637 20121214 003637
145.58 -5.05 20121109 091322 20121209 091322
145.52 3.22 20120823 192652 20120922 192652
118.7 -17.2 20120824 062801 20120923 062801
155.12 -5.23 20120812 230754 20120911 230754
153.51 -1.53 20121009 161904 20121108 161904
147.46 -4.69 20120814 074343 20120913 074343
113.47 -13.47 20120922 205513 20121022 205513
142.99 0.15 20121104 202638 20121204 202638
120.44 -5.64 20121003 060909 20121102 060909
128.03 -5.72 20121111 175509 20121211 175509
132.15 -11.4 20120913 150613 20121013 150613
125.98 -3.34 20121121 015527 20121221 015527
131.49 -22.44 20121023 214229 20121122 214229
123.34 0.58 20120820 105537 20120919 105537
158.9 -8.6 20120928 005625 20121028 005625
123.61 -20.23 20121112 090558 20121212 090558
136.18 -20.47 20120819 051512 20120918 051512
113.4 -3.63 20120822 201008 20120921 201008
156.17 -32.32 20121026 204145 20121125 204145
118.85 -32.41 20121115 162146 20121215 162146
115.94 -19.01 20120813 104509 20120912 104509
147.04 -31.88 20121126 200833 20121226 200833
140.28 -28.86 20120808 004049 20120907 004049
154.53 -1.48 20121109 085629 20121209 085629
119.73 -30.26 20121125 201504 20121225 201504
125.62 -10.07 20120822 052804 20120921 052804
139.85 -26.35 20120917 060853 20121017 060853
121.26 -32.67 20121128 053219 20121228 053219
125.75 -12.37 20120809 190657 20120908 190657
156.71 -21.87 20121026 193531 20121125 193531
158.94 -4.06 20121008 131913 20121107 131913
138.02 -28.04 20120919 161721 20121019 161721
125.27 0.49 20121113 182644 20121213 182644
113.75 -22.16 20121031 121144 20121130 121144
122.98 -34.38 20121003 142054 20121102 142054
137.09 0.12 20121102 080511 20121202 080511
157.74 -32.21 20121013 071249 20121112 071249
116.92 -31.96 20121024 202101 20121123 202101
118.82 -0.96 20121030 054707 20121129 054707
126.09 -21.17 20121111 145119 20121211 145119
124.31 -29.45 20121113 022212 20121213 022212
140.35 -21.3 20121118 221310 20121218 221310
157.7 -34.94 20120920 184926 20121020 184926
150.57 -12.26 20120805 201545 20120904 201545
154.47 -11.99 20120918 084859 20121018 084859
113.73 -22.8 20120813 001516 20120912 001516
131.46 -15.39 20120811 212533 20120910 212533
121.72 0.87 20120827 071546 20120926 071546
126.25 3.29 20120813 221236 20120912 221236
114 4.4 20120824 151658 20120923 151658
156.46 -2.73 20121118 071736 20121218 071736
134.48 -31.83 20120822 001114 20120921 001114
114.12 -28.66 20120929 210730 20121029 210730
153.16 -9.15 20121126 051754 20121226 051754
158.23 -10.83 20120909 101604 20121009 101604
134.13 3.85 20120814 220707 20120913 220707
123.67 0.21 20120810 111348 20120909 111348
156.77 -27.16 20121019 054811 20121118 054811
140.89 -19.75 20120924 081207 20121024 081207
156.37 -21.35 20120927 121356 20121027 121356
155.53 1.5 20121125 063811 20121225 063811
143.23 -17.16 20121124 085644 20121224 085644
122.76 -32.1 20120816 054817 20120915 054817
150.75 -10.24 20120827 105255 20120926 105255
138.48 -24.87 20120905 070552 20121005 070552
155.88 -2.19 20120928 012739 20121028 012739
132.45 -29.91 20120805 014537 20120904 014537
139.82 4.5 20121028 195311 20121127 195311
158.46 -6.91 20121015 140229 20121114 140229
130.65 -12.09 20121018 132548 20121117 132548
116.9 -5.04 20120818 193243 20120917 193243
150.92 -18.04 20121112 024823 20121212 024823
132.87 2.42 20121108 082314 20121208 082314
152.64 0.06 20121117 015645 20121217 015645
157.81 -9.56 20121003 213017 20121102 213017
143.74 -25.04 20121014 083956 20121113 083956
153.72 -34.74 20120830 170927 20120929 170927
114.76 -34.47 20121002 054132 20121101 054132
127.79 -9.98 20121117 223304 20121217 223304
126.69 -26.14 20121129 013015 20121229 013015
140.61 1.97 20120913 041623 20121013 041623
149.56 -3.97 20121108 225022 20121208 225022
125.91 -8.91 20121118 103505 20121218 103505
113.13 -0.28 20121007 052056 20121106 052056
120.61 2.11 20121102 121748 20121202 121748
149.64 -10.88 20120817 153757 20120916 153757
145.35 -10.48 20121029 210501 20121128 210501
117.23 2.52 20120927 151557 20121027 151557
123.5 -19.63 20120915 051640 20121015 051640
132.29 -27.99 20121006 044521 20121105 044521
116.48 -22.06 20120817 155914 20120916 155914
135.49 -17.22 20120930 045348 20121030 045348
128.74 -22.01 20121004 112828 20121103 112828
114.65 -22.68 20121129 131208 20121229 131208
113.46 -31.6 20120903 050129 20121003 050129
126.55 -24.95 20121028 122427 20121127 122427
123.68 0.58 20120918 000052 20121018 000052
157.1 1.43 20121118 211459 20121218 211459
148.75 -34.21 20120910 101326 20121010 101326
138.98 -1.85 20121004 000832 20121103 000832
118.51 -8.77 20120915 141307 20121015 141307
157.16 -22.89 20120808 063159 20120907 063159
155.52 -22.69 20120911 110921 20121011 110921
145.44 -1.05 20120830 051315 20120929 051315
156.94 -5.95 20120906 234408 20121006 234408
132.29 -16.29 20120831 052147 20120930 052147
149.48 -9.72 20120928 140549 20121028 140549
115.64 -6.2 20121124 081721 20121224 081721
131.15 -24.89 20120919 181931 20121019 181931
137.08 -11.23 20120910 001313 20121010 001313
131.35 -26.75 20120924 172433 20121024 172433
121.52 -32.82 20120819 143425 20120918 143425
134.9 0.04 20120915 063426 20121015 063426
150.73 -26.33 20120807 030715 20120906 030715
124.97 -17.82 20120916 231834 20121016 231834
137.36 -13.1 20121127 141132 20121227 141132
119.37 0.71 20120907 151910 20121007 151910
147.68 -6.09 20121017 124500 20121116 124500
118.57 -11.03 20120913 205531 20121013 205531
150.41 -22.19 20121030 023658 20121129 023658
132.31 -26.18 20121025 064504 20121124 064504
158.65 1.19 20121109 174612 20121209 174612
155.48 1.94 20121102 134557 20121202 134557
113.86 -25.85 20121102 215928 20121202 215928
141.05 -3.14 20121006 073508 20121105 073508
114.54 -8.87 20121201 055713 20121231 055713
156.08 -13.21 20120907 052705 20121007 052705
115.08 -0.48 20121015 044912 20121114 044912
137.11 -25.27 20120911 233728 20121011 233728
124.92 -28.81 20120818 022826 20120917 022826
116.15 3.91 20121102 224000 20121202 224000
150.74 4.39 20120811 065644 20120910 065644
157.4 -25.18 20120806 122547 20120905 122547
119.4 -34.07 20121112 210242 20121212 210242
155.72 -31.31 20120923 084829 20121023 084829
133.96 -18.97 20120918 182922 20121018 182922
138.81 -11.65 20120821 191638 20120920 191638
152.32 -7.92 20121122 180039 20121222 180039
146.65 -10.12 20121008 032741 20121107 032741
114.29 -30.7 20120820 201128 20120919 201128
123.47 3.49 20120902 160010 20121002 160010
114.03 -1.85 20120820 183141 20120919 183141
149.2 -27.93 20120815 051155 20120914 051155
