8.9 55.55 20140814 235859 20140913 235859
2.49 55.52 20141122 001450 20141222 001450
22.37 57.21 20141017 003659 20141116 003659
11.69 50.63 20140908 215455 20141008 215455
21.33 53.31 20140830 175732 20140929 175732
0.81 56.23 20140814 095653 20140913 095653
20.5 58.19 20141013 002025 20141112 002025
9.26 44.72 20140822 002846 20140921 002846
-2.88 50.9 20140813 131019 20140912 131019
-7.55 51.2 20141014 121152 20141113 121152
-2.54 56.44 20140918 064019 20141018 064019
10.88 58.06 20141025 052710 20141124 052710
1.65 48.6 20140812 113255 20140911 113255
-4.68 56.46 20140909 062023 20141009 062023
9.78 52.68 20141009 160943 20141108 160943
-5.15 47.67 20141106 053241 20141206 053241
-5.4 55.4 20141114 184426 20141214 184426
19.56 51.34 20141123 032431 20141223 032431
-6.57 54.24 20141101 203841 20141201 203841
-7.84 44.46 20140911 154754 20141011 154754
-2.15 42.05 20141129 145756 20141229 145756
2.72 48.88 20140810 091404 20140909 091404
3.89 59.74 20140927 193218 20141027 193218
14.02 58.47 20141125 152619 20141225 152619
13.18 53.85 20141022 234138 20141121 234138
2.8 51.74 20140819 183004 20140918 183004
0.04 52.84 20141110 095740 20141210 095740
15.86 56.26 20140921 050528 20141021 050528
-1.88 50.73 20141008 110257 20141107 110257
0.63 43.98 20140921 180423 20141021 180423
23.38 58.08 20141014 022803 20141113 022803
-4.13 49.79 20140918 235554 20141018 235554
16.41 44.6 20140813 135528 20140912 135528
-2.92 43.51 20141109 181425 20141209 181425
7.85 42.69 20141111 093330 20141211 093330
24.18 56.88 20141017 021918 20141116 021918
-2.37 52.05 20140920 030744 20141020 030744
24.33 43.47 20140815 164330 20140914 164330
14.85 58.66 20141021 043814 20141120 043814
25.46 57.56 20141104 100505 20141204 100505
-6.35 59.29 20141025 004315 20141124 004315
8.04 49.74 20140927 090955 20141027 090955
25.34 47 20140927 145458 20141027 145458
-4.47 52.23 20141025 115143 20141124 115143
20.61 48.19 20140814 230029 20140913 230029
24.88 53.33 20140914 093504 20141014 093504
-2.08 53.85 20141019 220818 20141118 220818
-2.23 57.93 20141126 090756 20141226 090756
7.91 45.91 20140805 132618 20140904 132618
22.94 45.9 20140821 123715 20140920 123715
0.94 43.02 20141025 062416 20141124 062416
-2.21 43.48 20140827 235703 20140926 235703
4.55 55.58 20140810 150415 20140909 150415
24.68 51.94 20140912 081943 20141012 081943
22.56 51.04 20140806 032638 20140905 032638
16.02 53.45 20140816 144415 20140915 144415
10.48 48.5 20141025 132554 20141124 132554
6.95 50.79 20140902 070816 20141002 070816
12 59.22 20140815 223622 20140914 223622
-6.87 44.8 20140818 032331 20140917 032331
-5.39 49.47 20140824 035037 20140923 035037
17.73 44.52 20140929 031523 20141029 031523
-2.57 58.83 20140915 002712 20141015 002712
5.38 56.85 20140820 162134 20140919 162134
8.7 53.9 20141009 033602 20141108 033602
16.09 52.86 20140903 072045 20141003 072045
4.89 55.04 20140812 215835 20140911 215835
19.64 51.11 20140829 010822 20140928 010822
6.66 43.73 20140926 192336 20141026 192336
20.34 53.81 20140824 163640 20140923 163640
21.44 58.6 20141109 002634 20141209 002634
-6.62 46.23 20140919 190527 20141019 190527
-3.42 42.72 20141015 161121 20141114 161121
17.55 54.3 20141127 223328 20141227 223328
-0.2 45.07 20141009 164023 20141108 164023
7.91 46.04 20140807 050058 20140906 050058
9.32 57.9 20141002 222416 20141101 222416
5.09 56.15 20140902 135158 20141002 135158
22.03 48.1 20141024 014608 20141123 014608
-2.57 47.92 20140923 130506 20141023 130506
14.88 46.29 20141105 131724 20141205 131724
9.69 41.09 20141112 060743 20141212 060743
6.32 54.65 20140918 214848 20141018 214848
20.23 41.21 20141110 164213 20141210 164213
6.15 46.99 20141016 000634 20141115 000634
19.51 53.4 20141107 205407 20141207 205407
6.74 46.99 20140927 233957 20141027 233957
-0.92 41.5 20141128 071044 20141228 071044
16.23 54.62 20140916 160350 20141016 160350
-5.34 54.48 20140808 200840 20140907 200840
-0.46 43.61 20140814 223021 20140913 223021
20.41 41.85 20140806 102716 20140905 102716
23.84 56.64 20141001 002653 20141031 002653
-8.42 49.76 20140930 193047 20141030 193047
15.6 41.01 20140818 011003 20140917 011003
-5.18 49.22 20140921 230225 20141021 230225
-6.57 50.03 20141006 140710 20141105 140710
5.56 45.53 20140810 142605 20140909 142605
6.08 41.96 20141019 025847 20141118 025847
16.73 56.23 20140829 011119 20140928 011119
-8.81 52.01 20141125 074104 20141225 074104
-3.44 41.01 20140904 013024 20141004 013024
13.26 54.86 20140903 172213 20141003 172213
-0.45 44.34 20140910 162147 20141010 162147
-6.07 52.19 20141017 003547 20141116 003547
3.08 58.33 20140807 195451 20140906 195451
2.41 56.87 20141017 070614 20141116 070614
-0.74 41.96 20140817 221101 20140916 221101
19.53 57.77 20141123 171346 20141223 171346
12.45 58.11 20141028 113239 20141127 113239
15.16 42.57 20141025 101558 20141124 101558
6.42 53.24 20141028 012758 20141127 012758
24.68 46.78 20140914 090738 20141014 090738
-8.13 58.93 20140901 185109 20141001 185109
-3.43 52.85 20141003 014044 20141102 014044
7 54.46 20141007 050311 20141106 050311
-0.25 50 20140820 120114 20140919 120114
17.73 59.24 20140818 151159 20140917 151159
24.85 53.89 20141023 185035 20141122 185035
12.07 46.51 20141101 084701 20141201 084701
19.09 43.03 20141117 215959 20141217 215959
-2.89 58.44 20140912 181148 20141012 181148
-2.78 53.27 20141118 173901 20141218 173901
-7.77 57.45 20141111 181546 20141211 181546
3.39 45.67 20140818 101002 20140917 101002
7.76 57.95 20140915 163831 20141015 163831
6.68 57.82 20141014 142404 20141113 142404
23.43 46.81 20140924 101102 20141024 101102
-8.22 51.53 20141107 054436 20141207 054436
-0.78 43.21 20140821 082743 20140920 082743
0.43 44.55 20140907 103247 20141007 103247
20.24 53.29 20140807 174936 20140906 174936
2.04 48.08 20141019 082532 20141118 082532
-1.19 45.97 20141103 110130 20141203 110130
0.44 45.78 20141104 173325 20141204 173325
20.83 48.82 20140806 140442 20140905 140442
-6.14 42.25 20141025 012704 20141124 012704
11.07 49.18 20140804 052120 20140903 052120
2.92 59.7 20141101 153744 20141201 153744
9.17 41.07 20140816 165901 20140915 165901
-4.03 54.34 20140907 140417 20141007 140417
1.68 48.73 20141122 150145 20141222 150145
-3.49 58.66 20140825 140611 20140924 140611
-6.81 54.5 20141120 083312 20141220 083312
21.32 50.64 20140924 050551 20141024 050551
-1.79 45.81 20141113 021513 20141213 021513
16.02 43.52 20141031 163956 20141130 163956
-8.95 52.67 20140811 140237 20140910 140237
21.42 53.8 20140921 220342 20141021 220342
1.43 42.43 20140823 193912 20140922 193912
14.17 44.73 20140927 092412 20141027 092412
-0.91 46.87 20141127 032139 20141227 032139
-7.22 41.37 20141009 114543 20141108 114543
21.11 55.19 20141110 214041 20141210 214041
19.33 54.23 20140812 145422 20140911 145422
18.84 49.4 20141118 004941 20141218 004941
21.27 44.88 20141022 035125 20141121 035125
-5.38 57.94 20140811 234042 20140910 234042
20.87 57.58 20140813 140647 20140912 140647
9.95 45.42 20140928 032744 20141028 032744
-8.82 53.67 20141123 020027 20141223 020027
-0.65 49.5 20141003 085434 20141102 085434
1.24 57.27 20140821 103909 20140920 103909
4.35 48.49 20141124 150313 20141224 150313
-1.66 56.8 20140916 181749 20141016 181749
11.55 44.72 20140811 211806 20140910 211806
-0.91 43.3 20141118 191039 20141218 191039
20.64 50.22 20140913 171428 20141013 171428
19.18 56.15 20140830 000413 20140929 000413
10.66 53.09 20140806 180829 20140905 180829
7.95 54.54 20141020 115809 20141119 115809
0.76 51.52 20141005 130023 20141104 130023
0.67 41.54 20141129 211000 20141229 211000
-6.16 43.85 20141013 030657 20141112 030657
9.86 52.24 20141108 070414 20141208 070414
18.58 44.51 20141130 185622 20141230 185622
10.18 44.64 20141009 193315 20141108 193315
3.13 50 20141029 230654 20141128 230654
21.81 43.64 20141106 225337 20141206 225337
4.22 56.26 20141013 211108 20141112 211108
16.45 53.23 20140901 002144 20141001 002144
-9 46.57 20141015 024330 20141114 024330
14.11 49.38 20141110 021620 20141210 021620
22.91 52.06 20140803 133917 20140902 133917
24.43 58.66 20140807 173112 20140906 173112
19.27 46.18 20141029 180859 20141128 180859
-5.46 55.33 20140924 130726 20141024 130726
14.23 57.34 20141011 145310 20141110 145310
11.41 50.04 20141016 073912 20141115 073912
-2.25 59.61 20141102 131925 20141202 131925
-5.52 49.67 20140916 034225 20141016 034225
3.89 46.15 20140814 175748 20140913 175748
10.27 43.19 20140928 200510 20141028 200510
-3.07 53.39 20141115 123600 20141215 123600
22.16 45.24 20141031 054820 20141130 054820
-6.44 56.63 20140921 042113 20141021 042113
-3.62 44.67 20141122 161607 20141222 161607
22.39 41.61 20141122 230403 20141222 230403
7.97 53.59 20141102 115945 20141202 115945
25.61 55.27 20140807 125927 20140906 125927
3.59 56.57 20140830 165939 20140929 165939
18.06 43.21 20141129 164708 20141229 164708
14.14 42.78 20141013 073459 20141112 073459
22.36 52.3 20141129 174822 20141229 174822
9.41 45.41 20141014 114402 20141113 114402
2.35 52.86 20140913 064829 20141013 064829
-8.1 41.6 20140930 203738 20141030 203738
12.84 45.28 20141018 001205 20141117 001205
3.89 52.58 20141113 203321 20141213 203321
24.35 42.11 20141023 060226 20141122 060226
0.87 59.6 20140822 133249 20140921 133249
20.48 57.06 20141006 085346 20141105 085346
7.06 56.42 20141107 062721 20141207 062721
3.48 47.41 20141024 151421 20141123 151421
22.94 44.28 20141120 013748 20141220 013748
18.22 50.25 20140924 201047 20141024 201047
-8.22 57.34 20140816 115439 20140915 115439
23.14 48.03 20141018 111505 20141117 111505
4.22 44.4 20140905 025959 20141005 025959
9.72 52.43 20141022 093724 20141121 093724
10.58 52.35 20141012 233647 20141111 233647
-2.05 56.85 20140910 032240 20141010 032240
12.54 42.97 20140929 234919 20141029 234919
6.62 49.85 20141127 181837 20141227 181837
13.85 57.77 20141125 130658 20141225 130658
3.54 55.52 20140828 221629 20140927 221629
-4.27 58.47 20141028 164931 20141127 164931
18.85 53.28 20140908 104205 20141008 104205
9.69 46.61 20141004 234225 20141103 234225
23.87 47.74 20140816 040206 20140915 040206
16.01 56.85 20141105 065556 20141205 065556
8.67 45.49 20141117 223734 20141217 223734
4.23 55.25 20140818 183137 20140917 183137
-7.97 58.53 20141118 085119 20141218 085119
24.65 47.44 20141122 035428 20141222 035428
13.91 51.28 20140907 195246 20141007 195246
-5.21 56.32 20141030 155759 20141129 155759
18.52 48.97 20140822 013627 20140921 013627
18.07 46.97 20140918 193241 20141018 193241
20.35 46.23 20140820 145335 20140919 145335
1.71 44.2 20141011 095237 20141110 095237
7.46 50.7 20140822 012400 20140921 012400
15.09 42.84 20140912 181008 20141012 181008
16.99 49.73 20140911 184431 20141011 184431
15.7 53.92 20140915 195237 20141015 195237
6.61 53.32 20141110 201144 20141210 201144
9.49 55.64 20140831 102256 20140930 102256
6.15 56.89 20140814 154030 20140913 154030
-2.76 50.29 20141027 031312 20141126 031312
17.04 42.63 20141020 011428 20141119 011428
5.63 43.64 20140927 124355 20141027 124355
22.44 45.8 20141016 065611 20141115 065611
-3.21 45.58 20141124 152036 20141224 152036
18.87 58.13 20141129 211714 20141229 211714
-1.05 58.56 20140818 125005 20140917 125005
23.55 45.07 20141130 054637 20141230 054637
-4.09 49.16 20141028 095218 20141127 095218
0.38 56.24 20141108 064437 20141208 064437
-7.7 47.77 20140822 093410 20140921 093410
14.72 49.51 20140806 111653 20140905 111653
0.67 50 20141006 085303 20141105 085303
3.66 44.91 20140910 191036 20141010 191036
4.6 41.54 20141027 073641 20141126 073641
5.77 42.12 20141115 030339 20141215 030339
-1.45 52.86 20140818 103856 20140917 103856
9.08 56.77 20140919 081918 20141019 081918
16.18 45.77 20141101 023549 20141201 023549
-4.4 51.71 20141115 093524 20141215 093524
-0.04 46.18 20140807 173258 20140906 173258
-1.14 52.1 20140924 104244 20141024 104244
6 41.25 20141006 231812 20141105 231812
19.47 53.36 20140828 104801 20140927 104801
-3.83 58.68 20140818 141607 20140917 141607
20.53 42.77 20140807 184203 20140906 184203
10.62 58.72 20141014 064703 20141113 064703
22.63 49.12 20140908 001203 20141008 001203
3.82 59.83 20140824 060649 20140923 060649
11.61 57.4 20141019 120557 20141118 120557
23.45 55.65 20141126 181420 20141226 181420
17.6 57.17 20140823 162927 20140922 162927
8.12 43.83 20141119 104101 20141219 104101
14.24 55.71 20140830 102758 20140929 102758
20.21 56.96 20140918 024034 20141018 024034
23.8 59.46 20141119 232448 20141219 232448
-0.2 59.86 20140915 030518 20141015 030518
5.21 46.67 20141015 053129 20141114 053129
-0.18 55.34 20141117 013316 20141217 013316
-7.54 43.38 20140915 234237 20141015 234237
16 44.05 20141011 071742 20141110 071742
-2.99 52 20140919 031135 20141019 031135
24.45 44.47 20141021 224217 20141120 224217
19.11 45.88 20141112 030945 20141212 030945
20.94 51.54 20140916 203318 20141016 203318
-3.25 55.25 20141004 091319 20141103 091319
-7.49 56.74 20141019 161503 20141118 161503
16.6 47.18 20141007 062753 20141106 062753
25.69 50.03 20140914 093025 20141014 093025
9.57 44.12 20141021 141845 20141120 141845
8.54 52.14 20141121 102705 20141221 102705
1.91 50.7 20141118 171523 20141218 171523
9.67 42.46 20141015 053537 20141114 053537
4.24 46.98 20140914 192936 20141014 192936
10.34 55.95 20141012 151825 20141111 151825
22.91 55.94 20141026 165023 20141125 165023
0.04 47.12 20140816 064208 20140915 064208
13.41 48.62 20140909 152321 20141009 152321
7.34 43.12 20141005 220323 20141104 220323
15.87 54.14 20140928 222914 20141028 222914
-4 52.47 20140830 170836 20140929 170836
-6.18 42.3 20140910 162423 20141010 162423
19.46 52.85 20140920 073601 20141020 073601
20.45 49.04 20140927 191215 20141027 191215
11.13 49.09 20141010 095840 20141109 095840
7.78 57.62 20140814 230632 20140913 230632
1.4 46.69 20141106 004932 20141206 004932
-2.81 41.89 20140901 203850 20141001 203850
18.92 48.99 20141122 031100 20141222 031100
8.06 43.7 20141115 074931 20141215 074931
2.85 49.06 20140806 040338 20140905 040338
8.93 58.02 20140827 063324 20140926 063324
25.19 45.73 20141006 052010 20141105 052010
9.87 52.45 20140924 104224 20141024 104224
1.94 52.02 20141126 221335 20141226 221335
4.32 51.9 20141114 021531 20141214 021531
-6.5 44.72 20140805 014831 20140904 014831
25.45 52.85 20141019 002147 20141118 002147
0.33 59.55 20141118 084007 20141218 084007
10.56 58.73 20141020 145927 20141119 145927
19.93 46.85 20141015 061613 20141114 061613
20.51 48.4 20140923 180311 20141023 180311
19.49 44.67 20141116 004046 20141216 004046
3.49 42.91 20140817 212547 20140916 212547
9.12 47.46 20140917 231955 20141017 231955
3.06 59.73 20140826 095738 20140925 095738
-2.21 47.23 20141003 043517 20141102 043517
14.56 57.05 20141124 002620 20141224 002620
7.07 57.47 20141118 035734 20141218 035734
1.31 49.74 20140904 050319 20141004 050319
19.15 52.37 20141007 161824 20141106 161824
20.9 46.43 20140905 202907 20141005 202907
16.42 47.76 20140928 054420 20141028 054420
22.62 52.67 20141118 212843 20141218 212843
17.43 56.85 20140915 030040 20141015 030040
25.87 50.5 20140903 213005 20141003 213005
0.61 53.48 20141012 200836 20141111 200836
12.73 44.98 20141129 032434 20141229 032434
1.34 55.32 20141008 142858 20141107 142858
12.27 46.22 20140903 200516 20141003 200516
13.7 54.26 20140819 101459 20140918 101459
-0.97 58.84 20140823 072447 20140922 072447
-5.21 59.19 20140927 211802 20141027 211802
20.67 42.11 20141116 235435 20141216 235435
-5.49 52.18 20140815 091923 20140914 091923
3.81 51.8 20141103 122635 20141203 122635
21.7 49.12 20141004 235702 20141103 235702
3.48 59.03 20141025 011428 20141124 011428
-3.97 56.26 20141125 063924 20141225 063924
